customer_id,company_name,industry,country,signup_date,account_status,plan_type,seats_x,is_trial_x,churn_flag_x,subscription_id,account_id_x,start_date,end_date,plan_tier,seats_y,mrr_amount,arr_amount,is_trial_y,upgrade_flag,downgrade_flag,churn_flag_y,billing_frequency,auto_renew_flag,total_usage,total_duration,total_errors,account_id_y,total_tickets,avg_satisfaction,total_escalations
A-2e4581,Company_0,EdTech,US,16-10-2024,partner,Basic,9,False,0,S-faa8ec,A-2e4581,09-12-2024,31-12-2026,Basic,11,209,2508,False,False,False,False,monthly,True,42.0,12313.0,0.0,A-2e4581,2.0,1.5,0.0
A-2e4581,Company_0,EdTech,US,16-10-2024,partner,Basic,9,False,0,S-b78829,A-2e4581,12-11-2024,31-12-2026,Pro,20,980,11760,False,False,False,False,monthly,True,46.0,13363.0,4.0,A-2e4581,2.0,1.5,0.0
A-2e4581,Company_0,EdTech,US,16-10-2024,partner,Basic,9,False,0,S-7ce677,A-2e4581,20-10-2024,31-12-2026,Pro,9,441,5292,False,False,False,False,monthly,True,44.0,9964.0,5.0,A-2e4581,2.0,1.5,0.0
A-2e4581,Company_0,EdTech,US,16-10-2024,partner,Basic,9,False,0,S-34a131,A-2e4581,29-11-2024,31-12-2026,Enterprise,9,1791,21492,False,False,False,False,annual,False,41.0,12772.0,6.0,A-2e4581,2.0,1.5,0.0
A-2e4581,Company_0,EdTech,US,16-10-2024,partner,Basic,9,False,0,S-1e349b,A-2e4581,13-11-2024,31-12-2026,Basic,102,1938,23256,False,False,False,False,monthly,True,66.0,23501.0,0.0,A-2e4581,2.0,1.5,0.0
A-2e4581,Company_0,EdTech,US,16-10-2024,partner,Basic,9,False,0,S-d24841,A-2e4581,17-11-2024,31-12-2026,Pro,9,0,0,True,True,False,False,annual,True,78.0,19897.0,4.0,A-2e4581,2.0,1.5,0.0
A-2e4581,Company_0,EdTech,US,16-10-2024,partner,Basic,9,False,0,S-c4cef7,A-2e4581,25-10-2024,31-12-2026,Pro,13,637,7644,False,False,False,False,annual,False,60.0,21235.0,2.0,A-2e4581,2.0,1.5,0.0
A-2e4581,Company_0,EdTech,US,16-10-2024,partner,Basic,9,False,0,S-3d7bed,A-2e4581,22-12-2024,31-12-2026,Basic,44,836,10032,False,False,False,False,monthly,True,82.0,24336.0,5.0,A-2e4581,2.0,1.5,0.0
A-2e4581,Company_0,EdTech,US,16-10-2024,partner,Basic,9,False,0,S-e79dbc,A-2e4581,30-10-2024,31-12-2026,Pro,66,0,0,True,False,False,False,monthly,True,58.0,10578.0,7.0,A-2e4581,2.0,1.5,0.0
A-2e4581,Company_0,EdTech,US,16-10-2024,partner,Basic,9,False,0,S-d4d459,A-2e4581,19-12-2024,31-12-2026,Enterprise,29,5771,69252,False,False,False,False,monthly,True,18.0,4380.0,5.0,A-2e4581,2.0,1.5,0.0
A-43a9e3,Company_1,FinTech,IN,17-08-2023,other,Basic,18,False,1,S-f3274c,A-43a9e3,07-02-2024,31-12-2026,Pro,18,882,10584,False,False,False,False,annual,False,30.0,5319.0,0.0,A-43a9e3,3.0,4.0,0.0
A-43a9e3,Company_1,FinTech,IN,17-08-2023,other,Basic,18,False,1,S-8e5fd4,A-43a9e3,09-03-2024,31-12-2026,Basic,27,513,6156,False,True,False,False,annual,True,69.0,28506.0,4.0,A-43a9e3,3.0,4.0,0.0
A-43a9e3,Company_1,FinTech,IN,17-08-2023,other,Basic,18,False,1,S-fa8c75,A-43a9e3,08-07-2024,31-12-2026,Pro,18,882,10584,False,False,False,False,monthly,True,40.0,9880.0,1.0,A-43a9e3,3.0,4.0,0.0
A-43a9e3,Company_1,FinTech,IN,17-08-2023,other,Basic,18,False,1,S-df262a,A-43a9e3,06-11-2023,31-12-2026,Enterprise,28,5572,66864,False,True,False,False,monthly,True,71.0,20207.0,4.0,A-43a9e3,3.0,4.0,0.0
A-43a9e3,Company_1,FinTech,IN,17-08-2023,other,Basic,18,False,1,S-c80ac4,A-43a9e3,29-11-2023,31-12-2026,Basic,18,342,4104,False,False,False,False,annual,True,21.0,5082.0,0.0,A-43a9e3,3.0,4.0,0.0
A-43a9e3,Company_1,FinTech,IN,17-08-2023,other,Basic,18,False,1,S-9171f0,A-43a9e3,26-03-2024,31-12-2026,Basic,27,513,6156,False,False,False,False,annual,True,37.0,9036.0,0.0,A-43a9e3,3.0,4.0,0.0
A-43a9e3,Company_1,FinTech,IN,17-08-2023,other,Basic,18,False,1,S-0d2fb8,A-43a9e3,20-09-2023,31-12-2026,Basic,22,418,5016,False,False,False,False,annual,False,27.0,8745.0,5.0,A-43a9e3,3.0,4.0,0.0
A-43a9e3,Company_1,FinTech,IN,17-08-2023,other,Basic,18,False,1,S-726749,A-43a9e3,22-02-2024,31-12-2026,Pro,18,882,10584,False,True,False,False,annual,True,60.0,14361.0,0.0,A-43a9e3,3.0,4.0,0.0
A-0a282f,Company_2,DevTools,US,27-08-2024,organic,Basic,1,False,0,S-ce5450,A-0a282f,25-12-2024,28-12-2024,Pro,8,0,0,True,False,False,True,annual,True,80.0,24319.0,5.0,A-0a282f,3.0,4.666666666666667,0.0
A-0a282f,Company_2,DevTools,US,27-08-2024,organic,Basic,1,False,0,S-f615d2,A-0a282f,23-10-2024,31-12-2026,Pro,18,882,10584,False,True,False,False,monthly,True,40.0,19363.0,1.0,A-0a282f,3.0,4.666666666666667,0.0
A-0a282f,Company_2,DevTools,US,27-08-2024,organic,Basic,1,False,0,S-a346d6,A-0a282f,31-08-2024,25-09-2024,Enterprise,19,3781,45372,False,False,False,True,annual,True,39.0,9936.0,2.0,A-0a282f,3.0,4.666666666666667,0.0
A-0a282f,Company_2,DevTools,US,27-08-2024,organic,Basic,1,False,0,S-45baa6,A-0a282f,08-10-2024,31-12-2026,Pro,4,196,2352,False,False,False,False,monthly,True,35.0,9672.0,3.0,A-0a282f,3.0,4.666666666666667,0.0
A-0a282f,Company_2,DevTools,US,27-08-2024,organic,Basic,1,False,0,S-f32440,A-0a282f,06-10-2024,31-12-2026,Basic,40,760,9120,False,False,False,False,monthly,True,51.0,13598.0,2.0,A-0a282f,3.0,4.666666666666667,0.0
A-0a282f,Company_2,DevTools,US,27-08-2024,organic,Basic,1,False,0,S-973e8e,A-0a282f,28-09-2024,16-12-2024,Enterprise,6,1194,14328,False,False,False,True,annual,True,66.0,29054.0,2.0,A-0a282f,3.0,4.666666666666667,0.0
A-0a282f,Company_2,DevTools,US,27-08-2024,organic,Basic,1,False,0,S-d6106b,A-0a282f,16-10-2024,31-12-2026,Basic,6,114,1368,False,False,False,False,monthly,True,45.0,10776.0,6.0,A-0a282f,3.0,4.666666666666667,0.0
A-0a282f,Company_2,DevTools,US,27-08-2024,organic,Basic,1,False,0,S-22eb3c,A-0a282f,20-12-2024,31-12-2026,Basic,60,1140,13680,False,False,False,False,monthly,True,64.0,14775.0,6.0,A-0a282f,3.0,4.666666666666667,0.0
A-0a282f,Company_2,DevTools,US,27-08-2024,organic,Basic,1,False,0,S-3b98b1,A-0a282f,10-10-2024,31-12-2026,Enterprise,29,5771,69252,False,False,False,False,monthly,True,31.0,9311.0,1.0,A-0a282f,3.0,4.666666666666667,0.0
A-0a282f,Company_2,DevTools,US,27-08-2024,organic,Basic,1,False,0,S-fc7e8e,A-0a282f,11-10-2024,31-12-2026,Enterprise,2,398,4776,False,False,False,False,monthly,True,92.0,20861.0,4.0,A-0a282f,3.0,4.666666666666667,0.0
A-0a282f,Company_2,DevTools,US,27-08-2024,organic,Basic,1,False,0,S-897d69,A-0a282f,20-12-2024,31-12-2026,Pro,55,2695,32340,False,False,False,False,monthly,True,24.0,7867.0,0.0,A-0a282f,3.0,4.666666666666667,0.0
A-0a282f,Company_2,DevTools,US,27-08-2024,organic,Basic,1,False,0,S-561d54,A-0a282f,10-11-2024,31-12-2026,Pro,1,49,588,False,False,False,False,annual,True,99.0,32662.0,6.0,A-0a282f,3.0,4.666666666666667,0.0
A-0a282f,Company_2,DevTools,US,27-08-2024,organic,Basic,1,False,0,S-04fd47,A-0a282f,27-10-2024,31-12-2026,Basic,12,228,2736,False,False,False,False,annual,True,28.0,7483.0,2.0,A-0a282f,3.0,4.666666666666667,0.0
A-0a282f,Company_2,DevTools,US,27-08-2024,organic,Basic,1,False,0,S-b037c5,A-0a282f,07-10-2024,31-12-2026,Pro,20,980,11760,False,False,True,False,annual,True,72.0,23254.0,4.0,A-0a282f,3.0,4.666666666666667,0.0
A-0a282f,Company_2,DevTools,US,27-08-2024,organic,Basic,1,False,0,S-9c414f,A-0a282f,27-12-2024,31-12-2026,Pro,2,98,1176,False,False,False,False,annual,True,55.0,18279.0,4.0,A-0a282f,3.0,4.666666666666667,0.0
A-1f0ac7,Company_3,HealthTech,UK,27-08-2023,other,Basic,24,True,0,S-fccc09,A-1f0ac7,20-12-2024,31-12-2026,Pro,24,1176,14112,False,True,False,False,monthly,True,69.0,14673.0,3.0,A-1f0ac7,2.0,0.0,0.0
A-1f0ac7,Company_3,HealthTech,UK,27-08-2023,other,Basic,24,True,0,S-327a60,A-1f0ac7,03-05-2024,31-12-2026,Basic,47,893,10716,False,False,False,False,annual,True,41.0,14422.0,2.0,A-1f0ac7,2.0,0.0,0.0
A-1f0ac7,Company_3,HealthTech,UK,27-08-2023,other,Basic,24,True,0,S-e7e4bd,A-1f0ac7,15-02-2024,31-12-2026,Enterprise,24,4776,57312,False,False,False,False,annual,True,114.0,34523.0,8.0,A-1f0ac7,2.0,0.0,0.0
A-1f0ac7,Company_3,HealthTech,UK,27-08-2023,other,Basic,24,True,0,S-90229f,A-1f0ac7,11-07-2024,31-12-2026,Pro,24,0,0,True,True,False,False,monthly,True,26.0,4439.0,0.0,A-1f0ac7,2.0,0.0,0.0
A-1f0ac7,Company_3,HealthTech,UK,27-08-2023,other,Basic,24,True,0,S-12ed58,A-1f0ac7,14-11-2024,31-12-2026,Basic,32,608,7296,False,False,False,False,annual,True,16.0,8065.0,2.0,A-1f0ac7,2.0,0.0,0.0
A-1f0ac7,Company_3,HealthTech,UK,27-08-2023,other,Basic,24,True,0,S-da7f1f,A-1f0ac7,04-12-2023,31-12-2026,Pro,24,1176,14112,False,False,False,False,monthly,False,66.0,10437.0,4.0,A-1f0ac7,2.0,0.0,0.0
A-1f0ac7,Company_3,HealthTech,UK,27-08-2023,other,Basic,24,True,0,S-329803,A-1f0ac7,29-04-2024,31-12-2026,Basic,34,646,7752,False,False,False,False,monthly,False,50.0,15969.0,2.0,A-1f0ac7,2.0,0.0,0.0
A-ce550d,Company_4,HealthTech,US,27-10-2024,event,Enterprise,35,False,1,S-e1de58,A-ce550d,28-10-2024,31-12-2026,Enterprise,35,6965,83580,False,True,False,False,annual,True,18.0,7589.0,3.0,A-ce550d,7.0,2.7142857142857144,1.0
A-ce550d,Company_4,HealthTech,US,27-10-2024,event,Enterprise,35,False,1,S-6055d4,A-ce550d,13-11-2024,31-12-2026,Enterprise,35,0,0,True,False,False,False,monthly,True,56.0,24914.0,2.0,A-ce550d,7.0,2.7142857142857144,1.0
A-ce550d,Company_4,HealthTech,US,27-10-2024,event,Enterprise,35,False,1,S-4bfa1d,A-ce550d,21-12-2024,30-12-2024,Pro,35,1715,20580,False,False,False,True,monthly,True,44.0,17470.0,4.0,A-ce550d,7.0,2.7142857142857144,1.0
A-ce550d,Company_4,HealthTech,US,27-10-2024,event,Enterprise,35,False,1,S-c3cb12,A-ce550d,01-11-2024,31-12-2026,Enterprise,54,10746,128952,False,False,False,False,annual,False,87.0,32520.0,5.0,A-ce550d,7.0,2.7142857142857144,1.0
A-ce550d,Company_4,HealthTech,US,27-10-2024,event,Enterprise,35,False,1,S-d925e2,A-ce550d,16-12-2024,31-12-2026,Pro,35,1715,20580,False,False,False,False,annual,True,59.0,25151.0,0.0,A-ce550d,7.0,2.7142857142857144,1.0
A-ce550d,Company_4,HealthTech,US,27-10-2024,event,Enterprise,35,False,1,S-3cae3d,A-ce550d,04-12-2024,31-12-2026,Pro,35,1715,20580,False,False,False,False,annual,False,68.0,18159.0,5.0,A-ce550d,7.0,2.7142857142857144,1.0
A-ce550d,Company_4,HealthTech,US,27-10-2024,event,Enterprise,35,False,1,S-79d1e0,A-ce550d,31-12-2024,31-12-2024,Enterprise,109,21691,260292,False,False,False,True,monthly,True,117.0,46920.0,7.0,A-ce550d,7.0,2.7142857142857144,1.0
A-ce550d,Company_4,HealthTech,US,27-10-2024,event,Enterprise,35,False,1,S-16dc40,A-ce550d,16-11-2024,31-12-2026,Pro,51,2499,29988,False,True,False,False,monthly,True,72.0,25700.0,1.0,A-ce550d,7.0,2.7142857142857144,1.0
A-ce550d,Company_4,HealthTech,US,27-10-2024,event,Enterprise,35,False,1,S-7ac9dd,A-ce550d,24-11-2024,31-12-2026,Pro,35,1715,20580,False,False,False,False,annual,False,58.0,17356.0,4.0,A-ce550d,7.0,2.7142857142857144,1.0
A-1b9609,Company_5,EdTech,IN,12-10-2023,ads,Enterprise,4,False,0,S-86455a,A-1b9609,01-12-2023,31-12-2026,Pro,12,588,7056,False,False,False,False,monthly,True,61.0,12124.0,2.0,A-1b9609,4.0,0.75,0.0
A-1b9609,Company_5,EdTech,IN,12-10-2023,ads,Enterprise,4,False,0,S-ee53e8,A-1b9609,03-09-2024,31-12-2026,Basic,17,323,3876,False,False,False,False,annual,True,78.0,29657.0,1.0,A-1b9609,4.0,0.75,0.0
A-1b9609,Company_5,EdTech,IN,12-10-2023,ads,Enterprise,4,False,0,S-35cf1c,A-1b9609,17-02-2024,31-12-2026,Basic,49,931,11172,False,False,False,False,monthly,True,56.0,16796.0,2.0,A-1b9609,4.0,0.75,0.0
A-1b9609,Company_5,EdTech,IN,12-10-2023,ads,Enterprise,4,False,0,S-ba672b,A-1b9609,01-05-2024,31-12-2026,Pro,4,196,2352,False,False,False,False,annual,False,46.0,15095.0,0.0,A-1b9609,4.0,0.75,0.0
A-1b9609,Company_5,EdTech,IN,12-10-2023,ads,Enterprise,4,False,0,S-523cce,A-1b9609,28-08-2024,31-12-2026,Enterprise,30,5970,71640,False,False,False,False,monthly,True,43.0,12227.0,0.0,A-1b9609,4.0,0.75,0.0
A-1b9609,Company_5,EdTech,IN,12-10-2023,ads,Enterprise,4,False,0,S-80016a,A-1b9609,11-01-2024,31-12-2026,Enterprise,5,995,11940,False,False,False,False,monthly,True,7.0,2929.0,2.0,A-1b9609,4.0,0.75,0.0
A-1b9609,Company_5,EdTech,IN,12-10-2023,ads,Enterprise,4,False,0,S-4f3f73,A-1b9609,04-08-2024,12-08-2024,Pro,4,196,2352,False,False,False,True,annual,True,13.0,6630.0,3.0,A-1b9609,4.0,0.75,0.0
A-1b9609,Company_5,EdTech,IN,12-10-2023,ads,Enterprise,4,False,0,S-5d5699,A-1b9609,16-06-2024,31-12-2026,Enterprise,35,6965,83580,False,False,False,False,annual,True,46.0,14324.0,4.0,A-1b9609,4.0,0.75,0.0
A-1b9609,Company_5,EdTech,IN,12-10-2023,ads,Enterprise,4,False,0,S-afa7a7,A-1b9609,03-10-2024,31-12-2026,Enterprise,25,0,0,True,False,False,False,annual,True,27.0,5542.0,2.0,A-1b9609,4.0,0.75,0.0
A-1b9609,Company_5,EdTech,IN,12-10-2023,ads,Enterprise,4,False,0,S-34253c,A-1b9609,02-12-2023,31-12-2026,Basic,18,342,4104,False,False,False,False,annual,False,30.0,2655.0,3.0,A-1b9609,4.0,0.75,0.0
A-1b9609,Company_5,EdTech,IN,12-10-2023,ads,Enterprise,4,False,0,S-412125,A-1b9609,14-01-2024,31-12-2026,Basic,16,304,3648,False,False,False,False,monthly,True,50.0,22562.0,2.0,A-1b9609,4.0,0.75,0.0
A-a0ca4e,Company_6,Cybersecurity,US,08-03-2024,ads,Pro,11,False,0,S-e97b9f,A-a0ca4e,16-03-2024,31-12-2026,Enterprise,12,2388,28656,False,False,False,False,annual,True,30.0,11788.0,4.0,A-a0ca4e,6.0,3.1666666666666665,3.0
A-a0ca4e,Company_6,Cybersecurity,US,08-03-2024,ads,Pro,11,False,0,S-d26ff6,A-a0ca4e,01-12-2024,31-12-2026,Enterprise,26,5174,62088,False,False,False,False,monthly,True,44.0,13077.0,1.0,A-a0ca4e,6.0,3.1666666666666665,3.0
A-a0ca4e,Company_6,Cybersecurity,US,08-03-2024,ads,Pro,11,False,0,S-665df9,A-a0ca4e,28-10-2024,31-12-2026,Pro,11,539,6468,False,False,False,False,annual,True,44.0,18301.0,0.0,A-a0ca4e,6.0,3.1666666666666665,3.0
A-a0ca4e,Company_6,Cybersecurity,US,08-03-2024,ads,Pro,11,False,0,S-ccf11b,A-a0ca4e,02-08-2024,31-12-2026,Pro,11,539,6468,False,False,False,False,annual,True,52.0,10021.0,2.0,A-a0ca4e,6.0,3.1666666666666665,3.0
A-a0ca4e,Company_6,Cybersecurity,US,08-03-2024,ads,Pro,11,False,0,S-40e528,A-a0ca4e,19-11-2024,31-12-2026,Enterprise,19,0,0,True,False,False,False,annual,True,40.0,13143.0,1.0,A-a0ca4e,6.0,3.1666666666666665,3.0
A-a0ca4e,Company_6,Cybersecurity,US,08-03-2024,ads,Pro,11,False,0,S-461334,A-a0ca4e,06-05-2024,31-12-2026,Basic,11,209,2508,False,False,False,False,annual,True,80.0,21246.0,3.0,A-a0ca4e,6.0,3.1666666666666665,3.0
A-a0ca4e,Company_6,Cybersecurity,US,08-03-2024,ads,Pro,11,False,0,S-97a57b,A-a0ca4e,12-08-2024,31-12-2026,Enterprise,26,5174,62088,False,False,False,False,monthly,True,39.0,11159.0,2.0,A-a0ca4e,6.0,3.1666666666666665,3.0
A-a0ca4e,Company_6,Cybersecurity,US,08-03-2024,ads,Pro,11,False,0,S-f8d0a2,A-a0ca4e,15-05-2024,31-12-2026,Basic,11,209,2508,False,False,False,False,annual,False,44.0,18229.0,1.0,A-a0ca4e,6.0,3.1666666666666665,3.0
A-a0ca4e,Company_6,Cybersecurity,US,08-03-2024,ads,Pro,11,False,0,S-1784ce,A-a0ca4e,25-09-2024,31-12-2026,Pro,49,2401,28812,False,False,False,False,annual,True,0.0,0.0,0.0,A-a0ca4e,6.0,3.1666666666666665,3.0
A-e5d6ab,Company_7,EdTech,US,15-04-2023,partner,Pro,3,False,0,S-0a28cd,A-e5d6ab,08-10-2023,31-12-2026,Enterprise,21,4179,50148,False,False,False,False,monthly,True,41.0,10039.0,2.0,A-e5d6ab,3.0,0.0,0.0
A-e5d6ab,Company_7,EdTech,US,15-04-2023,partner,Pro,3,False,0,S-e1dc0b,A-e5d6ab,16-09-2023,31-12-2026,Pro,17,0,0,True,False,False,False,monthly,True,38.0,12397.0,1.0,A-e5d6ab,3.0,0.0,0.0
A-e5d6ab,Company_7,EdTech,US,15-04-2023,partner,Pro,3,False,0,S-b57dcd,A-e5d6ab,11-05-2023,31-12-2026,Basic,5,95,1140,False,False,False,False,annual,True,54.0,14557.0,3.0,A-e5d6ab,3.0,0.0,0.0
A-e5d6ab,Company_7,EdTech,US,15-04-2023,partner,Pro,3,False,0,S-531e3a,A-e5d6ab,22-07-2024,31-12-2026,Basic,39,741,8892,False,False,False,False,monthly,True,27.0,5109.0,4.0,A-e5d6ab,3.0,0.0,0.0
A-e5d6ab,Company_7,EdTech,US,15-04-2023,partner,Pro,3,False,0,S-47cf94,A-e5d6ab,02-10-2023,03-05-2024,Basic,35,665,7980,False,False,False,True,annual,True,5.0,605.0,1.0,A-e5d6ab,3.0,0.0,0.0
A-e5d6ab,Company_7,EdTech,US,15-04-2023,partner,Pro,3,False,0,S-5677fb,A-e5d6ab,02-07-2024,31-12-2026,Enterprise,13,2587,31044,False,False,False,False,monthly,False,33.0,7484.0,2.0,A-e5d6ab,3.0,0.0,0.0
A-e5d6ab,Company_7,EdTech,US,15-04-2023,partner,Pro,3,False,0,S-12125f,A-e5d6ab,08-08-2023,31-12-2026,Basic,3,57,684,False,False,False,False,monthly,True,66.0,23362.0,6.0,A-e5d6ab,3.0,0.0,0.0
A-e5d6ab,Company_7,EdTech,US,15-04-2023,partner,Pro,3,False,0,S-a01d87,A-e5d6ab,27-06-2024,31-12-2026,Basic,9,171,2052,False,False,False,False,annual,True,48.0,18615.0,2.0,A-e5d6ab,3.0,0.0,0.0
A-e5d6ab,Company_7,EdTech,US,15-04-2023,partner,Pro,3,False,0,S-7b211a,A-e5d6ab,10-11-2024,31-12-2026,Pro,32,1568,18816,False,False,False,False,annual,True,38.0,8182.0,0.0,A-e5d6ab,3.0,0.0,0.0
A-e5d6ab,Company_7,EdTech,US,15-04-2023,partner,Pro,3,False,0,S-b41269,A-e5d6ab,23-03-2024,31-12-2026,Enterprise,15,2985,35820,False,False,False,False,annual,True,32.0,11156.0,2.0,A-e5d6ab,3.0,0.0,0.0
A-7dacce,Company_8,Cybersecurity,CA,10-09-2024,event,Enterprise,12,False,1,S-99fbf7,A-7dacce,10-09-2024,31-12-2026,Enterprise,12,2388,28656,False,False,False,False,annual,True,65.0,18861.0,2.0,A-7dacce,4.0,2.75,0.0
A-7dacce,Company_8,Cybersecurity,CA,10-09-2024,event,Enterprise,12,False,1,S-4d1a78,A-7dacce,02-11-2024,31-12-2026,Basic,49,0,0,True,False,False,False,monthly,True,50.0,12253.0,5.0,A-7dacce,4.0,2.75,0.0
A-7dacce,Company_8,Cybersecurity,CA,10-09-2024,event,Enterprise,12,False,1,S-8942cf,A-7dacce,21-11-2024,31-12-2026,Pro,12,588,7056,False,False,False,False,monthly,True,19.0,3796.0,0.0,A-7dacce,4.0,2.75,0.0
A-7dacce,Company_8,Cybersecurity,CA,10-09-2024,event,Enterprise,12,False,1,S-5901a1,A-7dacce,10-09-2024,31-12-2026,Pro,12,0,0,True,False,False,False,annual,True,55.0,18489.0,4.0,A-7dacce,4.0,2.75,0.0
A-7dacce,Company_8,Cybersecurity,CA,10-09-2024,event,Enterprise,12,False,1,S-ab476e,A-7dacce,28-11-2024,31-12-2026,Enterprise,67,13333,159996,False,False,False,False,annual,True,57.0,19044.0,0.0,A-7dacce,4.0,2.75,0.0
A-7dacce,Company_8,Cybersecurity,CA,10-09-2024,event,Enterprise,12,False,1,S-32545c,A-7dacce,13-11-2024,31-12-2026,Enterprise,15,2985,35820,False,False,False,False,annual,False,32.0,12305.0,0.0,A-7dacce,4.0,2.75,0.0
A-7dacce,Company_8,Cybersecurity,CA,10-09-2024,event,Enterprise,12,False,1,S-31d765,A-7dacce,04-12-2024,31-12-2026,Pro,12,0,0,True,True,False,False,annual,True,39.0,7670.0,4.0,A-7dacce,4.0,2.75,0.0
A-7dacce,Company_8,Cybersecurity,CA,10-09-2024,event,Enterprise,12,False,1,S-92b77f,A-7dacce,27-11-2024,31-12-2026,Pro,12,588,7056,False,False,False,False,annual,False,76.0,31684.0,6.0,A-7dacce,4.0,2.75,0.0
A-7dacce,Company_8,Cybersecurity,CA,10-09-2024,event,Enterprise,12,False,1,S-fa03a5,A-7dacce,27-11-2024,31-12-2026,Pro,12,588,7056,False,False,False,False,annual,True,25.0,7404.0,6.0,A-7dacce,4.0,2.75,0.0
A-7dacce,Company_8,Cybersecurity,CA,10-09-2024,event,Enterprise,12,False,1,S-0bdf55,A-7dacce,18-09-2024,31-12-2026,Enterprise,13,2587,31044,False,False,False,False,annual,False,54.0,13923.0,2.0,A-7dacce,4.0,2.75,0.0
A-10b8da,Company_9,DevTools,US,08-05-2023,partner,Enterprise,14,False,1,S-b4212b,A-10b8da,12-05-2023,21-01-2024,Enterprise,17,3383,40596,False,True,False,True,monthly,True,74.0,23270.0,5.0,A-10b8da,3.0,2.3333333333333335,0.0
A-10b8da,Company_9,DevTools,US,08-05-2023,partner,Enterprise,14,False,1,S-a34e37,A-10b8da,27-04-2024,31-12-2026,Enterprise,23,0,0,True,False,False,False,annual,True,48.0,14286.0,2.0,A-10b8da,3.0,2.3333333333333335,0.0
A-10b8da,Company_9,DevTools,US,08-05-2023,partner,Enterprise,14,False,1,S-6eb56d,A-10b8da,14-09-2024,31-12-2026,Pro,34,1666,19992,False,False,False,False,monthly,True,51.0,14343.0,1.0,A-10b8da,3.0,2.3333333333333335,0.0
A-10b8da,Company_9,DevTools,US,08-05-2023,partner,Enterprise,14,False,1,S-c1ad26,A-10b8da,09-05-2024,31-12-2026,Pro,14,686,8232,False,False,False,False,annual,True,13.0,1772.0,6.0,A-10b8da,3.0,2.3333333333333335,0.0
A-10b8da,Company_9,DevTools,US,08-05-2023,partner,Enterprise,14,False,1,S-020dce,A-10b8da,05-07-2024,31-12-2026,Enterprise,14,2786,33432,False,False,False,False,monthly,False,7.0,903.0,0.0,A-10b8da,3.0,2.3333333333333335,0.0
A-10b8da,Company_9,DevTools,US,08-05-2023,partner,Enterprise,14,False,1,S-bfca66,A-10b8da,09-06-2023,31-12-2026,Basic,14,266,3192,False,False,False,False,annual,False,64.0,19244.0,0.0,A-10b8da,3.0,2.3333333333333335,0.0
A-592832,Company_10,Cybersecurity,US,25-09-2024,organic,Basic,18,False,1,S-17cfc4,A-592832,01-12-2024,31-12-2026,Pro,18,0,0,True,False,True,False,monthly,True,100.0,26833.0,2.0,A-592832,3.0,1.6666666666666667,0.0
A-592832,Company_10,Cybersecurity,US,25-09-2024,organic,Basic,18,False,1,S-65dd83,A-592832,07-11-2024,31-12-2026,Pro,36,1764,21168,False,False,False,False,annual,True,61.0,9406.0,4.0,A-592832,3.0,1.6666666666666667,0.0
A-592832,Company_10,Cybersecurity,US,25-09-2024,organic,Basic,18,False,1,S-d97185,A-592832,22-12-2024,31-12-2026,Pro,37,1813,21756,False,False,False,False,annual,True,58.0,17790.0,1.0,A-592832,3.0,1.6666666666666667,0.0
A-592832,Company_10,Cybersecurity,US,25-09-2024,organic,Basic,18,False,1,S-f86bcf,A-592832,02-12-2024,03-12-2024,Pro,44,2156,25872,False,False,False,True,annual,False,41.0,11739.0,2.0,A-592832,3.0,1.6666666666666667,0.0
A-592832,Company_10,Cybersecurity,US,25-09-2024,organic,Basic,18,False,1,S-404ecd,A-592832,27-09-2024,18-12-2024,Enterprise,18,3582,42984,False,False,False,True,monthly,True,47.0,8178.0,1.0,A-592832,3.0,1.6666666666666667,0.0
A-592832,Company_10,Cybersecurity,US,25-09-2024,organic,Basic,18,False,1,S-24cdb5,A-592832,21-10-2024,31-12-2026,Basic,35,665,7980,False,False,False,False,annual,True,40.0,10860.0,3.0,A-592832,3.0,1.6666666666666667,0.0
A-592832,Company_10,Cybersecurity,US,25-09-2024,organic,Basic,18,False,1,S-810a67,A-592832,15-10-2024,31-12-2026,Pro,18,882,10584,False,False,False,False,monthly,True,34.0,9250.0,3.0,A-592832,3.0,1.6666666666666667,0.0
A-592832,Company_10,Cybersecurity,US,25-09-2024,organic,Basic,18,False,1,S-0c63de,A-592832,31-12-2024,31-12-2026,Pro,18,882,10584,False,False,False,False,annual,False,50.0,18242.0,4.0,A-592832,3.0,1.6666666666666667,0.0
A-592832,Company_10,Cybersecurity,US,25-09-2024,organic,Basic,18,False,1,S-751802,A-592832,03-11-2024,31-12-2026,Basic,18,342,4104,False,False,False,False,monthly,True,0.0,0.0,0.0,A-592832,3.0,1.6666666666666667,0.0
A-592832,Company_10,Cybersecurity,US,25-09-2024,organic,Basic,18,False,1,S-73d0eb,A-592832,09-10-2024,31-12-2026,Basic,60,1140,13680,False,False,False,False,monthly,True,75.0,34384.0,4.0,A-592832,3.0,1.6666666666666667,0.0
A-592832,Company_10,Cybersecurity,US,25-09-2024,organic,Basic,18,False,1,S-16a545,A-592832,30-09-2024,31-12-2026,Basic,35,665,7980,False,False,False,False,annual,True,64.0,25509.0,3.0,A-592832,3.0,1.6666666666666667,0.0
A-592832,Company_10,Cybersecurity,US,25-09-2024,organic,Basic,18,False,1,S-150930,A-592832,26-09-2024,31-12-2026,Enterprise,42,8358,100296,False,False,False,False,monthly,False,78.0,23454.0,2.0,A-592832,3.0,1.6666666666666667,0.0
A-592832,Company_10,Cybersecurity,US,25-09-2024,organic,Basic,18,False,1,S-a4d69d,A-592832,11-12-2024,31-12-2026,Basic,18,342,4104,False,False,False,False,monthly,True,94.0,24596.0,11.0,A-592832,3.0,1.6666666666666667,0.0
A-592832,Company_10,Cybersecurity,US,25-09-2024,organic,Basic,18,False,1,S-8b1b5a,A-592832,17-12-2024,31-12-2026,Pro,18,882,10584,False,False,False,False,annual,True,31.0,10551.0,1.0,A-592832,3.0,1.6666666666666667,0.0
A-592832,Company_10,Cybersecurity,US,25-09-2024,organic,Basic,18,False,1,S-5a500d,A-592832,26-09-2024,31-12-2026,Basic,30,0,0,True,False,False,False,annual,True,59.0,17990.0,0.0,A-592832,3.0,1.6666666666666667,0.0
A-592832,Company_10,Cybersecurity,US,25-09-2024,organic,Basic,18,False,1,S-edd29b,A-592832,24-12-2024,31-12-2026,Enterprise,18,3582,42984,False,False,False,False,annual,True,40.0,9865.0,5.0,A-592832,3.0,1.6666666666666667,0.0
A-592832,Company_10,Cybersecurity,US,25-09-2024,organic,Basic,18,False,1,S-86615c,A-592832,03-10-2024,31-12-2026,Enterprise,26,5174,62088,False,True,False,False,monthly,True,76.0,29313.0,2.0,A-592832,3.0,1.6666666666666667,0.0
A-592832,Company_10,Cybersecurity,US,25-09-2024,organic,Basic,18,False,1,S-529f0c,A-592832,28-11-2024,10-12-2024,Pro,18,0,0,True,False,False,True,monthly,True,51.0,21093.0,5.0,A-592832,3.0,1.6666666666666667,0.0
A-592832,Company_10,Cybersecurity,US,25-09-2024,organic,Basic,18,False,1,S-763b53,A-592832,22-12-2024,31-12-2026,Basic,18,342,4104,False,False,False,False,annual,False,54.0,17230.0,2.0,A-592832,3.0,1.6666666666666667,0.0
A-d40bf7,Company_11,FinTech,IN,08-11-2024,organic,Basic,59,False,0,S-26e8f0,A-d40bf7,17-11-2024,31-12-2026,Enterprise,59,11741,140892,False,False,False,False,monthly,False,43.0,9459.0,2.0,A-d40bf7,2.0,5.0,0.0
A-d40bf7,Company_11,FinTech,IN,08-11-2024,organic,Basic,59,False,0,S-39bb68,A-d40bf7,23-11-2024,31-12-2026,Basic,59,1121,13452,False,False,False,False,monthly,True,54.0,8225.0,2.0,A-d40bf7,2.0,5.0,0.0
A-d40bf7,Company_11,FinTech,IN,08-11-2024,organic,Basic,59,False,0,S-388190,A-d40bf7,27-12-2024,31-12-2026,Enterprise,59,11741,140892,False,False,False,False,annual,False,64.0,15974.0,3.0,A-d40bf7,2.0,5.0,0.0
A-d40bf7,Company_11,FinTech,IN,08-11-2024,organic,Basic,59,False,0,S-e338a1,A-d40bf7,14-12-2024,31-12-2026,Pro,59,2891,34692,False,False,False,False,monthly,True,47.0,13213.0,2.0,A-d40bf7,2.0,5.0,0.0
A-d40bf7,Company_11,FinTech,IN,08-11-2024,organic,Basic,59,False,0,S-4d5623,A-d40bf7,09-11-2024,31-12-2026,Enterprise,59,11741,140892,False,False,False,False,annual,True,59.0,20330.0,1.0,A-d40bf7,2.0,5.0,0.0
A-d40bf7,Company_11,FinTech,IN,08-11-2024,organic,Basic,59,False,0,S-7554c2,A-d40bf7,13-12-2024,31-12-2026,Pro,59,0,0,True,False,False,False,annual,True,113.0,24532.0,4.0,A-d40bf7,2.0,5.0,0.0
A-d40bf7,Company_11,FinTech,IN,08-11-2024,organic,Basic,59,False,0,S-a175c2,A-d40bf7,15-12-2024,31-12-2026,Enterprise,59,0,0,True,True,False,False,annual,True,41.0,14235.0,3.0,A-d40bf7,2.0,5.0,0.0
A-d40bf7,Company_11,FinTech,IN,08-11-2024,organic,Basic,59,False,0,S-7cd9fa,A-d40bf7,29-12-2024,31-12-2026,Basic,59,1121,13452,False,False,False,False,monthly,True,35.0,6245.0,0.0,A-d40bf7,2.0,5.0,0.0
A-d40bf7,Company_11,FinTech,IN,08-11-2024,organic,Basic,59,False,0,S-31afc4,A-d40bf7,09-12-2024,31-12-2026,Pro,59,2891,34692,False,False,False,False,monthly,False,52.0,19015.0,3.0,A-d40bf7,2.0,5.0,0.0
A-d40bf7,Company_11,FinTech,IN,08-11-2024,organic,Basic,59,False,0,S-85b7d7,A-d40bf7,27-12-2024,31-12-2026,Basic,59,0,0,True,False,False,False,monthly,False,54.0,18958.0,2.0,A-d40bf7,2.0,5.0,0.0
A-6c093d,Company_12,DevTools,US,14-04-2023,partner,Basic,7,True,0,S-191550,A-6c093d,08-05-2024,31-12-2026,Basic,15,285,3420,False,True,False,False,monthly,True,36.0,11111.0,1.0,A-6c093d,3.0,1.6666666666666667,1.0
A-6c093d,Company_12,DevTools,US,14-04-2023,partner,Basic,7,True,0,S-d1350e,A-6c093d,27-07-2024,31-12-2026,Enterprise,61,12139,145668,False,False,False,False,annual,True,30.0,6612.0,0.0,A-6c093d,3.0,1.6666666666666667,1.0
A-6c093d,Company_12,DevTools,US,14-04-2023,partner,Basic,7,True,0,S-d66d63,A-6c093d,25-08-2023,31-12-2026,Pro,13,637,7644,False,False,False,False,annual,True,110.0,31067.0,6.0,A-6c093d,3.0,1.6666666666666667,1.0
A-6c093d,Company_12,DevTools,US,14-04-2023,partner,Basic,7,True,0,S-8b9deb,A-6c093d,12-09-2024,01-11-2024,Pro,7,343,4116,False,False,False,True,monthly,True,118.0,40429.0,6.0,A-6c093d,3.0,1.6666666666666667,1.0
A-6c093d,Company_12,DevTools,US,14-04-2023,partner,Basic,7,True,0,S-77c22b,A-6c093d,13-03-2024,31-12-2026,Enterprise,7,1393,16716,False,False,False,False,annual,True,43.0,15900.0,4.0,A-6c093d,3.0,1.6666666666666667,1.0
A-6c093d,Company_12,DevTools,US,14-04-2023,partner,Basic,7,True,0,S-91da84,A-6c093d,08-03-2024,19-09-2024,Pro,7,343,4116,False,False,False,True,annual,True,27.0,9866.0,1.0,A-6c093d,3.0,1.6666666666666667,1.0
A-6c093d,Company_12,DevTools,US,14-04-2023,partner,Basic,7,True,0,S-4af421,A-6c093d,08-07-2024,31-12-2026,Basic,27,513,6156,False,False,False,False,monthly,False,82.0,20895.0,2.0,A-6c093d,3.0,1.6666666666666667,1.0
A-6c093d,Company_12,DevTools,US,14-04-2023,partner,Basic,7,True,0,S-270a4e,A-6c093d,17-01-2024,31-12-2026,Basic,7,133,1596,False,True,False,False,monthly,True,63.0,27399.0,2.0,A-6c093d,3.0,1.6666666666666667,1.0
A-6c093d,Company_12,DevTools,US,14-04-2023,partner,Basic,7,True,0,S-0ff481,A-6c093d,30-04-2023,31-12-2026,Basic,15,285,3420,False,False,False,False,annual,False,28.0,7328.0,3.0,A-6c093d,3.0,1.6666666666666667,1.0
A-6c093d,Company_12,DevTools,US,14-04-2023,partner,Basic,7,True,0,S-b633be,A-6c093d,26-09-2023,14-07-2024,Basic,62,0,0,True,False,False,True,monthly,True,53.0,17109.0,2.0,A-6c093d,3.0,1.6666666666666667,1.0
A-6c093d,Company_12,DevTools,US,14-04-2023,partner,Basic,7,True,0,S-c9eecb,A-6c093d,10-10-2024,31-12-2026,Basic,9,171,2052,False,False,False,False,annual,True,45.0,14381.0,0.0,A-6c093d,3.0,1.6666666666666667,1.0
A-6c093d,Company_12,DevTools,US,14-04-2023,partner,Basic,7,True,0,S-4fc62f,A-6c093d,12-12-2024,31-12-2026,Enterprise,7,0,0,True,False,False,False,annual,True,35.0,15178.0,3.0,A-6c093d,3.0,1.6666666666666667,1.0
A-462d45,Company_13,Cybersecurity,US,15-01-2024,partner,Enterprise,11,True,0,S-162596,A-462d45,29-02-2024,31-12-2026,Pro,18,0,0,True,False,False,False,monthly,True,23.0,4341.0,1.0,A-462d45,4.0,1.0,0.0
A-462d45,Company_13,Cybersecurity,US,15-01-2024,partner,Enterprise,11,True,0,S-53fa80,A-462d45,05-08-2024,31-12-2026,Enterprise,14,2786,33432,False,False,False,False,monthly,True,52.0,13334.0,4.0,A-462d45,4.0,1.0,0.0
A-462d45,Company_13,Cybersecurity,US,15-01-2024,partner,Enterprise,11,True,0,S-9dda85,A-462d45,16-01-2024,29-05-2024,Basic,89,1691,20292,False,False,False,True,annual,False,37.0,3983.0,2.0,A-462d45,4.0,1.0,0.0
A-462d45,Company_13,Cybersecurity,US,15-01-2024,partner,Enterprise,11,True,0,S-5a4fb5,A-462d45,13-02-2024,31-12-2026,Pro,13,637,7644,False,True,False,False,annual,True,61.0,12956.0,4.0,A-462d45,4.0,1.0,0.0
A-462d45,Company_13,Cybersecurity,US,15-01-2024,partner,Enterprise,11,True,0,S-3a6a71,A-462d45,19-04-2024,31-12-2026,Basic,61,1159,13908,False,False,False,False,monthly,False,52.0,13008.0,0.0,A-462d45,4.0,1.0,0.0
A-462d45,Company_13,Cybersecurity,US,15-01-2024,partner,Enterprise,11,True,0,S-d5bf88,A-462d45,21-02-2024,31-12-2026,Enterprise,52,10348,124176,False,False,True,False,annual,True,77.0,13581.0,6.0,A-462d45,4.0,1.0,0.0
A-462d45,Company_13,Cybersecurity,US,15-01-2024,partner,Enterprise,11,True,0,S-b86304,A-462d45,07-05-2024,31-12-2026,Pro,19,931,11172,False,False,False,False,annual,True,59.0,22365.0,1.0,A-462d45,4.0,1.0,0.0
A-462d45,Company_13,Cybersecurity,US,15-01-2024,partner,Enterprise,11,True,0,S-cce34b,A-462d45,25-03-2024,31-12-2026,Pro,18,882,10584,False,False,False,False,monthly,True,53.0,10680.0,0.0,A-462d45,4.0,1.0,0.0
A-462d45,Company_13,Cybersecurity,US,15-01-2024,partner,Enterprise,11,True,0,S-b046ad,A-462d45,24-09-2024,31-12-2026,Basic,61,0,0,True,False,False,False,monthly,True,72.0,20687.0,5.0,A-462d45,4.0,1.0,0.0
A-462d45,Company_13,Cybersecurity,US,15-01-2024,partner,Enterprise,11,True,0,S-17c51e,A-462d45,25-11-2024,12-12-2024,Pro,61,2989,35868,False,False,False,True,annual,True,40.0,12876.0,0.0,A-462d45,4.0,1.0,0.0
A-462d45,Company_13,Cybersecurity,US,15-01-2024,partner,Enterprise,11,True,0,S-82c91a,A-462d45,10-12-2024,31-12-2026,Pro,30,1470,17640,False,False,False,False,annual,True,44.0,18529.0,1.0,A-462d45,4.0,1.0,0.0
A-462d45,Company_13,Cybersecurity,US,15-01-2024,partner,Enterprise,11,True,0,S-718116,A-462d45,03-05-2024,31-12-2026,Pro,11,539,6468,False,False,True,False,monthly,True,72.0,13221.0,2.0,A-462d45,4.0,1.0,0.0
A-956988,Company_14,EdTech,UK,30-11-2024,ads,Enterprise,1,False,0,S-d1527e,A-956988,07-12-2024,31-12-2026,Pro,26,1274,15288,False,False,False,False,annual,True,32.0,9453.0,1.0,A-956988,2.0,1.5,0.0
A-956988,Company_14,EdTech,UK,30-11-2024,ads,Enterprise,1,False,0,S-f9df40,A-956988,05-12-2024,31-12-2026,Basic,70,1330,15960,False,False,False,False,annual,True,20.0,4240.0,5.0,A-956988,2.0,1.5,0.0
A-956988,Company_14,EdTech,UK,30-11-2024,ads,Enterprise,1,False,0,S-13dfe7,A-956988,15-12-2024,31-12-2026,Pro,2,98,1176,False,False,False,False,annual,True,32.0,9730.0,2.0,A-956988,2.0,1.5,0.0
A-956988,Company_14,EdTech,UK,30-11-2024,ads,Enterprise,1,False,0,S-226cf3,A-956988,18-12-2024,31-12-2026,Pro,42,2058,24696,False,False,True,False,monthly,True,70.0,19216.0,4.0,A-956988,2.0,1.5,0.0
A-956988,Company_14,EdTech,UK,30-11-2024,ads,Enterprise,1,False,0,S-e195f5,A-956988,26-12-2024,31-12-2026,Enterprise,12,2388,28656,False,False,False,False,monthly,True,69.0,22976.0,6.0,A-956988,2.0,1.5,0.0
A-956988,Company_14,EdTech,UK,30-11-2024,ads,Enterprise,1,False,0,S-c5e371,A-956988,15-12-2024,31-12-2026,Pro,41,2009,24108,False,False,False,False,monthly,True,39.0,6349.0,4.0,A-956988,2.0,1.5,0.0
A-956988,Company_14,EdTech,UK,30-11-2024,ads,Enterprise,1,False,0,S-c069ab,A-956988,05-12-2024,31-12-2026,Enterprise,55,10945,131340,False,False,False,False,annual,True,97.0,18010.0,3.0,A-956988,2.0,1.5,0.0
A-956988,Company_14,EdTech,UK,30-11-2024,ads,Enterprise,1,False,0,S-ccf9c8,A-956988,14-12-2024,31-12-2026,Basic,1,19,228,False,False,False,False,monthly,False,60.0,10347.0,5.0,A-956988,2.0,1.5,0.0
A-956988,Company_14,EdTech,UK,30-11-2024,ads,Enterprise,1,False,0,S-f2ccdd,A-956988,30-12-2024,31-12-2026,Enterprise,32,6368,76416,False,False,False,False,annual,True,9.0,5238.0,0.0,A-956988,2.0,1.5,0.0
A-956988,Company_14,EdTech,UK,30-11-2024,ads,Enterprise,1,False,0,S-49b640,A-956988,02-12-2024,31-12-2026,Enterprise,9,1791,21492,False,False,False,False,monthly,True,59.0,15559.0,7.0,A-956988,2.0,1.5,0.0
A-956988,Company_14,EdTech,UK,30-11-2024,ads,Enterprise,1,False,0,S-5d0f41,A-956988,18-12-2024,31-12-2026,Pro,23,1127,13524,False,False,False,False,monthly,True,52.0,14310.0,2.0,A-956988,2.0,1.5,0.0
A-956988,Company_14,EdTech,UK,30-11-2024,ads,Enterprise,1,False,0,S-79ab7e,A-956988,13-12-2024,22-12-2024,Enterprise,72,0,0,True,False,False,True,monthly,False,66.0,24941.0,9.0,A-956988,2.0,1.5,0.0
A-956988,Company_14,EdTech,UK,30-11-2024,ads,Enterprise,1,False,0,S-3872fd,A-956988,01-12-2024,31-12-2026,Pro,2,0,0,True,False,False,False,monthly,False,53.0,12863.0,1.0,A-956988,2.0,1.5,0.0
A-ac14bb,Company_15,FinTech,US,08-09-2023,partner,Enterprise,21,False,0,S-1ac1b4,A-ac14bb,28-10-2023,31-12-2026,Enterprise,21,4179,50148,False,False,False,False,monthly,True,54.0,17389.0,4.0,A-ac14bb,2.0,2.0,0.0
A-ac14bb,Company_15,FinTech,US,08-09-2023,partner,Enterprise,21,False,0,S-049667,A-ac14bb,03-07-2024,31-12-2026,Basic,28,532,6384,False,True,False,False,annual,True,108.0,44017.0,5.0,A-ac14bb,2.0,2.0,0.0
A-ac14bb,Company_15,FinTech,US,08-09-2023,partner,Enterprise,21,False,0,S-fc4ac6,A-ac14bb,22-02-2024,13-06-2024,Basic,21,399,4788,False,False,False,True,monthly,True,66.0,19021.0,6.0,A-ac14bb,2.0,2.0,0.0
A-ac14bb,Company_15,FinTech,US,08-09-2023,partner,Enterprise,21,False,0,S-b8caad,A-ac14bb,27-09-2023,31-12-2026,Pro,21,1029,12348,False,False,False,False,annual,False,71.0,20372.0,6.0,A-ac14bb,2.0,2.0,0.0
A-ac14bb,Company_15,FinTech,US,08-09-2023,partner,Enterprise,21,False,0,S-c855b0,A-ac14bb,16-01-2024,31-12-2026,Enterprise,71,14129,169548,False,True,False,False,annual,True,67.0,15816.0,8.0,A-ac14bb,2.0,2.0,0.0
A-ac14bb,Company_15,FinTech,US,08-09-2023,partner,Enterprise,21,False,0,S-9917a2,A-ac14bb,29-02-2024,31-12-2026,Pro,26,0,0,True,False,False,False,annual,True,49.0,13845.0,3.0,A-ac14bb,2.0,2.0,0.0
A-ac14bb,Company_15,FinTech,US,08-09-2023,partner,Enterprise,21,False,0,S-7e8bd4,A-ac14bb,26-03-2024,31-12-2026,Basic,27,513,6156,False,False,False,False,monthly,True,55.0,19692.0,1.0,A-ac14bb,2.0,2.0,0.0
A-ac14bb,Company_15,FinTech,US,08-09-2023,partner,Enterprise,21,False,0,S-65ec6b,A-ac14bb,15-03-2024,20-10-2024,Enterprise,35,6965,83580,False,False,False,True,monthly,True,61.0,20674.0,9.0,A-ac14bb,2.0,2.0,0.0
A-463db0,Company_16,HealthTech,US,05-12-2024,partner,Basic,15,False,0,S-040422,A-463db0,28-12-2024,31-12-2026,Basic,15,285,3420,False,False,False,False,annual,True,36.0,7183.0,1.0,A-463db0,6.0,2.8333333333333335,1.0
A-463db0,Company_16,HealthTech,US,05-12-2024,partner,Basic,15,False,0,S-ede618,A-463db0,15-12-2024,31-12-2026,Pro,15,735,8820,False,False,False,False,annual,True,58.0,17457.0,3.0,A-463db0,6.0,2.8333333333333335,1.0
A-463db0,Company_16,HealthTech,US,05-12-2024,partner,Basic,15,False,0,S-18565e,A-463db0,26-12-2024,31-12-2026,Enterprise,42,8358,100296,False,False,False,False,monthly,False,38.0,6853.0,1.0,A-463db0,6.0,2.8333333333333335,1.0
A-463db0,Company_16,HealthTech,US,05-12-2024,partner,Basic,15,False,0,S-a2cde5,A-463db0,20-12-2024,31-12-2026,Pro,15,735,8820,False,False,False,False,annual,False,51.0,22673.0,1.0,A-463db0,6.0,2.8333333333333335,1.0
A-463db0,Company_16,HealthTech,US,05-12-2024,partner,Basic,15,False,0,S-e0f238,A-463db0,09-12-2024,31-12-2026,Pro,35,1715,20580,False,False,False,False,annual,True,66.0,11043.0,0.0,A-463db0,6.0,2.8333333333333335,1.0
A-463db0,Company_16,HealthTech,US,05-12-2024,partner,Basic,15,False,0,S-3eb56d,A-463db0,31-12-2024,31-12-2026,Pro,15,735,8820,False,False,False,False,annual,True,40.0,12480.0,5.0,A-463db0,6.0,2.8333333333333335,1.0
A-463db0,Company_16,HealthTech,US,05-12-2024,partner,Basic,15,False,0,S-479d9a,A-463db0,12-12-2024,31-12-2026,Basic,37,703,8436,False,False,False,False,monthly,True,78.0,28570.0,2.0,A-463db0,6.0,2.8333333333333335,1.0
A-ce66f8,Company_17,EdTech,CA,23-08-2023,event,Pro,29,False,0,S-695c1e,A-ce66f8,02-07-2024,31-12-2026,Enterprise,37,7363,88356,False,False,False,False,monthly,True,84.0,23805.0,4.0,A-ce66f8,6.0,1.1666666666666667,0.0
A-ce66f8,Company_17,EdTech,CA,23-08-2023,event,Pro,29,False,0,S-2f138c,A-ce66f8,27-07-2024,31-12-2026,Pro,29,1421,17052,False,False,False,False,annual,True,108.0,30832.0,1.0,A-ce66f8,6.0,1.1666666666666667,0.0
A-ce66f8,Company_17,EdTech,CA,23-08-2023,event,Pro,29,False,0,S-b91501,A-ce66f8,19-07-2024,31-12-2026,Pro,29,1421,17052,False,False,False,False,annual,True,83.0,18402.0,0.0,A-ce66f8,6.0,1.1666666666666667,0.0
A-ce66f8,Company_17,EdTech,CA,23-08-2023,event,Pro,29,False,0,S-2aec7e,A-ce66f8,21-05-2024,31-12-2026,Basic,29,551,6612,False,False,False,False,annual,True,68.0,20699.0,1.0,A-ce66f8,6.0,1.1666666666666667,0.0
A-ce66f8,Company_17,EdTech,CA,23-08-2023,event,Pro,29,False,0,S-bdd2e4,A-ce66f8,16-05-2024,31-12-2026,Basic,29,551,6612,False,False,False,False,annual,True,83.0,16138.0,9.0,A-ce66f8,6.0,1.1666666666666667,0.0
A-ce66f8,Company_17,EdTech,CA,23-08-2023,event,Pro,29,False,0,S-10bf4d,A-ce66f8,24-08-2023,31-12-2026,Basic,29,551,6612,False,False,False,False,monthly,True,68.0,23683.0,4.0,A-ce66f8,6.0,1.1666666666666667,0.0
A-c4ea60,Company_18,FinTech,DE,09-03-2023,other,Enterprise,18,False,1,S-3279f1,A-c4ea60,09-11-2024,31-12-2026,Enterprise,18,3582,42984,False,False,False,False,annual,True,28.0,12348.0,0.0,A-c4ea60,5.0,3.6,0.0
A-c4ea60,Company_18,FinTech,DE,09-03-2023,other,Enterprise,18,False,1,S-935e79,A-c4ea60,19-02-2024,31-12-2026,Basic,58,0,0,True,False,False,False,annual,True,50.0,22660.0,0.0,A-c4ea60,5.0,3.6,0.0
A-c4ea60,Company_18,FinTech,DE,09-03-2023,other,Enterprise,18,False,1,S-7af0d5,A-c4ea60,11-04-2023,31-12-2026,Basic,48,912,10944,False,False,True,False,annual,False,42.0,12208.0,4.0,A-c4ea60,5.0,3.6,0.0
A-c4ea60,Company_18,FinTech,DE,09-03-2023,other,Enterprise,18,False,1,S-501046,A-c4ea60,20-07-2024,31-12-2026,Pro,18,882,10584,False,False,False,False,annual,True,34.0,5632.0,0.0,A-c4ea60,5.0,3.6,0.0
A-c4ea60,Company_18,FinTech,DE,09-03-2023,other,Enterprise,18,False,1,S-16ce94,A-c4ea60,09-09-2024,31-12-2026,Pro,18,882,10584,False,False,False,False,annual,True,41.0,10449.0,1.0,A-c4ea60,5.0,3.6,0.0
A-c4ea60,Company_18,FinTech,DE,09-03-2023,other,Enterprise,18,False,1,S-0ada66,A-c4ea60,29-07-2024,31-12-2026,Enterprise,18,3582,42984,False,False,False,False,monthly,False,108.0,35035.0,6.0,A-c4ea60,5.0,3.6,0.0
A-c4ea60,Company_18,FinTech,DE,09-03-2023,other,Enterprise,18,False,1,S-a67e83,A-c4ea60,28-10-2024,31-12-2026,Pro,18,882,10584,False,False,False,False,monthly,True,52.0,17526.0,2.0,A-c4ea60,5.0,3.6,0.0
A-c4ea60,Company_18,FinTech,DE,09-03-2023,other,Enterprise,18,False,1,S-ebe172,A-c4ea60,29-05-2023,31-12-2026,Basic,18,342,4104,False,False,False,False,monthly,True,34.0,14555.0,5.0,A-c4ea60,5.0,3.6,0.0
A-c4ea60,Company_18,FinTech,DE,09-03-2023,other,Enterprise,18,False,1,S-a3791c,A-c4ea60,17-12-2024,31-12-2026,Enterprise,18,3582,42984,False,False,False,False,monthly,True,38.0,6831.0,0.0,A-c4ea60,5.0,3.6,0.0
A-832ec2,Company_19,FinTech,UK,19-11-2023,event,Enterprise,4,True,0,S-e76e80,A-832ec2,02-01-2024,31-12-2026,Basic,25,0,0,True,False,False,False,monthly,True,68.0,26143.0,2.0,A-832ec2,3.0,2.6666666666666665,1.0
A-832ec2,Company_19,FinTech,UK,19-11-2023,event,Enterprise,4,True,0,S-460deb,A-832ec2,27-11-2024,31-12-2026,Enterprise,22,4378,52536,False,True,False,False,annual,False,86.0,32894.0,6.0,A-832ec2,3.0,2.6666666666666665,1.0
A-832ec2,Company_19,FinTech,UK,19-11-2023,event,Enterprise,4,True,0,S-5e5ff0,A-832ec2,04-09-2024,31-12-2026,Pro,6,0,0,True,False,False,False,annual,True,45.0,15527.0,2.0,A-832ec2,3.0,2.6666666666666665,1.0
A-832ec2,Company_19,FinTech,UK,19-11-2023,event,Enterprise,4,True,0,S-1a2f35,A-832ec2,07-04-2024,31-12-2026,Basic,12,228,2736,False,False,False,False,monthly,False,71.0,23469.0,4.0,A-832ec2,3.0,2.6666666666666665,1.0
A-832ec2,Company_19,FinTech,UK,19-11-2023,event,Enterprise,4,True,0,S-96bb5c,A-832ec2,26-05-2024,31-12-2026,Basic,12,228,2736,False,True,False,False,monthly,False,48.0,9885.0,1.0,A-832ec2,3.0,2.6666666666666665,1.0
A-832ec2,Company_19,FinTech,UK,19-11-2023,event,Enterprise,4,True,0,S-396546,A-832ec2,02-02-2024,31-12-2026,Enterprise,19,3781,45372,False,False,False,False,monthly,False,47.0,16717.0,2.0,A-832ec2,3.0,2.6666666666666665,1.0
A-832ec2,Company_19,FinTech,UK,19-11-2023,event,Enterprise,4,True,0,S-d638c7,A-832ec2,25-07-2024,31-12-2026,Basic,31,589,7068,False,True,False,False,annual,True,60.0,11729.0,3.0,A-832ec2,3.0,2.6666666666666665,1.0
A-832ec2,Company_19,FinTech,UK,19-11-2023,event,Enterprise,4,True,0,S-5cda31,A-832ec2,04-03-2024,31-12-2026,Basic,5,95,1140,False,False,False,False,annual,False,86.0,21347.0,5.0,A-832ec2,3.0,2.6666666666666665,1.0
A-684255,Company_20,FinTech,US,14-04-2024,ads,Enterprise,9,False,0,S-f74ac6,A-684255,01-07-2024,31-12-2026,Pro,9,441,5292,False,False,False,False,monthly,True,39.0,12890.0,0.0,A-684255,4.0,3.5,1.0
A-684255,Company_20,FinTech,US,14-04-2024,ads,Enterprise,9,False,0,S-68ecd5,A-684255,18-08-2024,31-12-2026,Enterprise,9,1791,21492,False,False,False,False,annual,True,30.0,9213.0,2.0,A-684255,4.0,3.5,1.0
A-684255,Company_20,FinTech,US,14-04-2024,ads,Enterprise,9,False,0,S-d29830,A-684255,01-07-2024,31-12-2026,Basic,9,171,2052,False,False,False,False,annual,True,31.0,8799.0,2.0,A-684255,4.0,3.5,1.0
A-684255,Company_20,FinTech,US,14-04-2024,ads,Enterprise,9,False,0,S-c2c321,A-684255,18-06-2024,09-08-2024,Enterprise,14,0,0,True,True,False,True,monthly,True,75.0,26249.0,10.0,A-684255,4.0,3.5,1.0
A-684255,Company_20,FinTech,US,14-04-2024,ads,Enterprise,9,False,0,S-c935b8,A-684255,14-04-2024,31-12-2026,Basic,32,608,7296,False,False,False,False,annual,True,91.0,22707.0,6.0,A-684255,4.0,3.5,1.0
A-684255,Company_20,FinTech,US,14-04-2024,ads,Enterprise,9,False,0,S-5da1b8,A-684255,28-06-2024,01-08-2024,Pro,20,980,11760,False,False,False,True,annual,False,13.0,3057.0,1.0,A-684255,4.0,3.5,1.0
A-684255,Company_20,FinTech,US,14-04-2024,ads,Enterprise,9,False,0,S-18f498,A-684255,29-10-2024,31-12-2026,Basic,28,532,6384,False,False,False,False,monthly,False,58.0,10302.0,7.0,A-684255,4.0,3.5,1.0
A-684255,Company_20,FinTech,US,14-04-2024,ads,Enterprise,9,False,0,S-6a56f1,A-684255,17-10-2024,31-12-2026,Pro,12,588,7056,False,False,False,False,annual,False,24.0,10346.0,0.0,A-684255,4.0,3.5,1.0
A-684255,Company_20,FinTech,US,14-04-2024,ads,Enterprise,9,False,0,S-070d42,A-684255,23-05-2024,31-12-2026,Pro,23,1127,13524,False,True,False,False,annual,True,51.0,12112.0,3.0,A-684255,4.0,3.5,1.0
A-684255,Company_20,FinTech,US,14-04-2024,ads,Enterprise,9,False,0,S-5df64f,A-684255,31-08-2024,31-12-2026,Enterprise,14,2786,33432,False,False,False,False,annual,True,79.0,23087.0,7.0,A-684255,4.0,3.5,1.0
A-684255,Company_20,FinTech,US,14-04-2024,ads,Enterprise,9,False,0,S-dafec3,A-684255,09-09-2024,31-12-2026,Enterprise,9,1791,21492,False,False,False,False,annual,False,25.0,3693.0,3.0,A-684255,4.0,3.5,1.0
A-684255,Company_20,FinTech,US,14-04-2024,ads,Enterprise,9,False,0,S-65731a,A-684255,15-12-2024,26-12-2024,Basic,9,0,0,True,False,True,True,annual,True,51.0,21950.0,1.0,A-684255,4.0,3.5,1.0
A-684255,Company_20,FinTech,US,14-04-2024,ads,Enterprise,9,False,0,S-1a3d9c,A-684255,07-07-2024,31-12-2026,Pro,11,539,6468,False,False,False,False,annual,False,46.0,13252.0,0.0,A-684255,4.0,3.5,1.0
A-684255,Company_20,FinTech,US,14-04-2024,ads,Enterprise,9,False,0,S-7ea5d9,A-684255,05-08-2024,31-12-2026,Pro,10,490,5880,False,True,False,False,monthly,True,40.0,14192.0,2.0,A-684255,4.0,3.5,1.0
A-c42f1f,Company_21,HealthTech,US,28-07-2024,other,Pro,8,False,0,S-1bf267,A-c42f1f,13-11-2024,31-12-2026,Basic,28,532,6384,False,False,False,False,annual,True,45.0,13669.0,8.0,A-c42f1f,9.0,2.2222222222222223,1.0
A-c42f1f,Company_21,HealthTech,US,28-07-2024,other,Pro,8,False,0,S-6c109f,A-c42f1f,13-10-2024,31-12-2026,Enterprise,12,2388,28656,False,False,False,False,annual,True,27.0,10290.0,1.0,A-c42f1f,9.0,2.2222222222222223,1.0
A-c42f1f,Company_21,HealthTech,US,28-07-2024,other,Pro,8,False,0,S-022a1e,A-c42f1f,28-07-2024,31-12-2026,Pro,11,539,6468,False,False,False,False,annual,True,44.0,13589.0,0.0,A-c42f1f,9.0,2.2222222222222223,1.0
A-c42f1f,Company_21,HealthTech,US,28-07-2024,other,Pro,8,False,0,S-164594,A-c42f1f,26-10-2024,31-12-2026,Basic,15,285,3420,False,False,False,False,annual,False,43.0,15620.0,2.0,A-c42f1f,9.0,2.2222222222222223,1.0
A-c42f1f,Company_21,HealthTech,US,28-07-2024,other,Pro,8,False,0,S-62b4fc,A-c42f1f,29-12-2024,31-12-2026,Basic,8,152,1824,False,False,False,False,monthly,True,16.0,5440.0,1.0,A-c42f1f,9.0,2.2222222222222223,1.0
A-c42f1f,Company_21,HealthTech,US,28-07-2024,other,Pro,8,False,0,S-1d3af2,A-c42f1f,19-11-2024,31-12-2026,Basic,8,152,1824,False,True,False,False,monthly,True,68.0,20175.0,0.0,A-c42f1f,9.0,2.2222222222222223,1.0
A-c42f1f,Company_21,HealthTech,US,28-07-2024,other,Pro,8,False,0,S-1f4c01,A-c42f1f,22-11-2024,31-12-2026,Pro,12,588,7056,False,False,False,False,monthly,False,45.0,8527.0,7.0,A-c42f1f,9.0,2.2222222222222223,1.0
A-c42f1f,Company_21,HealthTech,US,28-07-2024,other,Pro,8,False,0,S-bdf7c2,A-c42f1f,26-10-2024,24-12-2024,Pro,11,539,6468,False,False,True,True,annual,True,49.0,11073.0,1.0,A-c42f1f,9.0,2.2222222222222223,1.0
A-4e44e8,Company_22,DevTools,US,20-08-2024,ads,Enterprise,3,False,1,S-cdd00a,A-4e44e8,23-08-2024,31-12-2026,Basic,38,722,8664,False,False,False,False,monthly,True,41.0,11681.0,2.0,A-4e44e8,3.0,3.3333333333333335,0.0
A-4e44e8,Company_22,DevTools,US,20-08-2024,ads,Enterprise,3,False,1,S-e052d8,A-4e44e8,26-10-2024,31-12-2026,Pro,25,0,0,True,False,False,False,annual,True,50.0,15993.0,8.0,A-4e44e8,3.0,3.3333333333333335,0.0
A-4e44e8,Company_22,DevTools,US,20-08-2024,ads,Enterprise,3,False,1,S-02ab8b,A-4e44e8,03-11-2024,31-12-2026,Enterprise,75,14925,179100,False,False,False,False,monthly,True,52.0,18549.0,1.0,A-4e44e8,3.0,3.3333333333333335,0.0
A-4e44e8,Company_22,DevTools,US,20-08-2024,ads,Enterprise,3,False,1,S-ed4c45,A-4e44e8,15-09-2024,21-09-2024,Enterprise,78,15522,186264,False,False,False,True,monthly,True,27.0,7138.0,0.0,A-4e44e8,3.0,3.3333333333333335,0.0
A-4e44e8,Company_22,DevTools,US,20-08-2024,ads,Enterprise,3,False,1,S-307b2b,A-4e44e8,21-09-2024,26-10-2024,Pro,8,392,4704,False,False,False,True,annual,True,35.0,13949.0,2.0,A-4e44e8,3.0,3.3333333333333335,0.0
A-4e44e8,Company_22,DevTools,US,20-08-2024,ads,Enterprise,3,False,1,S-8e9e9b,A-4e44e8,06-09-2024,31-12-2026,Basic,3,57,684,False,True,False,False,annual,False,59.0,17860.0,1.0,A-4e44e8,3.0,3.3333333333333335,0.0
A-4e44e8,Company_22,DevTools,US,20-08-2024,ads,Enterprise,3,False,1,S-b39049,A-4e44e8,08-11-2024,31-12-2026,Pro,18,0,0,True,False,False,False,monthly,True,53.0,13686.0,7.0,A-4e44e8,3.0,3.3333333333333335,0.0
A-4e44e8,Company_22,DevTools,US,20-08-2024,ads,Enterprise,3,False,1,S-fc8463,A-4e44e8,16-10-2024,31-12-2026,Basic,10,190,2280,False,False,False,False,annual,True,47.0,7726.0,0.0,A-4e44e8,3.0,3.3333333333333335,0.0
A-4e44e8,Company_22,DevTools,US,20-08-2024,ads,Enterprise,3,False,1,S-3ea19d,A-4e44e8,28-09-2024,31-12-2026,Basic,10,0,0,True,False,False,False,monthly,True,73.0,29764.0,0.0,A-4e44e8,3.0,3.3333333333333335,0.0
A-4e44e8,Company_22,DevTools,US,20-08-2024,ads,Enterprise,3,False,1,S-d0af44,A-4e44e8,23-08-2024,31-12-2026,Basic,20,380,4560,False,True,False,False,annual,False,49.0,9932.0,1.0,A-4e44e8,3.0,3.3333333333333335,0.0
A-4e44e8,Company_22,DevTools,US,20-08-2024,ads,Enterprise,3,False,1,S-99efdc,A-4e44e8,19-12-2024,31-12-2026,Enterprise,17,3383,40596,False,False,False,False,annual,True,66.0,25831.0,9.0,A-4e44e8,3.0,3.3333333333333335,0.0
A-4e44e8,Company_22,DevTools,US,20-08-2024,ads,Enterprise,3,False,1,S-d365af,A-4e44e8,01-09-2024,31-12-2026,Basic,11,209,2508,False,False,False,False,annual,True,19.0,3051.0,0.0,A-4e44e8,3.0,3.3333333333333335,0.0
A-4e44e8,Company_22,DevTools,US,20-08-2024,ads,Enterprise,3,False,1,S-c8a3f6,A-4e44e8,04-09-2024,31-12-2026,Basic,6,114,1368,False,False,False,False,monthly,False,62.0,16219.0,3.0,A-4e44e8,3.0,3.3333333333333335,0.0
A-4e44e8,Company_22,DevTools,US,20-08-2024,ads,Enterprise,3,False,1,S-07399c,A-4e44e8,18-11-2024,31-12-2026,Basic,29,551,6612,False,False,False,False,monthly,True,54.0,17008.0,3.0,A-4e44e8,3.0,3.3333333333333335,0.0
A-30b4ca,Company_23,EdTech,IN,20-05-2024,organic,Basic,86,False,1,S-239a39,A-30b4ca,01-07-2024,31-12-2026,Pro,86,4214,50568,False,False,False,False,monthly,True,51.0,14092.0,2.0,A-30b4ca,3.0,1.3333333333333333,0.0
A-30b4ca,Company_23,EdTech,IN,20-05-2024,organic,Basic,86,False,1,S-3c1038,A-30b4ca,13-08-2024,31-12-2026,Pro,86,0,0,True,False,False,False,monthly,True,18.0,7086.0,2.0,A-30b4ca,3.0,1.3333333333333333,0.0
A-30b4ca,Company_23,EdTech,IN,20-05-2024,organic,Basic,86,False,1,S-e36ccb,A-30b4ca,30-06-2024,31-12-2026,Enterprise,86,17114,205368,False,False,False,False,monthly,True,56.0,21367.0,4.0,A-30b4ca,3.0,1.3333333333333333,0.0
A-30b4ca,Company_23,EdTech,IN,20-05-2024,organic,Basic,86,False,1,S-f9ec8f,A-30b4ca,03-10-2024,31-12-2026,Basic,86,1634,19608,False,False,False,False,annual,True,64.0,13431.0,5.0,A-30b4ca,3.0,1.3333333333333333,0.0
A-30b4ca,Company_23,EdTech,IN,20-05-2024,organic,Basic,86,False,1,S-3128b4,A-30b4ca,27-05-2024,31-12-2026,Enterprise,86,17114,205368,False,False,False,False,monthly,False,41.0,7840.0,4.0,A-30b4ca,3.0,1.3333333333333333,0.0
A-30b4ca,Company_23,EdTech,IN,20-05-2024,organic,Basic,86,False,1,S-1f93cd,A-30b4ca,25-08-2024,31-12-2026,Basic,86,1634,19608,False,False,False,False,monthly,True,19.0,8456.0,0.0,A-30b4ca,3.0,1.3333333333333333,0.0
A-30b4ca,Company_23,EdTech,IN,20-05-2024,organic,Basic,86,False,1,S-5ab139,A-30b4ca,24-05-2024,31-12-2026,Enterprise,86,17114,205368,False,False,False,False,annual,True,60.0,26329.0,4.0,A-30b4ca,3.0,1.3333333333333333,0.0
A-30b4ca,Company_23,EdTech,IN,20-05-2024,organic,Basic,86,False,1,S-af6284,A-30b4ca,27-05-2024,31-12-2026,Enterprise,86,17114,205368,False,False,False,False,annual,True,93.0,28832.0,1.0,A-30b4ca,3.0,1.3333333333333333,0.0
A-9f2731,Company_24,FinTech,IN,04-10-2024,event,Enterprise,1,False,0,S-c5f3d4,A-9f2731,22-11-2024,31-12-2026,Pro,5,0,0,True,False,False,False,annual,True,76.0,19494.0,9.0,0,0.0,0.0,0.0
A-9f2731,Company_24,FinTech,IN,04-10-2024,event,Enterprise,1,False,0,S-c6dc67,A-9f2731,10-11-2024,31-12-2026,Pro,33,1617,19404,False,False,False,False,monthly,True,16.0,5404.0,0.0,0,0.0,0.0,0.0
A-9f2731,Company_24,FinTech,IN,04-10-2024,event,Enterprise,1,False,0,S-2b8a8b,A-9f2731,08-11-2024,31-12-2026,Pro,13,637,7644,False,False,False,False,annual,True,42.0,14404.0,4.0,0,0.0,0.0,0.0
A-9f2731,Company_24,FinTech,IN,04-10-2024,event,Enterprise,1,False,0,S-2b35cc,A-9f2731,11-11-2024,31-12-2026,Pro,13,637,7644,False,False,True,False,monthly,True,30.0,7228.0,0.0,0,0.0,0.0,0.0
A-9f2731,Company_24,FinTech,IN,04-10-2024,event,Enterprise,1,False,0,S-c27e9c,A-9f2731,02-11-2024,31-12-2026,Basic,38,722,8664,False,False,False,False,monthly,True,34.0,3829.0,1.0,0,0.0,0.0,0.0
A-9f2731,Company_24,FinTech,IN,04-10-2024,event,Enterprise,1,False,0,S-f639fb,A-9f2731,12-10-2024,31-12-2026,Pro,27,0,0,True,False,False,False,monthly,True,33.0,12646.0,2.0,0,0.0,0.0,0.0
A-9f2731,Company_24,FinTech,IN,04-10-2024,event,Enterprise,1,False,0,S-be42e1,A-9f2731,22-10-2024,31-12-2026,Pro,39,0,0,True,False,False,False,annual,True,93.0,35108.0,4.0,0,0.0,0.0,0.0
A-32fb14,Company_25,DevTools,US,07-03-2023,event,Enterprise,26,False,1,S-8d6cec,A-32fb14,05-07-2024,31-12-2026,Pro,32,1568,18816,False,True,False,False,annual,True,33.0,7008.0,2.0,A-32fb14,5.0,1.8,0.0
A-32fb14,Company_25,DevTools,US,07-03-2023,event,Enterprise,26,False,1,S-579a24,A-32fb14,04-09-2024,31-12-2026,Basic,26,494,5928,False,True,False,False,monthly,False,104.0,30332.0,1.0,A-32fb14,5.0,1.8,0.0
A-32fb14,Company_25,DevTools,US,07-03-2023,event,Enterprise,26,False,1,S-5ed35a,A-32fb14,16-03-2024,21-04-2024,Basic,47,893,10716,False,False,False,True,monthly,True,54.0,13206.0,1.0,A-32fb14,5.0,1.8,0.0
A-32fb14,Company_25,DevTools,US,07-03-2023,event,Enterprise,26,False,1,S-856241,A-32fb14,12-09-2023,31-12-2026,Basic,26,494,5928,False,False,False,False,monthly,True,57.0,20061.0,0.0,A-32fb14,5.0,1.8,0.0
A-32fb14,Company_25,DevTools,US,07-03-2023,event,Enterprise,26,False,1,S-d9eb73,A-32fb14,18-07-2023,31-12-2026,Basic,26,0,0,True,False,False,False,annual,True,44.0,16154.0,3.0,A-32fb14,5.0,1.8,0.0
A-32fb14,Company_25,DevTools,US,07-03-2023,event,Enterprise,26,False,1,S-1200b3,A-32fb14,19-11-2023,31-12-2026,Basic,26,494,5928,False,False,False,False,annual,False,26.0,11087.0,4.0,A-32fb14,5.0,1.8,0.0
A-32fb14,Company_25,DevTools,US,07-03-2023,event,Enterprise,26,False,1,S-33598f,A-32fb14,09-11-2024,31-12-2026,Enterprise,26,5174,62088,False,False,False,False,annual,True,58.0,17273.0,4.0,A-32fb14,5.0,1.8,0.0
A-32fb14,Company_25,DevTools,US,07-03-2023,event,Enterprise,26,False,1,S-38c5fd,A-32fb14,20-11-2023,28-06-2024,Basic,26,494,5928,False,False,False,True,annual,True,37.0,12959.0,3.0,A-32fb14,5.0,1.8,0.0
A-32fb14,Company_25,DevTools,US,07-03-2023,event,Enterprise,26,False,1,S-4f8c90,A-32fb14,18-03-2024,31-12-2026,Basic,29,551,6612,False,False,False,False,annual,True,75.0,22628.0,1.0,A-32fb14,5.0,1.8,0.0
A-00cac8,Company_26,HealthTech,AU,15-09-2023,organic,Enterprise,8,True,0,S-4d1ba6,A-00cac8,04-04-2024,31-12-2026,Enterprise,9,0,0,True,False,False,False,annual,False,65.0,22750.0,2.0,A-00cac8,2.0,0.0,0.0
A-00cac8,Company_26,HealthTech,AU,15-09-2023,organic,Enterprise,8,True,0,S-c46499,A-00cac8,03-03-2024,31-12-2026,Basic,8,152,1824,False,False,False,False,annual,True,96.0,24392.0,5.0,A-00cac8,2.0,0.0,0.0
A-00cac8,Company_26,HealthTech,AU,15-09-2023,organic,Enterprise,8,True,0,S-ebfbbe,A-00cac8,04-08-2024,31-12-2026,Basic,8,152,1824,False,False,False,False,monthly,True,73.0,22642.0,7.0,A-00cac8,2.0,0.0,0.0
A-00cac8,Company_26,HealthTech,AU,15-09-2023,organic,Enterprise,8,True,0,S-138c41,A-00cac8,26-12-2023,31-12-2026,Basic,19,361,4332,False,False,False,False,annual,True,89.0,26336.0,4.0,A-00cac8,2.0,0.0,0.0
A-00cac8,Company_26,HealthTech,AU,15-09-2023,organic,Enterprise,8,True,0,S-c0ca82,A-00cac8,02-12-2024,31-12-2026,Pro,19,931,11172,False,False,True,False,annual,True,67.0,17652.0,4.0,A-00cac8,2.0,0.0,0.0
A-00cac8,Company_26,HealthTech,AU,15-09-2023,organic,Enterprise,8,True,0,S-0bdbb3,A-00cac8,09-08-2024,31-12-2026,Enterprise,39,7761,93132,False,False,False,False,monthly,True,80.0,29032.0,0.0,A-00cac8,2.0,0.0,0.0
A-00cac8,Company_26,HealthTech,AU,15-09-2023,organic,Enterprise,8,True,0,S-dcae52,A-00cac8,29-10-2024,31-12-2026,Enterprise,20,3980,47760,False,False,False,False,monthly,True,14.0,1186.0,2.0,A-00cac8,2.0,0.0,0.0
A-00cac8,Company_26,HealthTech,AU,15-09-2023,organic,Enterprise,8,True,0,S-2e965d,A-00cac8,16-09-2023,31-12-2026,Pro,8,392,4704,False,False,False,False,monthly,True,79.0,16484.0,3.0,A-00cac8,2.0,0.0,0.0
A-00cac8,Company_26,HealthTech,AU,15-09-2023,organic,Enterprise,8,True,0,S-761518,A-00cac8,05-09-2024,31-12-2026,Pro,8,392,4704,False,False,False,False,monthly,True,39.0,10892.0,4.0,A-00cac8,2.0,0.0,0.0
A-35083d,Company_27,HealthTech,IN,28-04-2023,partner,Basic,19,False,1,S-22be2c,A-35083d,15-12-2024,31-12-2026,Enterprise,49,9751,117012,False,False,False,False,monthly,True,38.0,8282.0,1.0,A-35083d,4.0,3.75,0.0
A-35083d,Company_27,HealthTech,IN,28-04-2023,partner,Basic,19,False,1,S-418b7c,A-35083d,17-10-2024,31-12-2026,Pro,19,931,11172,False,False,False,False,annual,True,87.0,33933.0,1.0,A-35083d,4.0,3.75,0.0
A-35083d,Company_27,HealthTech,IN,28-04-2023,partner,Basic,19,False,1,S-dc2418,A-35083d,23-01-2024,31-12-2026,Basic,34,646,7752,False,False,False,False,monthly,True,40.0,8677.0,3.0,A-35083d,4.0,3.75,0.0
A-35083d,Company_27,HealthTech,IN,28-04-2023,partner,Basic,19,False,1,S-842638,A-35083d,04-05-2024,26-06-2024,Pro,19,931,11172,False,False,False,True,annual,True,26.0,10200.0,3.0,A-35083d,4.0,3.75,0.0
A-35083d,Company_27,HealthTech,IN,28-04-2023,partner,Basic,19,False,1,S-374628,A-35083d,17-07-2024,31-12-2026,Basic,19,361,4332,False,False,False,False,monthly,False,48.0,11022.0,5.0,A-35083d,4.0,3.75,0.0
A-35083d,Company_27,HealthTech,IN,28-04-2023,partner,Basic,19,False,1,S-6a02fe,A-35083d,07-11-2023,31-12-2026,Basic,25,475,5700,False,False,False,False,monthly,True,56.0,23592.0,2.0,A-35083d,4.0,3.75,0.0
A-35083d,Company_27,HealthTech,IN,28-04-2023,partner,Basic,19,False,1,S-de059a,A-35083d,11-05-2024,31-12-2026,Enterprise,19,3781,45372,False,False,False,False,monthly,True,43.0,6890.0,4.0,A-35083d,4.0,3.75,0.0
A-35083d,Company_27,HealthTech,IN,28-04-2023,partner,Basic,19,False,1,S-ad5d94,A-35083d,30-11-2023,31-12-2026,Basic,19,0,0,True,False,False,False,annual,False,64.0,17524.0,4.0,A-35083d,4.0,3.75,0.0
A-35083d,Company_27,HealthTech,IN,28-04-2023,partner,Basic,19,False,1,S-e7fe6f,A-35083d,22-07-2024,31-12-2026,Pro,42,2058,24696,False,True,False,False,annual,True,37.0,10056.0,3.0,A-35083d,4.0,3.75,0.0
A-35083d,Company_27,HealthTech,IN,28-04-2023,partner,Basic,19,False,1,S-ad3ef7,A-35083d,03-06-2023,31-12-2026,Enterprise,19,0,0,True,False,False,False,annual,True,76.0,29871.0,1.0,A-35083d,4.0,3.75,0.0
A-35083d,Company_27,HealthTech,IN,28-04-2023,partner,Basic,19,False,1,S-f00f7e,A-35083d,09-09-2024,31-12-2026,Pro,25,1225,14700,False,False,False,False,monthly,True,68.0,21750.0,4.0,A-35083d,4.0,3.75,0.0
A-35083d,Company_27,HealthTech,IN,28-04-2023,partner,Basic,19,False,1,S-b4b400,A-35083d,16-04-2024,31-12-2026,Pro,19,931,11172,False,True,False,False,annual,True,80.0,23246.0,3.0,A-35083d,4.0,3.75,0.0
A-35083d,Company_27,HealthTech,IN,28-04-2023,partner,Basic,19,False,1,S-d7ee6f,A-35083d,10-08-2023,31-12-2026,Enterprise,19,3781,45372,False,True,False,False,annual,True,54.0,21187.0,0.0,A-35083d,4.0,3.75,0.0
A-35083d,Company_27,HealthTech,IN,28-04-2023,partner,Basic,19,False,1,S-ff23a7,A-35083d,04-08-2024,31-12-2026,Pro,48,0,0,True,False,False,False,monthly,True,25.0,2803.0,1.0,A-35083d,4.0,3.75,0.0
A-35083d,Company_27,HealthTech,IN,28-04-2023,partner,Basic,19,False,1,S-03ac49,A-35083d,23-08-2023,31-12-2026,Enterprise,19,3781,45372,False,False,False,False,monthly,True,27.0,4728.0,2.0,A-35083d,4.0,3.75,0.0
A-35083d,Company_27,HealthTech,IN,28-04-2023,partner,Basic,19,False,1,S-c5d797,A-35083d,13-08-2024,31-12-2026,Enterprise,19,3781,45372,False,False,False,False,monthly,True,22.0,3294.0,0.0,A-35083d,4.0,3.75,0.0
A-eb7fac,Company_28,DevTools,US,28-10-2023,organic,Enterprise,7,False,0,S-3a1a06,A-eb7fac,09-07-2024,31-12-2026,Enterprise,14,2786,33432,False,False,False,False,monthly,True,61.0,17440.0,7.0,A-eb7fac,4.0,1.0,0.0
A-eb7fac,Company_28,DevTools,US,28-10-2023,organic,Enterprise,7,False,0,S-4c100f,A-eb7fac,24-02-2024,31-12-2026,Enterprise,136,27064,324768,False,False,False,False,monthly,False,39.0,18833.0,4.0,A-eb7fac,4.0,1.0,0.0
A-eb7fac,Company_28,DevTools,US,28-10-2023,organic,Enterprise,7,False,0,S-dfa4c8,A-eb7fac,21-01-2024,22-04-2024,Pro,7,343,4116,False,False,False,True,annual,True,103.0,33843.0,6.0,A-eb7fac,4.0,1.0,0.0
A-eb7fac,Company_28,DevTools,US,28-10-2023,organic,Enterprise,7,False,0,S-0b7de7,A-eb7fac,03-09-2024,31-12-2026,Enterprise,16,3184,38208,False,False,False,False,monthly,True,41.0,13385.0,6.0,A-eb7fac,4.0,1.0,0.0
A-eb7fac,Company_28,DevTools,US,28-10-2023,organic,Enterprise,7,False,0,S-e60f46,A-eb7fac,30-03-2024,31-12-2026,Enterprise,7,1393,16716,False,False,False,False,annual,True,0.0,0.0,0.0,A-eb7fac,4.0,1.0,0.0
A-eb7fac,Company_28,DevTools,US,28-10-2023,organic,Enterprise,7,False,0,S-30c045,A-eb7fac,24-05-2024,31-12-2026,Pro,92,4508,54096,False,False,False,False,monthly,True,62.0,21746.0,3.0,A-eb7fac,4.0,1.0,0.0
A-eb7fac,Company_28,DevTools,US,28-10-2023,organic,Enterprise,7,False,0,S-4ef4fd,A-eb7fac,19-09-2024,31-12-2026,Pro,7,343,4116,False,False,False,False,annual,True,117.0,33986.0,9.0,A-eb7fac,4.0,1.0,0.0
A-eb7fac,Company_28,DevTools,US,28-10-2023,organic,Enterprise,7,False,0,S-9464f8,A-eb7fac,22-10-2024,31-12-2026,Basic,26,494,5928,False,False,False,False,monthly,True,46.0,17133.0,4.0,A-eb7fac,4.0,1.0,0.0
A-eb7fac,Company_28,DevTools,US,28-10-2023,organic,Enterprise,7,False,0,S-28a2b2,A-eb7fac,22-09-2024,31-12-2026,Enterprise,7,1393,16716,False,False,False,False,monthly,True,40.0,16734.0,1.0,A-eb7fac,4.0,1.0,0.0
A-eb7fac,Company_28,DevTools,US,28-10-2023,organic,Enterprise,7,False,0,S-bd02dd,A-eb7fac,26-12-2023,31-12-2026,Pro,12,588,7056,False,False,False,False,monthly,True,29.0,12629.0,4.0,A-eb7fac,4.0,1.0,0.0
A-b20d99,Company_29,HealthTech,IN,27-09-2023,other,Basic,20,False,0,S-081b81,A-b20d99,30-01-2024,31-12-2026,Basic,20,380,4560,False,False,False,False,annual,True,27.0,4221.0,0.0,A-b20d99,2.0,3.5,0.0
A-b20d99,Company_29,HealthTech,IN,27-09-2023,other,Basic,20,False,0,S-78da0b,A-b20d99,26-01-2024,31-12-2026,Enterprise,20,3980,47760,False,False,False,False,monthly,True,36.0,14291.0,0.0,A-b20d99,2.0,3.5,0.0
A-b20d99,Company_29,HealthTech,IN,27-09-2023,other,Basic,20,False,0,S-c226ae,A-b20d99,27-03-2024,31-12-2026,Basic,34,646,7752,False,False,False,False,annual,False,36.0,13437.0,1.0,A-b20d99,2.0,3.5,0.0
A-b20d99,Company_29,HealthTech,IN,27-09-2023,other,Basic,20,False,0,S-ac6547,A-b20d99,19-07-2024,31-12-2026,Basic,20,380,4560,False,False,False,False,annual,True,88.0,33648.0,3.0,A-b20d99,2.0,3.5,0.0
A-b20d99,Company_29,HealthTech,IN,27-09-2023,other,Basic,20,False,0,S-d6f31b,A-b20d99,03-11-2024,31-12-2026,Enterprise,20,3980,47760,False,True,False,False,monthly,True,71.0,20236.0,2.0,A-b20d99,2.0,3.5,0.0
A-b20d99,Company_29,HealthTech,IN,27-09-2023,other,Basic,20,False,0,S-15be1c,A-b20d99,26-09-2024,31-12-2026,Pro,27,1323,15876,False,False,False,False,monthly,True,43.0,14547.0,3.0,A-b20d99,2.0,3.5,0.0
A-b20d99,Company_29,HealthTech,IN,27-09-2023,other,Basic,20,False,0,S-208e33,A-b20d99,05-08-2024,31-12-2026,Basic,20,380,4560,False,False,False,False,monthly,True,28.0,4834.0,3.0,A-b20d99,2.0,3.5,0.0
A-396e5f,Company_30,Cybersecurity,CA,02-10-2024,other,Enterprise,2,False,0,S-fd648e,A-396e5f,29-10-2024,31-12-2026,Pro,37,1813,21756,False,False,False,False,annual,False,10.0,4280.0,0.0,A-396e5f,5.0,0.8,1.0
A-396e5f,Company_30,Cybersecurity,CA,02-10-2024,other,Enterprise,2,False,0,S-467918,A-396e5f,19-12-2024,31-12-2026,Pro,34,1666,19992,False,False,False,False,monthly,False,73.0,26994.0,5.0,A-396e5f,5.0,0.8,1.0
A-396e5f,Company_30,Cybersecurity,CA,02-10-2024,other,Enterprise,2,False,0,S-7f28f3,A-396e5f,18-10-2024,31-12-2026,Pro,10,490,5880,False,True,True,False,annual,True,20.0,5624.0,1.0,A-396e5f,5.0,0.8,1.0
A-396e5f,Company_30,Cybersecurity,CA,02-10-2024,other,Enterprise,2,False,0,S-6ee6c9,A-396e5f,19-10-2024,31-12-2026,Pro,53,2597,31164,False,False,False,False,annual,True,25.0,6374.0,0.0,A-396e5f,5.0,0.8,1.0
A-396e5f,Company_30,Cybersecurity,CA,02-10-2024,other,Enterprise,2,False,0,S-7c47af,A-396e5f,25-10-2024,31-12-2026,Basic,18,342,4104,False,False,False,False,annual,True,79.0,32076.0,3.0,A-396e5f,5.0,0.8,1.0
A-396e5f,Company_30,Cybersecurity,CA,02-10-2024,other,Enterprise,2,False,0,S-67c2c9,A-396e5f,15-11-2024,31-12-2026,Pro,7,343,4116,False,False,False,False,monthly,True,67.0,20638.0,3.0,A-396e5f,5.0,0.8,1.0
A-396e5f,Company_30,Cybersecurity,CA,02-10-2024,other,Enterprise,2,False,0,S-58d17c,A-396e5f,02-12-2024,31-12-2026,Enterprise,2,398,4776,False,False,False,False,monthly,True,83.0,23535.0,4.0,A-396e5f,5.0,0.8,1.0
A-396e5f,Company_30,Cybersecurity,CA,02-10-2024,other,Enterprise,2,False,0,S-d18856,A-396e5f,05-10-2024,31-12-2026,Enterprise,6,1194,14328,False,False,False,False,monthly,True,64.0,28393.0,4.0,A-396e5f,5.0,0.8,1.0
A-396e5f,Company_30,Cybersecurity,CA,02-10-2024,other,Enterprise,2,False,0,S-9f8593,A-396e5f,23-10-2024,31-12-2026,Enterprise,2,0,0,True,False,False,False,monthly,True,76.0,17378.0,3.0,A-396e5f,5.0,0.8,1.0
A-396e5f,Company_30,Cybersecurity,CA,02-10-2024,other,Enterprise,2,False,0,S-3ae8d8,A-396e5f,02-10-2024,31-12-2026,Enterprise,7,1393,16716,False,True,False,False,monthly,True,43.0,10135.0,0.0,A-396e5f,5.0,0.8,1.0
A-45ce7a,Company_31,FinTech,US,23-07-2023,ads,Enterprise,16,False,0,S-643ccd,A-45ce7a,30-09-2024,31-12-2026,Basic,16,304,3648,False,False,False,False,annual,False,72.0,25759.0,4.0,A-45ce7a,5.0,2.2,0.0
A-45ce7a,Company_31,FinTech,US,23-07-2023,ads,Enterprise,16,False,0,S-ec0efa,A-45ce7a,04-04-2024,31-12-2026,Basic,22,418,5016,False,False,False,False,monthly,True,55.0,19990.0,1.0,A-45ce7a,5.0,2.2,0.0
A-45ce7a,Company_31,FinTech,US,23-07-2023,ads,Enterprise,16,False,0,S-92e1fc,A-45ce7a,13-04-2024,31-12-2026,Pro,16,0,0,True,False,False,False,monthly,True,21.0,2163.0,2.0,A-45ce7a,5.0,2.2,0.0
A-45ce7a,Company_31,FinTech,US,23-07-2023,ads,Enterprise,16,False,0,S-41128b,A-45ce7a,13-11-2024,31-12-2026,Enterprise,16,3184,38208,False,False,False,False,monthly,True,62.0,18958.0,2.0,A-45ce7a,5.0,2.2,0.0
A-45ce7a,Company_31,FinTech,US,23-07-2023,ads,Enterprise,16,False,0,S-6ce794,A-45ce7a,20-02-2024,31-12-2026,Basic,18,342,4104,False,True,False,False,monthly,False,93.0,28203.0,11.0,A-45ce7a,5.0,2.2,0.0
A-45ce7a,Company_31,FinTech,US,23-07-2023,ads,Enterprise,16,False,0,S-453f00,A-45ce7a,18-08-2023,20-05-2024,Pro,16,784,9408,False,True,True,True,monthly,True,54.0,10994.0,3.0,A-45ce7a,5.0,2.2,0.0
A-45ce7a,Company_31,FinTech,US,23-07-2023,ads,Enterprise,16,False,0,S-fcb954,A-45ce7a,19-03-2024,31-12-2026,Enterprise,16,3184,38208,False,False,False,False,annual,True,67.0,18911.0,7.0,A-45ce7a,5.0,2.2,0.0
A-08e34e,Company_32,EdTech,US,27-06-2024,event,Basic,14,False,1,S-69937b,A-08e34e,08-08-2024,31-12-2026,Pro,14,686,8232,False,False,False,False,annual,False,29.0,8023.0,0.0,A-08e34e,3.0,2.0,0.0
A-08e34e,Company_32,EdTech,US,27-06-2024,event,Basic,14,False,1,S-7d55dc,A-08e34e,01-09-2024,31-12-2026,Enterprise,30,5970,71640,False,False,False,False,annual,True,47.0,12386.0,6.0,A-08e34e,3.0,2.0,0.0
A-08e34e,Company_32,EdTech,US,27-06-2024,event,Basic,14,False,1,S-711820,A-08e34e,02-09-2024,31-12-2026,Basic,49,931,11172,False,False,False,False,annual,False,65.0,18921.0,6.0,A-08e34e,3.0,2.0,0.0
A-08e34e,Company_32,EdTech,US,27-06-2024,event,Basic,14,False,1,S-d50f1d,A-08e34e,02-07-2024,31-12-2026,Basic,29,0,0,True,False,False,False,annual,True,79.0,18837.0,3.0,A-08e34e,3.0,2.0,0.0
A-08e34e,Company_32,EdTech,US,27-06-2024,event,Basic,14,False,1,S-39a28e,A-08e34e,26-12-2024,31-12-2026,Enterprise,14,0,0,True,False,False,False,monthly,True,63.0,16478.0,0.0,A-08e34e,3.0,2.0,0.0
A-08e34e,Company_32,EdTech,US,27-06-2024,event,Basic,14,False,1,S-8e3b74,A-08e34e,06-11-2024,31-12-2026,Enterprise,29,5771,69252,False,False,False,False,monthly,False,45.0,12583.0,0.0,A-08e34e,3.0,2.0,0.0
A-08e34e,Company_32,EdTech,US,27-06-2024,event,Basic,14,False,1,S-7f219a,A-08e34e,28-09-2024,31-12-2026,Pro,14,686,8232,False,False,False,False,monthly,True,51.0,21984.0,1.0,A-08e34e,3.0,2.0,0.0
A-08e34e,Company_32,EdTech,US,27-06-2024,event,Basic,14,False,1,S-bbe998,A-08e34e,01-07-2024,31-12-2026,Pro,14,686,8232,False,False,False,False,annual,True,36.0,5504.0,4.0,A-08e34e,3.0,2.0,0.0
A-08e34e,Company_32,EdTech,US,27-06-2024,event,Basic,14,False,1,S-6b534f,A-08e34e,31-12-2024,31-12-2026,Enterprise,14,2786,33432,False,False,False,False,monthly,True,72.0,23768.0,4.0,A-08e34e,3.0,2.0,0.0
A-08e34e,Company_32,EdTech,US,27-06-2024,event,Basic,14,False,1,S-42daaa,A-08e34e,07-08-2024,31-12-2026,Basic,77,1463,17556,False,False,False,False,annual,False,64.0,14759.0,1.0,A-08e34e,3.0,2.0,0.0
A-08e34e,Company_32,EdTech,US,27-06-2024,event,Basic,14,False,1,S-101401,A-08e34e,05-12-2024,31-12-2026,Pro,58,2842,34104,False,False,False,False,monthly,True,100.0,33686.0,7.0,A-08e34e,3.0,2.0,0.0
A-8145a0,Company_33,Cybersecurity,AU,25-04-2023,partner,Basic,2,True,0,S-e51242,A-8145a0,13-11-2023,31-12-2026,Enterprise,9,1791,21492,False,False,False,False,annual,True,62.0,28639.0,3.0,A-8145a0,6.0,2.0,0.0
A-8145a0,Company_33,Cybersecurity,AU,25-04-2023,partner,Basic,2,True,0,S-426f2f,A-8145a0,08-03-2024,31-12-2026,Enterprise,3,597,7164,False,False,False,False,annual,True,14.0,3266.0,3.0,A-8145a0,6.0,2.0,0.0
A-8145a0,Company_33,Cybersecurity,AU,25-04-2023,partner,Basic,2,True,0,S-43cd30,A-8145a0,01-05-2024,31-12-2026,Basic,37,0,0,True,True,False,False,annual,False,68.0,24845.0,2.0,A-8145a0,6.0,2.0,0.0
A-8145a0,Company_33,Cybersecurity,AU,25-04-2023,partner,Basic,2,True,0,S-d7c21d,A-8145a0,17-12-2024,31-12-2026,Basic,15,285,3420,False,False,False,False,monthly,True,48.0,12610.0,3.0,A-8145a0,6.0,2.0,0.0
A-8145a0,Company_33,Cybersecurity,AU,25-04-2023,partner,Basic,2,True,0,S-87e8d3,A-8145a0,07-08-2023,31-12-2026,Enterprise,4,796,9552,False,False,False,False,monthly,True,98.0,41045.0,4.0,A-8145a0,6.0,2.0,0.0
A-8145a0,Company_33,Cybersecurity,AU,25-04-2023,partner,Basic,2,True,0,S-98126d,A-8145a0,09-09-2024,31-12-2026,Basic,12,228,2736,False,False,False,False,monthly,True,14.0,2826.0,0.0,A-8145a0,6.0,2.0,0.0
A-8145a0,Company_33,Cybersecurity,AU,25-04-2023,partner,Basic,2,True,0,S-8fd62c,A-8145a0,27-03-2024,31-12-2026,Enterprise,2,398,4776,False,False,False,False,monthly,True,85.0,24209.0,4.0,A-8145a0,6.0,2.0,0.0
A-8145a0,Company_33,Cybersecurity,AU,25-04-2023,partner,Basic,2,True,0,S-b362a5,A-8145a0,17-10-2023,31-12-2026,Basic,44,836,10032,False,False,False,False,annual,True,55.0,10914.0,0.0,A-8145a0,6.0,2.0,0.0
A-8145a0,Company_33,Cybersecurity,AU,25-04-2023,partner,Basic,2,True,0,S-2eb247,A-8145a0,01-02-2024,09-06-2024,Enterprise,25,4975,59700,False,False,False,True,monthly,True,32.0,6593.0,0.0,A-8145a0,6.0,2.0,0.0
A-8145a0,Company_33,Cybersecurity,AU,25-04-2023,partner,Basic,2,True,0,S-101324,A-8145a0,29-09-2023,31-12-2026,Enterprise,24,4776,57312,False,False,False,False,monthly,True,63.0,14807.0,5.0,A-8145a0,6.0,2.0,0.0
A-8145a0,Company_33,Cybersecurity,AU,25-04-2023,partner,Basic,2,True,0,S-da2f0b,A-8145a0,10-08-2024,31-12-2026,Enterprise,12,2388,28656,False,True,False,False,annual,True,94.0,20313.0,2.0,A-8145a0,6.0,2.0,0.0
A-8145a0,Company_33,Cybersecurity,AU,25-04-2023,partner,Basic,2,True,0,S-40adae,A-8145a0,26-01-2024,31-12-2026,Basic,10,190,2280,False,False,False,False,monthly,True,60.0,10110.0,1.0,A-8145a0,6.0,2.0,0.0
A-bad8c1,Company_34,FinTech,AU,01-03-2023,organic,Basic,7,False,0,S-ea71b5,A-bad8c1,12-12-2023,31-12-2026,Enterprise,10,0,0,True,True,False,False,annual,True,82.0,20809.0,2.0,A-bad8c1,1.0,4.0,0.0
A-bad8c1,Company_34,FinTech,AU,01-03-2023,organic,Basic,7,False,0,S-a80c62,A-bad8c1,22-02-2024,31-12-2026,Enterprise,12,2388,28656,False,True,False,False,monthly,True,33.0,9711.0,2.0,A-bad8c1,1.0,4.0,0.0
A-bad8c1,Company_34,FinTech,AU,01-03-2023,organic,Basic,7,False,0,S-6bdda7,A-bad8c1,03-06-2024,31-12-2026,Pro,37,1813,21756,False,False,False,False,monthly,True,76.0,28360.0,1.0,A-bad8c1,1.0,4.0,0.0
A-bad8c1,Company_34,FinTech,AU,01-03-2023,organic,Basic,7,False,0,S-55aa8a,A-bad8c1,15-11-2023,31-12-2026,Pro,60,0,0,True,False,False,False,monthly,True,64.0,20654.0,4.0,A-bad8c1,1.0,4.0,0.0
A-bad8c1,Company_34,FinTech,AU,01-03-2023,organic,Basic,7,False,0,S-371662,A-bad8c1,12-06-2023,31-12-2026,Pro,54,2646,31752,False,False,False,False,monthly,True,44.0,16550.0,2.0,A-bad8c1,1.0,4.0,0.0
A-bad8c1,Company_34,FinTech,AU,01-03-2023,organic,Basic,7,False,0,S-c9a968,A-bad8c1,21-03-2024,31-12-2026,Basic,8,152,1824,False,False,False,False,monthly,True,52.0,19737.0,0.0,A-bad8c1,1.0,4.0,0.0
A-bad8c1,Company_34,FinTech,AU,01-03-2023,organic,Basic,7,False,0,S-ddbad0,A-bad8c1,16-09-2023,31-12-2026,Basic,42,798,9576,False,False,False,False,monthly,True,34.0,9854.0,0.0,A-bad8c1,1.0,4.0,0.0
A-44dc83,Company_35,EdTech,FR,12-05-2024,other,Basic,5,False,0,S-fe3b71,A-44dc83,24-09-2024,31-12-2026,Enterprise,37,0,0,True,False,False,False,monthly,True,52.0,16461.0,2.0,A-44dc83,7.0,3.2857142857142856,0.0
A-44dc83,Company_35,EdTech,FR,12-05-2024,other,Basic,5,False,0,S-a9e864,A-44dc83,24-09-2024,31-12-2026,Basic,17,0,0,True,False,False,False,annual,True,56.0,16441.0,6.0,A-44dc83,7.0,3.2857142857142856,0.0
A-44dc83,Company_35,EdTech,FR,12-05-2024,other,Basic,5,False,0,S-df3e3d,A-44dc83,26-11-2024,31-12-2026,Enterprise,13,0,0,True,False,False,False,annual,True,51.0,16247.0,1.0,A-44dc83,7.0,3.2857142857142856,0.0
A-44dc83,Company_35,EdTech,FR,12-05-2024,other,Basic,5,False,0,S-90a2c8,A-44dc83,17-06-2024,31-12-2026,Basic,24,456,5472,False,False,False,False,annual,True,89.0,31970.0,4.0,A-44dc83,7.0,3.2857142857142856,0.0
A-f446b6,Company_36,DevTools,DE,12-05-2023,ads,Pro,5,True,0,S-19b415,A-f446b6,28-05-2023,31-12-2026,Basic,30,570,6840,False,False,False,False,annual,True,21.0,10364.0,1.0,A-f446b6,8.0,2.125,1.0
A-f446b6,Company_36,DevTools,DE,12-05-2023,ads,Pro,5,True,0,S-3ab534,A-f446b6,07-01-2024,31-12-2026,Enterprise,18,3582,42984,False,False,False,False,annual,False,34.0,10518.0,2.0,A-f446b6,8.0,2.125,1.0
A-f446b6,Company_36,DevTools,DE,12-05-2023,ads,Pro,5,True,0,S-998ec2,A-f446b6,17-04-2024,31-12-2026,Basic,5,95,1140,False,False,False,False,annual,True,75.0,23967.0,5.0,A-f446b6,8.0,2.125,1.0
A-f446b6,Company_36,DevTools,DE,12-05-2023,ads,Pro,5,True,0,S-127844,A-f446b6,11-02-2024,31-12-2026,Enterprise,7,1393,16716,False,False,False,False,monthly,True,34.0,13436.0,2.0,A-f446b6,8.0,2.125,1.0
A-f446b6,Company_36,DevTools,DE,12-05-2023,ads,Pro,5,True,0,S-54a3ed,A-f446b6,21-07-2024,31-12-2026,Pro,5,245,2940,False,False,False,False,monthly,True,62.0,28326.0,9.0,A-f446b6,8.0,2.125,1.0
A-f446b6,Company_36,DevTools,DE,12-05-2023,ads,Pro,5,True,0,S-e4b8fd,A-f446b6,25-04-2024,31-12-2026,Pro,53,2597,31164,False,False,False,False,monthly,False,38.0,4915.0,2.0,A-f446b6,8.0,2.125,1.0
A-f446b6,Company_36,DevTools,DE,12-05-2023,ads,Pro,5,True,0,S-f53776,A-f446b6,06-09-2023,31-12-2026,Basic,12,228,2736,False,False,False,False,monthly,True,43.0,18904.0,5.0,A-f446b6,8.0,2.125,1.0
A-f446b6,Company_36,DevTools,DE,12-05-2023,ads,Pro,5,True,0,S-57800a,A-f446b6,08-09-2024,31-12-2026,Basic,5,95,1140,False,False,False,False,annual,True,26.0,7020.0,0.0,A-f446b6,8.0,2.125,1.0
A-f446b6,Company_36,DevTools,DE,12-05-2023,ads,Pro,5,True,0,S-f7b2fc,A-f446b6,25-07-2024,13-10-2024,Enterprise,13,2587,31044,False,False,False,True,monthly,True,43.0,10065.0,5.0,A-f446b6,8.0,2.125,1.0
A-a45270,Company_37,HealthTech,US,24-06-2024,ads,Enterprise,3,False,0,S-49aa80,A-a45270,22-12-2024,30-12-2024,Pro,3,147,1764,False,False,True,True,monthly,True,92.0,30430.0,6.0,A-a45270,4.0,2.0,0.0
A-a45270,Company_37,HealthTech,US,24-06-2024,ads,Enterprise,3,False,0,S-feb4b0,A-a45270,12-07-2024,31-12-2026,Enterprise,10,1990,23880,False,False,False,False,annual,True,34.0,14274.0,3.0,A-a45270,4.0,2.0,0.0
A-a45270,Company_37,HealthTech,US,24-06-2024,ads,Enterprise,3,False,0,S-bdd5df,A-a45270,18-07-2024,31-12-2026,Enterprise,25,4975,59700,False,False,False,False,monthly,False,76.0,15547.0,4.0,A-a45270,4.0,2.0,0.0
A-a45270,Company_37,HealthTech,US,24-06-2024,ads,Enterprise,3,False,0,S-d4a76b,A-a45270,23-09-2024,31-12-2026,Basic,29,551,6612,False,True,False,False,monthly,True,51.0,20982.0,3.0,A-a45270,4.0,2.0,0.0
A-a45270,Company_37,HealthTech,US,24-06-2024,ads,Enterprise,3,False,0,S-c45df0,A-a45270,15-11-2024,31-12-2026,Enterprise,3,597,7164,False,False,False,False,monthly,False,95.0,25335.0,6.0,A-a45270,4.0,2.0,0.0
A-a45270,Company_37,HealthTech,US,24-06-2024,ads,Enterprise,3,False,0,S-106283,A-a45270,27-07-2024,31-12-2026,Enterprise,23,4577,54924,False,False,False,False,annual,True,66.0,27878.0,5.0,A-a45270,4.0,2.0,0.0
A-a45270,Company_37,HealthTech,US,24-06-2024,ads,Enterprise,3,False,0,S-c23126,A-a45270,31-10-2024,31-12-2026,Enterprise,11,2189,26268,False,False,False,False,annual,False,49.0,17187.0,8.0,A-a45270,4.0,2.0,0.0
A-a45270,Company_37,HealthTech,US,24-06-2024,ads,Enterprise,3,False,0,S-a50803,A-a45270,23-12-2024,31-12-2026,Basic,66,0,0,True,False,False,False,annual,True,70.0,21912.0,8.0,A-a45270,4.0,2.0,0.0
A-a45270,Company_37,HealthTech,US,24-06-2024,ads,Enterprise,3,False,0,S-0e12d4,A-a45270,02-08-2024,31-12-2026,Pro,13,637,7644,False,False,False,False,monthly,True,44.0,9112.0,2.0,A-a45270,4.0,2.0,0.0
A-a45270,Company_37,HealthTech,US,24-06-2024,ads,Enterprise,3,False,0,S-0802a4,A-a45270,24-08-2024,31-12-2026,Pro,79,3871,46452,False,False,False,False,annual,True,46.0,12505.0,3.0,A-a45270,4.0,2.0,0.0
A-a45270,Company_37,HealthTech,US,24-06-2024,ads,Enterprise,3,False,0,S-646813,A-a45270,14-09-2024,31-12-2026,Enterprise,14,0,0,True,False,False,False,monthly,True,39.0,2946.0,3.0,A-a45270,4.0,2.0,0.0
A-a45270,Company_37,HealthTech,US,24-06-2024,ads,Enterprise,3,False,0,S-617065,A-a45270,01-10-2024,31-12-2026,Enterprise,3,597,7164,False,True,False,False,annual,True,71.0,24474.0,2.0,A-a45270,4.0,2.0,0.0
A-854864,Company_38,FinTech,IN,07-12-2024,event,Enterprise,20,False,0,S-bbafad,A-854864,27-12-2024,30-12-2024,Basic,20,380,4560,False,False,False,True,annual,True,42.0,12879.0,0.0,A-854864,5.0,4.8,0.0
A-854864,Company_38,FinTech,IN,07-12-2024,event,Enterprise,20,False,0,S-b32512,A-854864,25-12-2024,31-12-2026,Enterprise,20,3980,47760,False,False,False,False,monthly,True,58.0,12452.0,6.0,A-854864,5.0,4.8,0.0
A-854864,Company_38,FinTech,IN,07-12-2024,event,Enterprise,20,False,0,S-676254,A-854864,31-12-2024,31-12-2026,Pro,20,980,11760,False,False,False,False,annual,True,63.0,21875.0,2.0,A-854864,5.0,4.8,0.0
A-854864,Company_38,FinTech,IN,07-12-2024,event,Enterprise,20,False,0,S-3d6100,A-854864,24-12-2024,31-12-2026,Pro,20,980,11760,False,False,False,False,annual,True,36.0,13956.0,0.0,A-854864,5.0,4.8,0.0
A-854864,Company_38,FinTech,IN,07-12-2024,event,Enterprise,20,False,0,S-6c625e,A-854864,15-12-2024,31-12-2026,Pro,91,4459,53508,False,False,False,False,monthly,False,24.0,8302.0,0.0,A-854864,5.0,4.8,0.0
A-854864,Company_38,FinTech,IN,07-12-2024,event,Enterprise,20,False,0,S-6d4050,A-854864,09-12-2024,31-12-2026,Enterprise,20,3980,47760,False,False,False,False,monthly,True,25.0,4053.0,2.0,A-854864,5.0,4.8,0.0
A-1b7577,Company_39,Cybersecurity,US,27-10-2024,other,Pro,4,False,0,S-dd3b36,A-1b7577,26-11-2024,06-12-2024,Basic,4,76,912,False,False,False,True,monthly,True,72.0,23726.0,2.0,A-1b7577,5.0,3.2,0.0
A-1b7577,Company_39,Cybersecurity,US,27-10-2024,other,Pro,4,False,0,S-009027,A-1b7577,28-10-2024,31-12-2026,Enterprise,9,1791,21492,False,False,False,False,annual,True,54.0,19903.0,1.0,A-1b7577,5.0,3.2,0.0
A-1b7577,Company_39,Cybersecurity,US,27-10-2024,other,Pro,4,False,0,S-001561,A-1b7577,12-12-2024,31-12-2026,Enterprise,6,1194,14328,False,False,False,False,annual,True,48.0,21604.0,3.0,A-1b7577,5.0,3.2,0.0
A-1b7577,Company_39,Cybersecurity,US,27-10-2024,other,Pro,4,False,0,S-467d4a,A-1b7577,14-11-2024,31-12-2026,Pro,9,441,5292,False,False,False,False,annual,True,55.0,13970.0,2.0,A-1b7577,5.0,3.2,0.0
A-1b7577,Company_39,Cybersecurity,US,27-10-2024,other,Pro,4,False,0,S-af430c,A-1b7577,29-12-2024,31-12-2026,Pro,11,539,6468,False,False,False,False,monthly,True,48.0,14125.0,3.0,A-1b7577,5.0,3.2,0.0
A-1b7577,Company_39,Cybersecurity,US,27-10-2024,other,Pro,4,False,0,S-396a83,A-1b7577,28-11-2024,31-12-2026,Enterprise,4,796,9552,False,False,False,False,monthly,True,85.0,22737.0,8.0,A-1b7577,5.0,3.2,0.0
A-1b7577,Company_39,Cybersecurity,US,27-10-2024,other,Pro,4,False,0,S-94fa70,A-1b7577,30-12-2024,31-12-2026,Pro,41,2009,24108,False,False,False,False,monthly,True,71.0,17982.0,0.0,A-1b7577,5.0,3.2,0.0
A-1b7577,Company_39,Cybersecurity,US,27-10-2024,other,Pro,4,False,0,S-06770c,A-1b7577,15-11-2024,31-12-2026,Basic,81,1539,18468,False,False,False,False,monthly,True,55.0,18579.0,6.0,A-1b7577,5.0,3.2,0.0
A-1b7577,Company_39,Cybersecurity,US,27-10-2024,other,Pro,4,False,0,S-f932c0,A-1b7577,02-11-2024,31-12-2026,Basic,14,0,0,True,False,False,False,annual,True,41.0,10055.0,1.0,A-1b7577,5.0,3.2,0.0
A-1b7577,Company_39,Cybersecurity,US,27-10-2024,other,Pro,4,False,0,S-5bbb53,A-1b7577,03-12-2024,31-12-2026,Pro,4,196,2352,False,False,False,False,annual,True,78.0,19737.0,5.0,A-1b7577,5.0,3.2,0.0
A-1b7577,Company_39,Cybersecurity,US,27-10-2024,other,Pro,4,False,0,S-d91f4c,A-1b7577,15-11-2024,15-11-2024,Basic,10,190,2280,False,False,True,True,monthly,True,40.0,13180.0,2.0,A-1b7577,5.0,3.2,0.0
A-05f0e5,Company_40,FinTech,US,04-05-2023,partner,Basic,32,False,0,S-d02277,A-05f0e5,11-06-2024,31-12-2026,Enterprise,92,18308,219696,False,True,False,False,monthly,True,64.0,15999.0,0.0,A-05f0e5,4.0,3.0,0.0
A-05f0e5,Company_40,FinTech,US,04-05-2023,partner,Basic,32,False,0,S-afea79,A-05f0e5,16-08-2024,31-12-2026,Pro,32,1568,18816,False,True,False,False,annual,False,57.0,20082.0,2.0,A-05f0e5,4.0,3.0,0.0
A-05f0e5,Company_40,FinTech,US,04-05-2023,partner,Basic,32,False,0,S-22365f,A-05f0e5,11-06-2023,31-12-2026,Enterprise,32,6368,76416,False,False,False,False,annual,True,81.0,24923.0,9.0,A-05f0e5,4.0,3.0,0.0
A-05f0e5,Company_40,FinTech,US,04-05-2023,partner,Basic,32,False,0,S-597873,A-05f0e5,09-07-2024,31-12-2026,Enterprise,32,6368,76416,False,False,False,False,monthly,True,89.0,23955.0,7.0,A-05f0e5,4.0,3.0,0.0
A-05f0e5,Company_40,FinTech,US,04-05-2023,partner,Basic,32,False,0,S-62af97,A-05f0e5,30-06-2023,31-12-2026,Pro,46,2254,27048,False,False,False,False,annual,False,52.0,15123.0,1.0,A-05f0e5,4.0,3.0,0.0
A-05f0e5,Company_40,FinTech,US,04-05-2023,partner,Basic,32,False,0,S-1883dc,A-05f0e5,28-02-2024,31-12-2026,Basic,56,1064,12768,False,False,False,False,annual,True,34.0,5593.0,1.0,A-05f0e5,4.0,3.0,0.0
A-05f0e5,Company_40,FinTech,US,04-05-2023,partner,Basic,32,False,0,S-e5bed6,A-05f0e5,23-11-2024,31-12-2026,Pro,58,2842,34104,False,False,False,False,annual,True,41.0,10381.0,5.0,A-05f0e5,4.0,3.0,0.0
A-05f0e5,Company_40,FinTech,US,04-05-2023,partner,Basic,32,False,0,S-00866d,A-05f0e5,31-10-2023,31-12-2026,Basic,32,608,7296,False,False,False,False,annual,True,37.0,1955.0,2.0,A-05f0e5,4.0,3.0,0.0
A-05f0e5,Company_40,FinTech,US,04-05-2023,partner,Basic,32,False,0,S-3a57be,A-05f0e5,15-05-2024,31-12-2026,Pro,32,1568,18816,False,False,False,False,monthly,True,93.0,37559.0,8.0,A-05f0e5,4.0,3.0,0.0
A-05f0e5,Company_40,FinTech,US,04-05-2023,partner,Basic,32,False,0,S-0ab9fb,A-05f0e5,22-10-2024,31-12-2026,Pro,65,3185,38220,False,False,False,False,annual,True,25.0,11063.0,2.0,A-05f0e5,4.0,3.0,0.0
A-05f0e5,Company_40,FinTech,US,04-05-2023,partner,Basic,32,False,0,S-27e9ad,A-05f0e5,18-10-2023,31-12-2026,Basic,32,608,7296,False,False,False,False,annual,True,73.0,19375.0,1.0,A-05f0e5,4.0,3.0,0.0
A-05f0e5,Company_40,FinTech,US,04-05-2023,partner,Basic,32,False,0,S-42f3be,A-05f0e5,29-04-2024,31-12-2026,Enterprise,32,6368,76416,False,False,False,False,monthly,True,60.0,21108.0,8.0,A-05f0e5,4.0,3.0,0.0
A-9077b0,Company_41,HealthTech,US,25-08-2024,ads,Basic,2,False,0,S-556071,A-9077b0,20-12-2024,30-12-2024,Pro,63,0,0,True,False,False,True,monthly,True,66.0,17927.0,6.0,A-9077b0,3.0,4.333333333333333,0.0
A-9077b0,Company_41,HealthTech,US,25-08-2024,ads,Basic,2,False,0,S-5f30ce,A-9077b0,26-08-2024,31-12-2026,Basic,2,38,456,False,False,False,False,monthly,True,65.0,18829.0,6.0,A-9077b0,3.0,4.333333333333333,0.0
A-9077b0,Company_41,HealthTech,US,25-08-2024,ads,Basic,2,False,0,S-2cb298,A-9077b0,20-12-2024,31-12-2026,Enterprise,2,398,4776,False,True,False,False,annual,True,70.0,23285.0,2.0,A-9077b0,3.0,4.333333333333333,0.0
A-9077b0,Company_41,HealthTech,US,25-08-2024,ads,Basic,2,False,0,S-731ee3,A-9077b0,09-11-2024,07-12-2024,Enterprise,14,2786,33432,False,False,False,True,annual,True,69.0,23157.0,5.0,A-9077b0,3.0,4.333333333333333,0.0
A-9077b0,Company_41,HealthTech,US,25-08-2024,ads,Basic,2,False,0,S-535e55,A-9077b0,08-12-2024,31-12-2026,Pro,7,343,4116,False,True,False,False,monthly,True,99.0,27511.0,4.0,A-9077b0,3.0,4.333333333333333,0.0
A-9077b0,Company_41,HealthTech,US,25-08-2024,ads,Basic,2,False,0,S-3af429,A-9077b0,10-12-2024,31-12-2026,Basic,30,0,0,True,True,False,False,monthly,True,84.0,22189.0,6.0,A-9077b0,3.0,4.333333333333333,0.0
A-9077b0,Company_41,HealthTech,US,25-08-2024,ads,Basic,2,False,0,S-a53eac,A-9077b0,18-11-2024,31-12-2026,Basic,2,0,0,True,False,False,False,monthly,True,40.0,13403.0,2.0,A-9077b0,3.0,4.333333333333333,0.0
A-7f8241,Company_42,EdTech,US,14-03-2023,organic,Pro,34,False,1,S-fef85a,A-7f8241,06-08-2024,31-12-2026,Pro,34,1666,19992,False,False,False,False,annual,True,69.0,9246.0,3.0,A-7f8241,1.0,3.0,0.0
A-7f8241,Company_42,EdTech,US,14-03-2023,organic,Pro,34,False,1,S-8e45ba,A-7f8241,13-12-2023,31-12-2026,Basic,34,646,7752,False,False,False,False,annual,False,78.0,23488.0,4.0,A-7f8241,1.0,3.0,0.0
A-7f8241,Company_42,EdTech,US,14-03-2023,organic,Pro,34,False,1,S-4f91d0,A-7f8241,12-10-2024,31-12-2026,Basic,34,646,7752,False,False,False,False,monthly,False,78.0,24374.0,5.0,A-7f8241,1.0,3.0,0.0
A-7f8241,Company_42,EdTech,US,14-03-2023,organic,Pro,34,False,1,S-2573e4,A-7f8241,25-01-2024,31-12-2026,Basic,60,1140,13680,False,False,False,False,monthly,True,36.0,12646.0,0.0,A-7f8241,1.0,3.0,0.0
A-7f8241,Company_42,EdTech,US,14-03-2023,organic,Pro,34,False,1,S-b2cfac,A-7f8241,24-12-2024,31-12-2026,Enterprise,34,6766,81192,False,False,False,False,monthly,False,32.0,7831.0,1.0,A-7f8241,1.0,3.0,0.0
A-7f8241,Company_42,EdTech,US,14-03-2023,organic,Pro,34,False,1,S-21bd25,A-7f8241,16-07-2023,31-12-2026,Pro,34,1666,19992,False,False,False,False,monthly,True,49.0,19370.0,2.0,A-7f8241,1.0,3.0,0.0
A-7f8241,Company_42,EdTech,US,14-03-2023,organic,Pro,34,False,1,S-125201,A-7f8241,29-11-2023,31-12-2026,Enterprise,34,0,0,True,True,False,False,annual,True,46.0,18719.0,0.0,A-7f8241,1.0,3.0,0.0
A-7f8241,Company_42,EdTech,US,14-03-2023,organic,Pro,34,False,1,S-115423,A-7f8241,05-08-2023,31-12-2026,Pro,34,1666,19992,False,False,False,False,annual,True,30.0,12493.0,2.0,A-7f8241,1.0,3.0,0.0
A-7f8241,Company_42,EdTech,US,14-03-2023,organic,Pro,34,False,1,S-bfc2c2,A-7f8241,06-09-2023,31-12-2026,Pro,34,1666,19992,False,False,False,False,monthly,True,70.0,20500.0,2.0,A-7f8241,1.0,3.0,0.0
A-7f8241,Company_42,EdTech,US,14-03-2023,organic,Pro,34,False,1,S-7b7e04,A-7f8241,12-10-2023,31-12-2026,Enterprise,34,6766,81192,False,False,False,False,annual,True,45.0,11455.0,0.0,A-7f8241,1.0,3.0,0.0
A-7f8241,Company_42,EdTech,US,14-03-2023,organic,Pro,34,False,1,S-f1cc81,A-7f8241,27-03-2023,31-12-2026,Basic,34,646,7752,False,False,False,False,annual,True,44.0,14629.0,0.0,A-7f8241,1.0,3.0,0.0
A-7f8241,Company_42,EdTech,US,14-03-2023,organic,Pro,34,False,1,S-c985c4,A-7f8241,22-05-2023,31-12-2026,Basic,34,646,7752,False,False,False,False,annual,False,70.0,16420.0,5.0,A-7f8241,1.0,3.0,0.0
A-7f8241,Company_42,EdTech,US,14-03-2023,organic,Pro,34,False,1,S-6c7bd8,A-7f8241,16-06-2024,31-12-2026,Enterprise,36,7164,85968,False,False,False,False,monthly,True,59.0,27952.0,6.0,A-7f8241,1.0,3.0,0.0
A-7f8241,Company_42,EdTech,US,14-03-2023,organic,Pro,34,False,1,S-2e4018,A-7f8241,06-06-2023,31-12-2026,Enterprise,34,6766,81192,False,True,False,False,monthly,True,13.0,3770.0,0.0,A-7f8241,1.0,3.0,0.0
A-7f8241,Company_42,EdTech,US,14-03-2023,organic,Pro,34,False,1,S-51dfbc,A-7f8241,24-09-2023,31-12-2026,Pro,34,1666,19992,False,False,False,False,monthly,False,15.0,4293.0,8.0,A-7f8241,1.0,3.0,0.0
A-2bc93d,Company_43,HealthTech,US,14-03-2023,event,Basic,14,False,0,S-6c6e91,A-2bc93d,16-04-2024,31-12-2026,Pro,31,1519,18228,False,False,False,False,monthly,True,45.0,15165.0,0.0,A-2bc93d,2.0,4.5,0.0
A-2bc93d,Company_43,HealthTech,US,14-03-2023,event,Basic,14,False,0,S-4d9bfd,A-2bc93d,31-08-2024,31-12-2026,Enterprise,14,0,0,True,False,False,False,annual,True,35.0,5907.0,2.0,A-2bc93d,2.0,4.5,0.0
A-2bc93d,Company_43,HealthTech,US,14-03-2023,event,Basic,14,False,0,S-223221,A-2bc93d,09-08-2023,31-12-2026,Enterprise,40,7960,95520,False,False,False,False,monthly,True,68.0,25277.0,3.0,A-2bc93d,2.0,4.5,0.0
A-2bc93d,Company_43,HealthTech,US,14-03-2023,event,Basic,14,False,0,S-104053,A-2bc93d,20-12-2024,31-12-2026,Pro,35,1715,20580,False,False,False,False,monthly,True,61.0,21277.0,5.0,A-2bc93d,2.0,4.5,0.0
A-2bc93d,Company_43,HealthTech,US,14-03-2023,event,Basic,14,False,0,S-fa0094,A-2bc93d,23-02-2024,31-12-2026,Pro,14,686,8232,False,False,False,False,annual,True,67.0,21794.0,2.0,A-2bc93d,2.0,4.5,0.0
A-2bc93d,Company_43,HealthTech,US,14-03-2023,event,Basic,14,False,0,S-36aedb,A-2bc93d,10-09-2024,31-12-2026,Enterprise,14,2786,33432,False,True,False,False,annual,False,85.0,33396.0,7.0,A-2bc93d,2.0,4.5,0.0
A-2bc93d,Company_43,HealthTech,US,14-03-2023,event,Basic,14,False,0,S-39539d,A-2bc93d,19-07-2023,31-12-2026,Enterprise,14,2786,33432,False,False,False,False,annual,True,54.0,11830.0,0.0,A-2bc93d,2.0,4.5,0.0
A-2bc93d,Company_43,HealthTech,US,14-03-2023,event,Basic,14,False,0,S-085f96,A-2bc93d,31-12-2023,31-12-2026,Enterprise,40,7960,95520,False,True,False,False,annual,True,40.0,19194.0,1.0,A-2bc93d,2.0,4.5,0.0
A-2bc93d,Company_43,HealthTech,US,14-03-2023,event,Basic,14,False,0,S-c2cc5c,A-2bc93d,24-11-2023,31-12-2026,Enterprise,20,3980,47760,False,False,False,False,annual,True,40.0,11753.0,2.0,A-2bc93d,2.0,4.5,0.0
A-2bc93d,Company_43,HealthTech,US,14-03-2023,event,Basic,14,False,0,S-073381,A-2bc93d,11-09-2024,27-09-2024,Basic,14,266,3192,False,False,False,True,monthly,False,10.0,4670.0,0.0,A-2bc93d,2.0,4.5,0.0
A-2bc93d,Company_43,HealthTech,US,14-03-2023,event,Basic,14,False,0,S-c68e80,A-2bc93d,26-03-2024,31-12-2026,Basic,95,1805,21660,False,False,False,False,monthly,True,53.0,17527.0,6.0,A-2bc93d,2.0,4.5,0.0
A-2bc93d,Company_43,HealthTech,US,14-03-2023,event,Basic,14,False,0,S-720940,A-2bc93d,29-07-2023,31-12-2026,Basic,20,380,4560,False,True,False,False,monthly,True,69.0,19611.0,2.0,A-2bc93d,2.0,4.5,0.0
A-2bc93d,Company_43,HealthTech,US,14-03-2023,event,Basic,14,False,0,S-337c84,A-2bc93d,22-09-2024,31-12-2026,Basic,29,551,6612,False,True,False,False,annual,True,39.0,8334.0,1.0,A-2bc93d,2.0,4.5,0.0
A-f3ff05,Company_44,FinTech,IN,06-07-2024,other,Enterprise,2,False,0,S-522aef,A-f3ff05,22-08-2024,31-12-2026,Pro,4,196,2352,False,False,False,False,annual,True,14.0,3374.0,0.0,A-f3ff05,3.0,2.3333333333333335,0.0
A-f3ff05,Company_44,FinTech,IN,06-07-2024,other,Enterprise,2,False,0,S-f12a54,A-f3ff05,24-11-2024,31-12-2026,Pro,2,98,1176,False,False,False,False,monthly,True,70.0,17780.0,5.0,A-f3ff05,3.0,2.3333333333333335,0.0
A-f3ff05,Company_44,FinTech,IN,06-07-2024,other,Enterprise,2,False,0,S-c64e87,A-f3ff05,19-09-2024,31-12-2026,Enterprise,27,5373,64476,False,False,False,False,annual,True,96.0,40405.0,7.0,A-f3ff05,3.0,2.3333333333333335,0.0
A-f3ff05,Company_44,FinTech,IN,06-07-2024,other,Enterprise,2,False,0,S-44c9ae,A-f3ff05,10-11-2024,31-12-2026,Basic,2,0,0,True,False,False,False,annual,False,103.0,29121.0,8.0,A-f3ff05,3.0,2.3333333333333335,0.0
A-f3ff05,Company_44,FinTech,IN,06-07-2024,other,Enterprise,2,False,0,S-5aacfa,A-f3ff05,19-10-2024,31-12-2026,Enterprise,48,9552,114624,False,False,False,False,annual,True,9.0,1638.0,1.0,A-f3ff05,3.0,2.3333333333333335,0.0
A-f3ff05,Company_44,FinTech,IN,06-07-2024,other,Enterprise,2,False,0,S-515485,A-f3ff05,21-09-2024,31-12-2026,Pro,35,1715,20580,False,False,False,False,monthly,True,22.0,4724.0,0.0,A-f3ff05,3.0,2.3333333333333335,0.0
A-f3ff05,Company_44,FinTech,IN,06-07-2024,other,Enterprise,2,False,0,S-628884,A-f3ff05,03-08-2024,31-12-2026,Basic,19,361,4332,False,False,False,False,annual,True,46.0,16896.0,4.0,A-f3ff05,3.0,2.3333333333333335,0.0
A-f3ff05,Company_44,FinTech,IN,06-07-2024,other,Enterprise,2,False,0,S-43af5a,A-f3ff05,26-11-2024,31-12-2026,Pro,4,196,2352,False,False,False,False,monthly,True,29.0,9687.0,1.0,A-f3ff05,3.0,2.3333333333333335,0.0
A-f3ff05,Company_44,FinTech,IN,06-07-2024,other,Enterprise,2,False,0,S-ce61e0,A-f3ff05,02-08-2024,01-09-2024,Basic,2,38,456,False,True,False,True,monthly,True,72.0,28692.0,1.0,A-f3ff05,3.0,2.3333333333333335,0.0
A-f3ff05,Company_44,FinTech,IN,06-07-2024,other,Enterprise,2,False,0,S-fc2bf2,A-f3ff05,01-08-2024,31-12-2026,Basic,28,532,6384,False,False,False,False,monthly,True,41.0,4607.0,3.0,A-f3ff05,3.0,2.3333333333333335,0.0
A-f3ff05,Company_44,FinTech,IN,06-07-2024,other,Enterprise,2,False,0,S-180b6c,A-f3ff05,02-12-2024,31-12-2026,Basic,30,570,6840,False,False,False,False,monthly,True,15.0,4400.0,0.0,A-f3ff05,3.0,2.3333333333333335,0.0
A-f3ff05,Company_44,FinTech,IN,06-07-2024,other,Enterprise,2,False,0,S-5c3f50,A-f3ff05,11-09-2024,31-12-2026,Enterprise,4,796,9552,False,False,False,False,annual,True,85.0,23258.0,5.0,A-f3ff05,3.0,2.3333333333333335,0.0
A-f3ff05,Company_44,FinTech,IN,06-07-2024,other,Enterprise,2,False,0,S-9f13f8,A-f3ff05,07-10-2024,31-12-2026,Basic,2,38,456,False,False,False,False,annual,True,70.0,25745.0,1.0,A-f3ff05,3.0,2.3333333333333335,0.0
A-2d4502,Company_45,FinTech,IN,29-04-2024,event,Basic,7,False,0,S-1218fd,A-2d4502,02-11-2024,31-12-2026,Basic,14,266,3192,False,True,False,False,monthly,False,61.0,14822.0,0.0,A-2d4502,3.0,3.3333333333333335,0.0
A-2d4502,Company_45,FinTech,IN,29-04-2024,event,Basic,7,False,0,S-c8a983,A-2d4502,04-12-2024,31-12-2026,Pro,12,588,7056,False,False,False,False,annual,False,74.0,22686.0,1.0,A-2d4502,3.0,3.3333333333333335,0.0
A-2d4502,Company_45,FinTech,IN,29-04-2024,event,Basic,7,False,0,S-595693,A-2d4502,25-09-2024,31-12-2026,Basic,67,0,0,True,False,False,False,annual,True,37.0,9261.0,2.0,A-2d4502,3.0,3.3333333333333335,0.0
A-2d4502,Company_45,FinTech,IN,29-04-2024,event,Basic,7,False,0,S-2bc644,A-2d4502,30-04-2024,31-12-2026,Pro,8,392,4704,False,False,False,False,annual,True,46.0,11359.0,3.0,A-2d4502,3.0,3.3333333333333335,0.0
A-2d4502,Company_45,FinTech,IN,29-04-2024,event,Basic,7,False,0,S-2664e1,A-2d4502,19-07-2024,31-12-2026,Enterprise,41,8159,97908,False,True,False,False,annual,True,76.0,19203.0,3.0,A-2d4502,3.0,3.3333333333333335,0.0
A-2d4502,Company_45,FinTech,IN,29-04-2024,event,Basic,7,False,0,S-8bc290,A-2d4502,02-11-2024,31-12-2026,Enterprise,30,5970,71640,False,False,False,False,annual,True,55.0,12528.0,6.0,A-2d4502,3.0,3.3333333333333335,0.0
A-2d4502,Company_45,FinTech,IN,29-04-2024,event,Basic,7,False,0,S-6e0386,A-2d4502,04-09-2024,31-12-2026,Enterprise,22,4378,52536,False,False,False,False,monthly,True,64.0,20324.0,3.0,A-2d4502,3.0,3.3333333333333335,0.0
A-2d4502,Company_45,FinTech,IN,29-04-2024,event,Basic,7,False,0,S-71cb15,A-2d4502,12-12-2024,31-12-2026,Enterprise,34,6766,81192,False,False,False,False,annual,True,7.0,1638.0,0.0,A-2d4502,3.0,3.3333333333333335,0.0
A-2d4502,Company_45,FinTech,IN,29-04-2024,event,Basic,7,False,0,S-65e749,A-2d4502,14-07-2024,31-12-2026,Basic,61,1159,13908,False,False,False,False,monthly,False,28.0,12403.0,0.0,A-2d4502,3.0,3.3333333333333335,0.0
A-2d4502,Company_45,FinTech,IN,29-04-2024,event,Basic,7,False,0,S-f783b6,A-2d4502,31-08-2024,31-12-2026,Enterprise,7,1393,16716,False,False,False,False,monthly,True,17.0,3773.0,1.0,A-2d4502,3.0,3.3333333333333335,0.0
A-6a4e2d,Company_46,EdTech,UK,07-04-2023,partner,Pro,9,False,0,S-63e282,A-6a4e2d,15-10-2024,07-11-2024,Pro,14,686,8232,False,True,False,True,annual,True,37.0,8794.0,0.0,A-6a4e2d,2.0,4.5,1.0
A-6a4e2d,Company_46,EdTech,UK,07-04-2023,partner,Pro,9,False,0,S-e715bb,A-6a4e2d,15-11-2023,31-12-2026,Basic,14,266,3192,False,False,False,False,monthly,True,48.0,21607.0,5.0,A-6a4e2d,2.0,4.5,1.0
A-6a4e2d,Company_46,EdTech,UK,07-04-2023,partner,Pro,9,False,0,S-0ab4e8,A-6a4e2d,04-12-2023,31-12-2026,Pro,16,784,9408,False,False,False,False,monthly,True,79.0,21510.0,2.0,A-6a4e2d,2.0,4.5,1.0
A-6a4e2d,Company_46,EdTech,UK,07-04-2023,partner,Pro,9,False,0,S-e7c172,A-6a4e2d,12-03-2024,31-12-2026,Basic,22,418,5016,False,False,False,False,monthly,True,46.0,7070.0,2.0,A-6a4e2d,2.0,4.5,1.0
A-6a4e2d,Company_46,EdTech,UK,07-04-2023,partner,Pro,9,False,0,S-9b8421,A-6a4e2d,29-05-2023,19-07-2024,Pro,56,0,0,True,False,False,True,annual,False,65.0,15919.0,3.0,A-6a4e2d,2.0,4.5,1.0
A-6a4e2d,Company_46,EdTech,UK,07-04-2023,partner,Pro,9,False,0,S-96ead2,A-6a4e2d,13-09-2024,31-12-2026,Basic,26,494,5928,False,False,False,False,annual,True,59.0,17516.0,2.0,A-6a4e2d,2.0,4.5,1.0
A-6a4e2d,Company_46,EdTech,UK,07-04-2023,partner,Pro,9,False,0,S-2565f0,A-6a4e2d,09-07-2023,31-12-2026,Basic,54,1026,12312,False,False,False,False,annual,False,67.0,29829.0,3.0,A-6a4e2d,2.0,4.5,1.0
A-6a4e2d,Company_46,EdTech,UK,07-04-2023,partner,Pro,9,False,0,S-2b504d,A-6a4e2d,12-07-2023,31-12-2026,Enterprise,9,1791,21492,False,False,False,False,annual,True,43.0,6449.0,6.0,A-6a4e2d,2.0,4.5,1.0
A-6a4e2d,Company_46,EdTech,UK,07-04-2023,partner,Pro,9,False,0,S-9efd1b,A-6a4e2d,06-04-2024,31-12-2026,Basic,20,380,4560,False,False,True,False,monthly,True,51.0,20319.0,0.0,A-6a4e2d,2.0,4.5,1.0
A-6a4e2d,Company_46,EdTech,UK,07-04-2023,partner,Pro,9,False,0,S-c844bd,A-6a4e2d,23-01-2024,03-11-2024,Basic,9,171,2052,False,True,False,True,annual,True,76.0,16455.0,8.0,A-6a4e2d,2.0,4.5,1.0
A-6a4e2d,Company_46,EdTech,UK,07-04-2023,partner,Pro,9,False,0,S-3092cb,A-6a4e2d,03-08-2023,31-12-2026,Enterprise,22,4378,52536,False,False,False,False,annual,True,26.0,7296.0,0.0,A-6a4e2d,2.0,4.5,1.0
A-eb7c38,Company_47,DevTools,AU,25-02-2024,organic,Enterprise,5,False,0,S-a916cb,A-eb7c38,28-10-2024,31-12-2026,Enterprise,35,6965,83580,False,False,False,False,monthly,True,68.0,16166.0,1.0,A-eb7c38,5.0,2.6,0.0
A-eb7c38,Company_47,DevTools,AU,25-02-2024,organic,Enterprise,5,False,0,S-44c5dd,A-eb7c38,21-10-2024,31-12-2026,Basic,5,95,1140,False,False,False,False,annual,False,67.0,18517.0,5.0,A-eb7c38,5.0,2.6,0.0
A-eb7c38,Company_47,DevTools,AU,25-02-2024,organic,Enterprise,5,False,0,S-921f19,A-eb7c38,16-09-2024,31-12-2026,Pro,39,0,0,True,False,False,False,monthly,True,52.0,12310.0,0.0,A-eb7c38,5.0,2.6,0.0
A-eb7c38,Company_47,DevTools,AU,25-02-2024,organic,Enterprise,5,False,0,S-7151d9,A-eb7c38,12-04-2024,31-12-2026,Basic,102,1938,23256,False,True,False,False,annual,True,33.0,9716.0,2.0,A-eb7c38,5.0,2.6,0.0
A-eb7c38,Company_47,DevTools,AU,25-02-2024,organic,Enterprise,5,False,0,S-4e00a0,A-eb7c38,01-11-2024,31-12-2026,Pro,14,686,8232,False,False,False,False,annual,True,83.0,34023.0,2.0,A-eb7c38,5.0,2.6,0.0
A-eb7c38,Company_47,DevTools,AU,25-02-2024,organic,Enterprise,5,False,0,S-615915,A-eb7c38,24-05-2024,19-10-2024,Enterprise,90,17910,214920,False,False,False,True,monthly,True,25.0,7165.0,3.0,A-eb7c38,5.0,2.6,0.0
A-eb7c38,Company_47,DevTools,AU,25-02-2024,organic,Enterprise,5,False,0,S-4c9c01,A-eb7c38,26-09-2024,10-10-2024,Basic,23,0,0,True,False,False,True,annual,True,34.0,6790.0,0.0,A-eb7c38,5.0,2.6,0.0
A-eb7c38,Company_47,DevTools,AU,25-02-2024,organic,Enterprise,5,False,0,S-6bab8f,A-eb7c38,11-04-2024,31-12-2026,Enterprise,13,0,0,True,False,False,False,annual,False,26.0,6885.0,0.0,A-eb7c38,5.0,2.6,0.0
A-eb7c38,Company_47,DevTools,AU,25-02-2024,organic,Enterprise,5,False,0,S-381988,A-eb7c38,27-08-2024,31-12-2026,Pro,7,0,0,True,False,False,False,annual,False,44.0,8751.0,4.0,A-eb7c38,5.0,2.6,0.0
A-eb7c38,Company_47,DevTools,AU,25-02-2024,organic,Enterprise,5,False,0,S-a76521,A-eb7c38,04-12-2024,31-12-2026,Basic,33,627,7524,False,False,False,False,annual,True,73.0,18082.0,3.0,A-eb7c38,5.0,2.6,0.0
A-eb7c38,Company_47,DevTools,AU,25-02-2024,organic,Enterprise,5,False,0,S-14d515,A-eb7c38,02-07-2024,31-12-2026,Enterprise,33,6567,78804,False,False,False,False,monthly,False,38.0,12015.0,1.0,A-eb7c38,5.0,2.6,0.0
A-eb7c38,Company_47,DevTools,AU,25-02-2024,organic,Enterprise,5,False,0,S-8048cc,A-eb7c38,04-07-2024,31-12-2026,Basic,9,171,2052,False,False,True,False,annual,True,53.0,18849.0,2.0,A-eb7c38,5.0,2.6,0.0
A-eb7c38,Company_47,DevTools,AU,25-02-2024,organic,Enterprise,5,False,0,S-4ff3ae,A-eb7c38,29-07-2024,31-12-2026,Basic,5,95,1140,False,True,False,False,annual,True,19.0,6733.0,0.0,A-eb7c38,5.0,2.6,0.0
A-eb7c38,Company_47,DevTools,AU,25-02-2024,organic,Enterprise,5,False,0,S-8789b0,A-eb7c38,23-04-2024,02-08-2024,Basic,9,171,2052,False,True,False,True,monthly,False,58.0,18694.0,4.0,A-eb7c38,5.0,2.6,0.0
A-eb7c38,Company_47,DevTools,AU,25-02-2024,organic,Enterprise,5,False,0,S-075ffc,A-eb7c38,02-09-2024,15-12-2024,Enterprise,15,2985,35820,False,False,False,True,annual,True,20.0,9250.0,0.0,A-eb7c38,5.0,2.6,0.0
A-c37601,Company_48,EdTech,US,31-10-2024,partner,Basic,6,True,0,S-6b7aa4,A-c37601,29-11-2024,31-12-2026,Basic,22,418,5016,False,False,False,False,monthly,True,35.0,10410.0,1.0,A-c37601,4.0,2.75,0.0
A-c37601,Company_48,EdTech,US,31-10-2024,partner,Basic,6,True,0,S-ad26e3,A-c37601,04-11-2024,09-12-2024,Pro,6,0,0,True,False,False,True,monthly,False,30.0,9510.0,0.0,A-c37601,4.0,2.75,0.0
A-c37601,Company_48,EdTech,US,31-10-2024,partner,Basic,6,True,0,S-95c467,A-c37601,02-11-2024,31-12-2026,Pro,10,490,5880,False,False,False,False,annual,True,74.0,21747.0,5.0,A-c37601,4.0,2.75,0.0
A-c37601,Company_48,EdTech,US,31-10-2024,partner,Basic,6,True,0,S-6cff51,A-c37601,23-12-2024,31-12-2026,Pro,28,1372,16464,False,False,False,False,annual,True,78.0,20726.0,3.0,A-c37601,4.0,2.75,0.0
A-c37601,Company_48,EdTech,US,31-10-2024,partner,Basic,6,True,0,S-b65ff3,A-c37601,11-11-2024,31-12-2026,Enterprise,6,1194,14328,False,False,False,False,annual,True,22.0,7690.0,0.0,A-c37601,4.0,2.75,0.0
A-c37601,Company_48,EdTech,US,31-10-2024,partner,Basic,6,True,0,S-7dcec3,A-c37601,17-12-2024,29-12-2024,Enterprise,15,2985,35820,False,False,False,True,annual,True,0.0,0.0,0.0,A-c37601,4.0,2.75,0.0
A-c37601,Company_48,EdTech,US,31-10-2024,partner,Basic,6,True,0,S-f6f848,A-c37601,28-12-2024,31-12-2026,Pro,6,294,3528,False,False,False,False,annual,True,23.0,7443.0,2.0,A-c37601,4.0,2.75,0.0
A-c37601,Company_48,EdTech,US,31-10-2024,partner,Basic,6,True,0,S-3383a4,A-c37601,29-12-2024,31-12-2026,Pro,12,0,0,True,False,False,False,annual,True,39.0,2905.0,3.0,A-c37601,4.0,2.75,0.0
A-c37601,Company_48,EdTech,US,31-10-2024,partner,Basic,6,True,0,S-06b9f0,A-c37601,30-12-2024,31-12-2026,Pro,8,0,0,True,False,False,False,annual,True,46.0,14887.0,0.0,A-c37601,4.0,2.75,0.0
A-c37601,Company_48,EdTech,US,31-10-2024,partner,Basic,6,True,0,S-036362,A-c37601,01-11-2024,31-12-2026,Pro,12,588,7056,False,False,False,False,annual,True,52.0,9931.0,2.0,A-c37601,4.0,2.75,0.0
A-c37601,Company_48,EdTech,US,31-10-2024,partner,Basic,6,True,0,S-eae806,A-c37601,30-12-2024,31-12-2026,Enterprise,54,10746,128952,False,False,False,False,monthly,False,68.0,19445.0,5.0,A-c37601,4.0,2.75,0.0
A-c37601,Company_48,EdTech,US,31-10-2024,partner,Basic,6,True,0,S-6d9231,A-c37601,24-12-2024,31-12-2026,Enterprise,12,2388,28656,False,False,False,False,monthly,True,22.0,7141.0,0.0,A-c37601,4.0,2.75,0.0
A-3b5cd1,Company_49,FinTech,US,12-09-2023,event,Basic,13,True,0,S-b4ac47,A-3b5cd1,07-10-2023,31-12-2026,Pro,31,1519,18228,False,False,False,False,annual,False,40.0,13452.0,2.0,A-3b5cd1,5.0,1.6,0.0
A-3b5cd1,Company_49,FinTech,US,12-09-2023,event,Basic,13,True,0,S-d959d3,A-3b5cd1,24-12-2024,31-12-2026,Enterprise,21,4179,50148,False,False,False,False,annual,True,43.0,11685.0,0.0,A-3b5cd1,5.0,1.6,0.0
A-3b5cd1,Company_49,FinTech,US,12-09-2023,event,Basic,13,True,0,S-f3138f,A-3b5cd1,11-06-2024,31-12-2026,Enterprise,55,0,0,True,True,False,False,annual,True,70.0,29773.0,3.0,A-3b5cd1,5.0,1.6,0.0
A-3b5cd1,Company_49,FinTech,US,12-09-2023,event,Basic,13,True,0,S-ff582b,A-3b5cd1,29-12-2023,31-12-2026,Enterprise,13,2587,31044,False,False,False,False,monthly,True,49.0,23526.0,6.0,A-3b5cd1,5.0,1.6,0.0
A-3b5cd1,Company_49,FinTech,US,12-09-2023,event,Basic,13,True,0,S-cccce3,A-3b5cd1,18-11-2023,31-12-2026,Pro,13,637,7644,False,True,False,False,monthly,True,36.0,11922.0,2.0,A-3b5cd1,5.0,1.6,0.0
A-3b5cd1,Company_49,FinTech,US,12-09-2023,event,Basic,13,True,0,S-211bc2,A-3b5cd1,24-11-2024,31-12-2026,Enterprise,13,2587,31044,False,False,False,False,annual,False,21.0,6138.0,1.0,A-3b5cd1,5.0,1.6,0.0
A-3b5cd1,Company_49,FinTech,US,12-09-2023,event,Basic,13,True,0,S-067c38,A-3b5cd1,03-01-2024,31-12-2026,Basic,16,304,3648,False,False,False,False,monthly,True,19.0,6009.0,1.0,A-3b5cd1,5.0,1.6,0.0
A-3b5cd1,Company_49,FinTech,US,12-09-2023,event,Basic,13,True,0,S-224bca,A-3b5cd1,27-02-2024,31-12-2026,Enterprise,18,3582,42984,False,False,False,False,monthly,False,59.0,12301.0,0.0,A-3b5cd1,5.0,1.6,0.0
A-3b5cd1,Company_49,FinTech,US,12-09-2023,event,Basic,13,True,0,S-fc3dcb,A-3b5cd1,24-12-2024,31-12-2026,Enterprise,32,6368,76416,False,False,False,False,annual,True,68.0,22751.0,1.0,A-3b5cd1,5.0,1.6,0.0
A-3b5cd1,Company_49,FinTech,US,12-09-2023,event,Basic,13,True,0,S-e3165d,A-3b5cd1,09-10-2023,31-12-2026,Pro,21,1029,12348,False,False,False,False,monthly,True,25.0,8514.0,2.0,A-3b5cd1,5.0,1.6,0.0
A-3b5cd1,Company_49,FinTech,US,12-09-2023,event,Basic,13,True,0,S-70cf3c,A-3b5cd1,24-03-2024,31-12-2026,Pro,13,637,7644,False,False,False,False,monthly,True,39.0,16101.0,0.0,A-3b5cd1,5.0,1.6,0.0
A-3b5cd1,Company_49,FinTech,US,12-09-2023,event,Basic,13,True,0,S-332e0d,A-3b5cd1,30-09-2023,31-12-2026,Pro,13,0,0,True,False,True,False,monthly,True,0.0,0.0,0.0,A-3b5cd1,5.0,1.6,0.0
A-3b5cd1,Company_49,FinTech,US,12-09-2023,event,Basic,13,True,0,S-a648e7,A-3b5cd1,29-01-2024,31-12-2026,Basic,13,247,2964,False,False,False,False,annual,False,54.0,15786.0,6.0,A-3b5cd1,5.0,1.6,0.0
A-b2225d,Company_50,FinTech,US,08-03-2024,ads,Basic,47,False,1,S-b3bd43,A-b2225d,03-11-2024,31-12-2026,Pro,50,2450,29400,False,False,False,False,monthly,False,84.0,28144.0,8.0,A-b2225d,2.0,1.5,0.0
A-b2225d,Company_50,FinTech,US,08-03-2024,ads,Basic,47,False,1,S-8c3cc8,A-b2225d,17-10-2024,31-12-2026,Basic,47,0,0,True,False,False,False,monthly,True,35.0,9130.0,3.0,A-b2225d,2.0,1.5,0.0
A-b2225d,Company_50,FinTech,US,08-03-2024,ads,Basic,47,False,1,S-48a54e,A-b2225d,29-10-2024,31-12-2026,Basic,47,0,0,True,False,False,False,monthly,True,38.0,9776.0,3.0,A-b2225d,2.0,1.5,0.0
A-b2225d,Company_50,FinTech,US,08-03-2024,ads,Basic,47,False,1,S-cd3f49,A-b2225d,22-05-2024,31-12-2026,Enterprise,47,0,0,True,False,False,False,annual,True,31.0,7909.0,1.0,A-b2225d,2.0,1.5,0.0
A-b2225d,Company_50,FinTech,US,08-03-2024,ads,Basic,47,False,1,S-380617,A-b2225d,10-12-2024,31-12-2026,Basic,47,893,10716,False,False,False,False,annual,True,75.0,26739.0,1.0,A-b2225d,2.0,1.5,0.0
A-b2225d,Company_50,FinTech,US,08-03-2024,ads,Basic,47,False,1,S-023f5f,A-b2225d,18-08-2024,31-12-2026,Basic,47,893,10716,False,False,False,False,annual,True,60.0,17656.0,1.0,A-b2225d,2.0,1.5,0.0
A-b2225d,Company_50,FinTech,US,08-03-2024,ads,Basic,47,False,1,S-6450ac,A-b2225d,17-09-2024,31-12-2026,Basic,47,0,0,True,False,False,False,annual,True,54.0,17432.0,5.0,A-b2225d,2.0,1.5,0.0
A-b2225d,Company_50,FinTech,US,08-03-2024,ads,Basic,47,False,1,S-2940a5,A-b2225d,02-04-2024,31-12-2026,Enterprise,47,0,0,True,False,True,False,annual,False,64.0,27030.0,9.0,A-b2225d,2.0,1.5,0.0
A-b2225d,Company_50,FinTech,US,08-03-2024,ads,Basic,47,False,1,S-261a8d,A-b2225d,01-09-2024,31-12-2026,Pro,47,2303,27636,False,True,False,False,monthly,True,50.0,15354.0,5.0,A-b2225d,2.0,1.5,0.0
A-b2225d,Company_50,FinTech,US,08-03-2024,ads,Basic,47,False,1,S-0eff34,A-b2225d,04-08-2024,31-12-2026,Pro,47,2303,27636,False,False,False,False,monthly,False,102.0,46187.0,8.0,A-b2225d,2.0,1.5,0.0
A-b2225d,Company_50,FinTech,US,08-03-2024,ads,Basic,47,False,1,S-b47d75,A-b2225d,13-05-2024,31-12-2026,Enterprise,47,9353,112236,False,False,False,False,annual,True,31.0,9538.0,8.0,A-b2225d,2.0,1.5,0.0
A-b2225d,Company_50,FinTech,US,08-03-2024,ads,Basic,47,False,1,S-da9362,A-b2225d,21-05-2024,31-12-2026,Basic,47,893,10716,False,False,False,False,annual,True,72.0,21798.0,8.0,A-b2225d,2.0,1.5,0.0
A-94f8c9,Company_51,HealthTech,US,29-03-2024,other,Basic,13,False,0,S-6e4c1a,A-94f8c9,02-08-2024,31-12-2026,Enterprise,13,2587,31044,False,False,False,False,monthly,True,43.0,11681.0,5.0,A-94f8c9,3.0,3.3333333333333335,0.0
A-94f8c9,Company_51,HealthTech,US,29-03-2024,other,Basic,13,False,0,S-ccdf41,A-94f8c9,29-11-2024,31-12-2026,Enterprise,17,3383,40596,False,False,False,False,monthly,True,32.0,7404.0,2.0,A-94f8c9,3.0,3.3333333333333335,0.0
A-94f8c9,Company_51,HealthTech,US,29-03-2024,other,Basic,13,False,0,S-abff7d,A-94f8c9,26-06-2024,31-12-2026,Basic,20,0,0,True,False,False,False,annual,True,32.0,8261.0,4.0,A-94f8c9,3.0,3.3333333333333335,0.0
A-94f8c9,Company_51,HealthTech,US,29-03-2024,other,Basic,13,False,0,S-5e572d,A-94f8c9,16-07-2024,31-12-2026,Enterprise,13,2587,31044,False,False,False,False,annual,False,35.0,5974.0,1.0,A-94f8c9,3.0,3.3333333333333335,0.0
A-94f8c9,Company_51,HealthTech,US,29-03-2024,other,Basic,13,False,0,S-e42331,A-94f8c9,25-07-2024,31-12-2026,Enterprise,23,0,0,True,False,False,False,annual,True,10.0,1660.0,5.0,A-94f8c9,3.0,3.3333333333333335,0.0
A-94f8c9,Company_51,HealthTech,US,29-03-2024,other,Basic,13,False,0,S-89e27e,A-94f8c9,23-12-2024,31-12-2026,Basic,13,247,2964,False,False,True,False,monthly,True,57.0,10702.0,8.0,A-94f8c9,3.0,3.3333333333333335,0.0
A-94f8c9,Company_51,HealthTech,US,29-03-2024,other,Basic,13,False,0,S-55ef07,A-94f8c9,11-08-2024,31-12-2026,Enterprise,13,2587,31044,False,False,False,False,annual,True,106.0,38631.0,7.0,A-94f8c9,3.0,3.3333333333333335,0.0
A-94f8c9,Company_51,HealthTech,US,29-03-2024,other,Basic,13,False,0,S-cc9b9d,A-94f8c9,25-11-2024,31-12-2026,Enterprise,13,2587,31044,False,False,False,False,annual,True,17.0,7249.0,7.0,A-94f8c9,3.0,3.3333333333333335,0.0
A-94f8c9,Company_51,HealthTech,US,29-03-2024,other,Basic,13,False,0,S-1eb467,A-94f8c9,31-12-2024,31-12-2026,Enterprise,13,2587,31044,False,False,False,False,monthly,True,75.0,27184.0,0.0,A-94f8c9,3.0,3.3333333333333335,0.0
A-94f8c9,Company_51,HealthTech,US,29-03-2024,other,Basic,13,False,0,S-25ee09,A-94f8c9,11-04-2024,31-12-2026,Enterprise,13,2587,31044,False,True,False,False,monthly,True,39.0,10250.0,0.0,A-94f8c9,3.0,3.3333333333333335,0.0
A-94f8c9,Company_51,HealthTech,US,29-03-2024,other,Basic,13,False,0,S-0efb82,A-94f8c9,05-04-2024,31-12-2026,Pro,13,637,7644,False,False,False,False,monthly,True,46.0,12016.0,4.0,A-94f8c9,3.0,3.3333333333333335,0.0
A-94f8c9,Company_51,HealthTech,US,29-03-2024,other,Basic,13,False,0,S-525d6b,A-94f8c9,17-04-2024,29-05-2024,Enterprise,13,0,0,True,False,False,True,monthly,True,76.0,21108.0,4.0,A-94f8c9,3.0,3.3333333333333335,0.0
A-94f8c9,Company_51,HealthTech,US,29-03-2024,other,Basic,13,False,0,S-59be40,A-94f8c9,21-10-2024,31-12-2026,Basic,13,247,2964,False,False,False,False,annual,True,63.0,13633.0,9.0,A-94f8c9,3.0,3.3333333333333335,0.0
A-94f8c9,Company_51,HealthTech,US,29-03-2024,other,Basic,13,False,0,S-d0bab8,A-94f8c9,26-06-2024,31-12-2026,Basic,74,1406,16872,False,True,False,False,annual,True,9.0,846.0,0.0,A-94f8c9,3.0,3.3333333333333335,0.0
A-94f8c9,Company_51,HealthTech,US,29-03-2024,other,Basic,13,False,0,S-54daa5,A-94f8c9,17-12-2024,31-12-2026,Enterprise,36,7164,85968,False,False,False,False,annual,True,62.0,13825.0,4.0,A-94f8c9,3.0,3.3333333333333335,0.0
A-94f8c9,Company_51,HealthTech,US,29-03-2024,other,Basic,13,False,0,S-cc3f3d,A-94f8c9,19-10-2024,31-12-2026,Enterprise,17,3383,40596,False,False,False,False,annual,False,44.0,13700.0,3.0,A-94f8c9,3.0,3.3333333333333335,0.0
A-02fac6,Company_52,FinTech,US,06-04-2023,event,Pro,22,False,0,S-60b7c7,A-02fac6,02-05-2024,31-12-2026,Enterprise,23,4577,54924,False,False,False,False,annual,False,66.0,22277.0,1.0,A-02fac6,6.0,1.3333333333333333,0.0
A-02fac6,Company_52,FinTech,US,06-04-2023,event,Pro,22,False,0,S-020222,A-02fac6,23-05-2024,31-12-2026,Pro,22,1078,12936,False,False,False,False,monthly,True,47.0,16797.0,3.0,A-02fac6,6.0,1.3333333333333333,0.0
A-02fac6,Company_52,FinTech,US,06-04-2023,event,Pro,22,False,0,S-33eb1d,A-02fac6,20-09-2024,31-12-2026,Enterprise,22,4378,52536,False,False,False,False,annual,False,55.0,13220.0,4.0,A-02fac6,6.0,1.3333333333333333,0.0
A-02fac6,Company_52,FinTech,US,06-04-2023,event,Pro,22,False,0,S-74a274,A-02fac6,06-10-2024,31-12-2026,Enterprise,22,4378,52536,False,False,False,False,monthly,True,19.0,10068.0,2.0,A-02fac6,6.0,1.3333333333333333,0.0
A-02fac6,Company_52,FinTech,US,06-04-2023,event,Pro,22,False,0,S-f95951,A-02fac6,10-09-2024,31-12-2026,Pro,22,1078,12936,False,False,False,False,monthly,True,36.0,5937.0,10.0,A-02fac6,6.0,1.3333333333333333,0.0
A-02fac6,Company_52,FinTech,US,06-04-2023,event,Pro,22,False,0,S-9e15d0,A-02fac6,19-01-2024,31-12-2026,Pro,22,1078,12936,False,False,False,False,monthly,True,23.0,2172.0,0.0,A-02fac6,6.0,1.3333333333333333,0.0
A-02fac6,Company_52,FinTech,US,06-04-2023,event,Pro,22,False,0,S-d91908,A-02fac6,22-09-2024,31-12-2026,Basic,22,418,5016,False,False,False,False,monthly,True,26.0,7326.0,4.0,A-02fac6,6.0,1.3333333333333333,0.0
A-02fac6,Company_52,FinTech,US,06-04-2023,event,Pro,22,False,0,S-a408fe,A-02fac6,18-10-2024,31-12-2026,Pro,22,1078,12936,False,True,False,False,monthly,True,79.0,22958.0,4.0,A-02fac6,6.0,1.3333333333333333,0.0
A-02fac6,Company_52,FinTech,US,06-04-2023,event,Pro,22,False,0,S-b48787,A-02fac6,21-10-2023,31-12-2026,Pro,22,1078,12936,False,False,False,False,annual,True,45.0,21603.0,3.0,A-02fac6,6.0,1.3333333333333333,0.0
A-02fac6,Company_52,FinTech,US,06-04-2023,event,Pro,22,False,0,S-52119f,A-02fac6,20-11-2023,31-12-2026,Enterprise,22,4378,52536,False,False,False,False,monthly,True,84.0,36161.0,2.0,A-02fac6,6.0,1.3333333333333333,0.0
A-02fac6,Company_52,FinTech,US,06-04-2023,event,Pro,22,False,0,S-f45fe3,A-02fac6,30-05-2024,31-12-2026,Pro,59,2891,34692,False,False,False,False,monthly,True,34.0,11335.0,1.0,A-02fac6,6.0,1.3333333333333333,0.0
A-c1dfe1,Company_53,DevTools,DE,07-08-2023,ads,Pro,26,False,0,S-8b52b5,A-c1dfe1,04-03-2024,31-12-2026,Enterprise,26,5174,62088,False,False,False,False,monthly,True,85.0,23315.0,4.0,A-c1dfe1,3.0,1.3333333333333333,0.0
A-c1dfe1,Company_53,DevTools,DE,07-08-2023,ads,Pro,26,False,0,S-592443,A-c1dfe1,01-05-2024,31-12-2026,Enterprise,26,5174,62088,False,False,True,False,monthly,False,16.0,4116.0,0.0,A-c1dfe1,3.0,1.3333333333333333,0.0
A-c1dfe1,Company_53,DevTools,DE,07-08-2023,ads,Pro,26,False,0,S-3a4336,A-c1dfe1,07-07-2024,31-12-2026,Enterprise,26,5174,62088,False,False,True,False,monthly,True,36.0,9189.0,4.0,A-c1dfe1,3.0,1.3333333333333333,0.0
A-c1dfe1,Company_53,DevTools,DE,07-08-2023,ads,Pro,26,False,0,S-2b0a2d,A-c1dfe1,04-02-2024,31-12-2026,Basic,26,494,5928,False,True,False,False,annual,True,40.0,15744.0,5.0,A-c1dfe1,3.0,1.3333333333333333,0.0
A-c1dfe1,Company_53,DevTools,DE,07-08-2023,ads,Pro,26,False,0,S-154918,A-c1dfe1,22-09-2024,31-12-2026,Basic,26,494,5928,False,False,False,False,monthly,False,80.0,36787.0,9.0,A-c1dfe1,3.0,1.3333333333333333,0.0
A-c1dfe1,Company_53,DevTools,DE,07-08-2023,ads,Pro,26,False,0,S-847173,A-c1dfe1,17-12-2023,31-12-2026,Basic,33,627,7524,False,False,False,False,monthly,True,32.0,8370.0,4.0,A-c1dfe1,3.0,1.3333333333333333,0.0
A-c1dfe1,Company_53,DevTools,DE,07-08-2023,ads,Pro,26,False,0,S-db56d2,A-c1dfe1,26-10-2023,17-03-2024,Basic,26,494,5928,False,False,False,True,monthly,False,42.0,13668.0,1.0,A-c1dfe1,3.0,1.3333333333333333,0.0
A-c1dfe1,Company_53,DevTools,DE,07-08-2023,ads,Pro,26,False,0,S-b56884,A-c1dfe1,26-07-2024,31-12-2026,Enterprise,41,8159,97908,False,False,False,False,annual,True,44.0,16498.0,3.0,A-c1dfe1,3.0,1.3333333333333333,0.0
A-32728c,Company_54,DevTools,US,03-01-2023,event,Pro,20,False,1,S-a4f26d,A-32728c,21-05-2023,31-12-2026,Pro,20,980,11760,False,False,False,False,monthly,True,46.0,14024.0,1.0,A-32728c,2.0,3.5,0.0
A-32728c,Company_54,DevTools,US,03-01-2023,event,Pro,20,False,1,S-2c091a,A-32728c,20-06-2023,31-12-2026,Pro,20,980,11760,False,False,False,False,annual,True,70.0,22296.0,10.0,A-32728c,2.0,3.5,0.0
A-32728c,Company_54,DevTools,US,03-01-2023,event,Pro,20,False,1,S-8b349c,A-32728c,01-07-2023,07-04-2024,Basic,20,380,4560,False,False,False,True,annual,True,48.0,13496.0,3.0,A-32728c,2.0,3.5,0.0
A-32728c,Company_54,DevTools,US,03-01-2023,event,Pro,20,False,1,S-be05fd,A-32728c,23-03-2024,31-12-2026,Enterprise,20,0,0,True,False,False,False,monthly,True,55.0,17293.0,1.0,A-32728c,2.0,3.5,0.0
A-32728c,Company_54,DevTools,US,03-01-2023,event,Pro,20,False,1,S-4757c8,A-32728c,17-09-2024,31-12-2026,Basic,42,798,9576,False,False,False,False,annual,True,30.0,7055.0,3.0,A-32728c,2.0,3.5,0.0
A-32728c,Company_54,DevTools,US,03-01-2023,event,Pro,20,False,1,S-1f0d7f,A-32728c,05-05-2024,31-12-2026,Basic,20,380,4560,False,False,False,False,annual,True,69.0,15554.0,0.0,A-32728c,2.0,3.5,0.0
A-32728c,Company_54,DevTools,US,03-01-2023,event,Pro,20,False,1,S-2ebd06,A-32728c,04-04-2023,31-12-2026,Pro,20,980,11760,False,False,False,False,monthly,True,69.0,20930.0,1.0,A-32728c,2.0,3.5,0.0
A-32728c,Company_54,DevTools,US,03-01-2023,event,Pro,20,False,1,S-9030e0,A-32728c,18-04-2024,31-12-2026,Enterprise,20,0,0,True,True,False,False,annual,True,31.0,4677.0,3.0,A-32728c,2.0,3.5,0.0
A-4c38bc,Company_55,HealthTech,UK,09-03-2024,event,Basic,36,False,1,S-427275,A-4c38bc,14-07-2024,31-12-2026,Enterprise,36,7164,85968,False,False,False,False,annual,True,95.0,36690.0,4.0,A-4c38bc,3.0,2.3333333333333335,0.0
A-4c38bc,Company_55,HealthTech,UK,09-03-2024,event,Basic,36,False,1,S-e2793d,A-4c38bc,07-10-2024,31-12-2026,Basic,36,684,8208,False,False,False,False,monthly,True,15.0,7615.0,0.0,A-4c38bc,3.0,2.3333333333333335,0.0
A-4c38bc,Company_55,HealthTech,UK,09-03-2024,event,Basic,36,False,1,S-e82bdc,A-4c38bc,17-03-2024,31-12-2026,Basic,36,684,8208,False,False,False,False,annual,True,18.0,7560.0,0.0,A-4c38bc,3.0,2.3333333333333335,0.0
A-4c38bc,Company_55,HealthTech,UK,09-03-2024,event,Basic,36,False,1,S-307e49,A-4c38bc,01-06-2024,31-12-2026,Pro,36,1764,21168,False,False,False,False,monthly,False,25.0,8475.0,4.0,A-4c38bc,3.0,2.3333333333333335,0.0
A-4c38bc,Company_55,HealthTech,UK,09-03-2024,event,Basic,36,False,1,S-0b831e,A-4c38bc,10-05-2024,31-12-2026,Pro,36,1764,21168,False,False,False,False,annual,True,39.0,9037.0,0.0,A-4c38bc,3.0,2.3333333333333335,0.0
A-4c38bc,Company_55,HealthTech,UK,09-03-2024,event,Basic,36,False,1,S-9eb13e,A-4c38bc,30-04-2024,31-12-2026,Basic,36,684,8208,False,False,False,False,monthly,True,14.0,2932.0,0.0,A-4c38bc,3.0,2.3333333333333335,0.0
A-4c38bc,Company_55,HealthTech,UK,09-03-2024,event,Basic,36,False,1,S-0fdcfe,A-4c38bc,24-08-2024,31-12-2026,Enterprise,36,7164,85968,False,True,False,False,annual,True,67.0,15503.0,4.0,A-4c38bc,3.0,2.3333333333333335,0.0
A-4c38bc,Company_55,HealthTech,UK,09-03-2024,event,Basic,36,False,1,S-9a7851,A-4c38bc,27-12-2024,28-12-2024,Pro,36,1764,21168,False,False,False,True,annual,True,70.0,20281.0,0.0,A-4c38bc,3.0,2.3333333333333335,0.0
A-4c38bc,Company_55,HealthTech,UK,09-03-2024,event,Basic,36,False,1,S-79123c,A-4c38bc,19-10-2024,31-12-2026,Enterprise,36,7164,85968,False,False,False,False,annual,True,43.0,20842.0,2.0,A-4c38bc,3.0,2.3333333333333335,0.0
A-4c38bc,Company_55,HealthTech,UK,09-03-2024,event,Basic,36,False,1,S-60cb51,A-4c38bc,21-04-2024,25-10-2024,Basic,36,684,8208,False,False,False,True,monthly,False,33.0,8865.0,1.0,A-4c38bc,3.0,2.3333333333333335,0.0
A-4c38bc,Company_55,HealthTech,UK,09-03-2024,event,Basic,36,False,1,S-a801d1,A-4c38bc,03-04-2024,31-12-2026,Enterprise,36,7164,85968,False,False,False,False,monthly,True,63.0,21751.0,2.0,A-4c38bc,3.0,2.3333333333333335,0.0
A-4c38bc,Company_55,HealthTech,UK,09-03-2024,event,Basic,36,False,1,S-2ddb46,A-4c38bc,09-05-2024,31-12-2026,Pro,36,1764,21168,False,False,False,False,monthly,True,90.0,27426.0,4.0,A-4c38bc,3.0,2.3333333333333335,0.0
A-4c38bc,Company_55,HealthTech,UK,09-03-2024,event,Basic,36,False,1,S-78f326,A-4c38bc,21-04-2024,31-12-2026,Basic,36,0,0,True,False,False,False,monthly,True,62.0,20234.0,3.0,A-4c38bc,3.0,2.3333333333333335,0.0
A-4c38bc,Company_55,HealthTech,UK,09-03-2024,event,Basic,36,False,1,S-2aaa9c,A-4c38bc,10-12-2024,31-12-2026,Pro,36,1764,21168,False,False,False,False,monthly,True,73.0,31270.0,1.0,A-4c38bc,3.0,2.3333333333333335,0.0
A-4c38bc,Company_55,HealthTech,UK,09-03-2024,event,Basic,36,False,1,S-f69fca,A-4c38bc,06-07-2024,31-12-2026,Basic,36,684,8208,False,False,False,False,annual,True,57.0,15046.0,0.0,A-4c38bc,3.0,2.3333333333333335,0.0
A-4c38bc,Company_55,HealthTech,UK,09-03-2024,event,Basic,36,False,1,S-62b7cf,A-4c38bc,06-11-2024,31-12-2026,Enterprise,36,7164,85968,False,True,False,False,annual,True,54.0,17831.0,2.0,A-4c38bc,3.0,2.3333333333333335,0.0
A-1b707d,Company_56,Cybersecurity,US,14-07-2023,organic,Enterprise,1,False,0,S-47985c,A-1b707d,27-12-2024,31-12-2026,Basic,2,0,0,True,False,False,False,annual,False,21.0,7154.0,0.0,A-1b707d,3.0,0.0,0.0
A-1b707d,Company_56,Cybersecurity,US,14-07-2023,organic,Enterprise,1,False,0,S-dda23d,A-1b707d,14-11-2023,31-12-2026,Pro,7,343,4116,False,False,False,False,annual,False,27.0,11960.0,1.0,A-1b707d,3.0,0.0,0.0
A-1b707d,Company_56,Cybersecurity,US,14-07-2023,organic,Enterprise,1,False,0,S-b2f038,A-1b707d,24-01-2024,31-12-2026,Pro,13,637,7644,False,False,False,False,monthly,True,15.0,6954.0,0.0,A-1b707d,3.0,0.0,0.0
A-1b707d,Company_56,Cybersecurity,US,14-07-2023,organic,Enterprise,1,False,0,S-7f04ec,A-1b707d,08-11-2024,31-12-2026,Basic,24,456,5472,False,True,False,False,monthly,True,81.0,25965.0,0.0,A-1b707d,3.0,0.0,0.0
A-1b707d,Company_56,Cybersecurity,US,14-07-2023,organic,Enterprise,1,False,0,S-3a3be9,A-1b707d,03-05-2024,14-07-2024,Basic,8,152,1824,False,False,False,True,annual,True,58.0,12294.0,2.0,A-1b707d,3.0,0.0,0.0
A-1b707d,Company_56,Cybersecurity,US,14-07-2023,organic,Enterprise,1,False,0,S-5f75b5,A-1b707d,13-04-2024,31-12-2026,Enterprise,19,3781,45372,False,False,False,False,annual,True,73.0,16080.0,5.0,A-1b707d,3.0,0.0,0.0
A-1b707d,Company_56,Cybersecurity,US,14-07-2023,organic,Enterprise,1,False,0,S-bafe35,A-1b707d,27-10-2024,31-12-2026,Basic,41,779,9348,False,False,False,False,annual,False,93.0,16334.0,4.0,A-1b707d,3.0,0.0,0.0
A-1b707d,Company_56,Cybersecurity,US,14-07-2023,organic,Enterprise,1,False,0,S-0d33fc,A-1b707d,18-11-2023,31-12-2026,Enterprise,16,3184,38208,False,False,False,False,monthly,True,31.0,13715.0,0.0,A-1b707d,3.0,0.0,0.0
A-6f8ad2,Company_57,EdTech,IN,09-07-2024,organic,Basic,1,False,0,S-aa20eb,A-6f8ad2,08-09-2024,31-12-2026,Pro,1,49,588,False,False,False,False,monthly,False,25.0,7212.0,3.0,A-6f8ad2,4.0,3.25,0.0
A-6f8ad2,Company_57,EdTech,IN,09-07-2024,organic,Basic,1,False,0,S-c1056f,A-6f8ad2,23-10-2024,31-12-2026,Basic,21,399,4788,False,False,False,False,monthly,False,25.0,6969.0,2.0,A-6f8ad2,4.0,3.25,0.0
A-6f8ad2,Company_57,EdTech,IN,09-07-2024,organic,Basic,1,False,0,S-43c2e3,A-6f8ad2,11-08-2024,31-12-2026,Enterprise,35,6965,83580,False,True,False,False,monthly,True,85.0,21235.0,3.0,A-6f8ad2,4.0,3.25,0.0
A-6f8ad2,Company_57,EdTech,IN,09-07-2024,organic,Basic,1,False,0,S-e98296,A-6f8ad2,22-10-2024,31-12-2026,Pro,16,784,9408,False,False,True,False,monthly,True,69.0,25479.0,5.0,A-6f8ad2,4.0,3.25,0.0
A-6f8ad2,Company_57,EdTech,IN,09-07-2024,organic,Basic,1,False,0,S-6cafdf,A-6f8ad2,27-12-2024,31-12-2026,Pro,7,343,4116,False,False,False,False,annual,False,95.0,34577.0,5.0,A-6f8ad2,4.0,3.25,0.0
A-6f8ad2,Company_57,EdTech,IN,09-07-2024,organic,Basic,1,False,0,S-fe0c52,A-6f8ad2,22-07-2024,31-12-2026,Basic,29,0,0,True,False,False,False,monthly,False,42.0,14003.0,3.0,A-6f8ad2,4.0,3.25,0.0
A-6f8ad2,Company_57,EdTech,IN,09-07-2024,organic,Basic,1,False,0,S-bf43b4,A-6f8ad2,04-12-2024,31-12-2026,Pro,41,2009,24108,False,False,False,False,monthly,True,43.0,9362.0,2.0,A-6f8ad2,4.0,3.25,0.0
A-6f8ad2,Company_57,EdTech,IN,09-07-2024,organic,Basic,1,False,0,S-93cd57,A-6f8ad2,16-08-2024,31-12-2026,Enterprise,20,3980,47760,False,False,False,False,annual,True,18.0,7116.0,0.0,A-6f8ad2,4.0,3.25,0.0
A-6f8ad2,Company_57,EdTech,IN,09-07-2024,organic,Basic,1,False,0,S-0c56e1,A-6f8ad2,27-09-2024,31-12-2026,Basic,29,551,6612,False,False,False,False,annual,False,62.0,17941.0,5.0,A-6f8ad2,4.0,3.25,0.0
A-6f8ad2,Company_57,EdTech,IN,09-07-2024,organic,Basic,1,False,0,S-6ace80,A-6f8ad2,16-09-2024,31-12-2026,Enterprise,7,1393,16716,False,False,False,False,monthly,True,17.0,3971.0,6.0,A-6f8ad2,4.0,3.25,0.0
A-6f8ad2,Company_57,EdTech,IN,09-07-2024,organic,Basic,1,False,0,S-8a3abd,A-6f8ad2,23-08-2024,31-12-2026,Pro,26,1274,15288,False,False,False,False,annual,True,47.0,14684.0,1.0,A-6f8ad2,4.0,3.25,0.0
A-6f8ad2,Company_57,EdTech,IN,09-07-2024,organic,Basic,1,False,0,S-628842,A-6f8ad2,26-08-2024,31-12-2026,Enterprise,27,5373,64476,False,False,False,False,annual,True,66.0,20176.0,6.0,A-6f8ad2,4.0,3.25,0.0
A-6f8ad2,Company_57,EdTech,IN,09-07-2024,organic,Basic,1,False,0,S-aa5012,A-6f8ad2,31-12-2024,31-12-2026,Basic,41,779,9348,False,False,False,False,annual,False,50.0,6510.0,7.0,A-6f8ad2,4.0,3.25,0.0
A-6f8ad2,Company_57,EdTech,IN,09-07-2024,organic,Basic,1,False,0,S-6a017c,A-6f8ad2,03-10-2024,31-12-2026,Enterprise,5,995,11940,False,False,False,False,annual,False,67.0,21826.0,4.0,A-6f8ad2,4.0,3.25,0.0
A-6f8ad2,Company_57,EdTech,IN,09-07-2024,organic,Basic,1,False,0,S-c08805,A-6f8ad2,03-09-2024,03-10-2024,Pro,18,882,10584,False,False,False,True,annual,True,69.0,19944.0,1.0,A-6f8ad2,4.0,3.25,0.0
A-6f8ad2,Company_57,EdTech,IN,09-07-2024,organic,Basic,1,False,0,S-3b5eb3,A-6f8ad2,07-10-2024,12-10-2024,Pro,70,0,0,True,True,False,True,annual,True,87.0,21463.0,5.0,A-6f8ad2,4.0,3.25,0.0
A-6f8ad2,Company_57,EdTech,IN,09-07-2024,organic,Basic,1,False,0,S-10f143,A-6f8ad2,13-08-2024,31-12-2026,Basic,8,152,1824,False,False,False,False,monthly,True,57.0,9021.0,1.0,A-6f8ad2,4.0,3.25,0.0
A-4d1e75,Company_58,DevTools,US,21-08-2024,other,Basic,20,False,0,S-c9b0cc,A-4d1e75,11-10-2024,31-12-2026,Enterprise,38,7562,90744,False,False,False,False,monthly,True,17.0,4261.0,0.0,A-4d1e75,2.0,4.0,0.0
A-4d1e75,Company_58,DevTools,US,21-08-2024,other,Basic,20,False,0,S-7de1b7,A-4d1e75,27-10-2024,31-12-2026,Enterprise,20,3980,47760,False,False,False,False,annual,True,19.0,1380.0,0.0,A-4d1e75,2.0,4.0,0.0
A-4d1e75,Company_58,DevTools,US,21-08-2024,other,Basic,20,False,0,S-200752,A-4d1e75,17-09-2024,31-12-2026,Pro,20,980,11760,False,True,False,False,monthly,False,6.0,2172.0,0.0,A-4d1e75,2.0,4.0,0.0
A-4d1e75,Company_58,DevTools,US,21-08-2024,other,Basic,20,False,0,S-9161b0,A-4d1e75,14-09-2024,31-12-2026,Enterprise,62,12338,148056,False,True,False,False,monthly,True,30.0,12258.0,5.0,A-4d1e75,2.0,4.0,0.0
A-4d1e75,Company_58,DevTools,US,21-08-2024,other,Basic,20,False,0,S-924925,A-4d1e75,17-11-2024,31-12-2026,Pro,31,1519,18228,False,False,False,False,monthly,False,49.0,10481.0,5.0,A-4d1e75,2.0,4.0,0.0
A-4d1e75,Company_58,DevTools,US,21-08-2024,other,Basic,20,False,0,S-7a2991,A-4d1e75,14-11-2024,31-12-2026,Pro,39,1911,22932,False,False,False,False,annual,True,51.0,17155.0,0.0,A-4d1e75,2.0,4.0,0.0
A-4d1e75,Company_58,DevTools,US,21-08-2024,other,Basic,20,False,0,S-a2aa70,A-4d1e75,17-12-2024,31-12-2026,Pro,47,0,0,True,False,False,False,monthly,False,37.0,13289.0,2.0,A-4d1e75,2.0,4.0,0.0
A-4d1e75,Company_58,DevTools,US,21-08-2024,other,Basic,20,False,0,S-8dd1cf,A-4d1e75,17-12-2024,31-12-2026,Basic,20,380,4560,False,True,False,False,monthly,False,55.0,13861.0,2.0,A-4d1e75,2.0,4.0,0.0
A-4d1e75,Company_58,DevTools,US,21-08-2024,other,Basic,20,False,0,S-43aa0e,A-4d1e75,18-10-2024,31-12-2026,Basic,36,0,0,True,False,False,False,monthly,True,37.0,14031.0,5.0,A-4d1e75,2.0,4.0,0.0
A-4d1e75,Company_58,DevTools,US,21-08-2024,other,Basic,20,False,0,S-f6e116,A-4d1e75,31-10-2024,31-12-2026,Pro,20,980,11760,False,False,True,False,monthly,True,28.0,7914.0,0.0,A-4d1e75,2.0,4.0,0.0
A-4d1e75,Company_58,DevTools,US,21-08-2024,other,Basic,20,False,0,S-1ad9cb,A-4d1e75,10-10-2024,31-12-2026,Pro,20,980,11760,False,False,False,False,monthly,True,74.0,26826.0,1.0,A-4d1e75,2.0,4.0,0.0
A-4d1e75,Company_58,DevTools,US,21-08-2024,other,Basic,20,False,0,S-24631a,A-4d1e75,07-09-2024,31-12-2026,Basic,20,380,4560,False,False,False,False,monthly,True,51.0,21798.0,4.0,A-4d1e75,2.0,4.0,0.0
A-4d1e75,Company_58,DevTools,US,21-08-2024,other,Basic,20,False,0,S-a14c42,A-4d1e75,10-10-2024,31-12-2026,Basic,20,380,4560,False,False,False,False,monthly,True,23.0,2680.0,1.0,A-4d1e75,2.0,4.0,0.0
A-9ee962,Company_59,HealthTech,US,28-02-2023,ads,Basic,9,False,1,S-68c537,A-9ee962,06-06-2024,31-12-2026,Enterprise,29,5771,69252,False,False,False,False,monthly,True,0.0,0.0,0.0,A-9ee962,3.0,1.3333333333333333,0.0
A-9ee962,Company_59,HealthTech,US,28-02-2023,ads,Basic,9,False,1,S-0ce88b,A-9ee962,18-07-2024,31-12-2026,Basic,9,171,2052,False,False,False,False,annual,True,24.0,7366.0,2.0,A-9ee962,3.0,1.3333333333333333,0.0
A-9ee962,Company_59,HealthTech,US,28-02-2023,ads,Basic,9,False,1,S-f4376f,A-9ee962,21-05-2024,31-12-2026,Basic,9,171,2052,False,False,False,False,annual,False,79.0,20416.0,2.0,A-9ee962,3.0,1.3333333333333333,0.0
A-9ee962,Company_59,HealthTech,US,28-02-2023,ads,Basic,9,False,1,S-ece5a5,A-9ee962,27-08-2023,31-12-2026,Pro,30,1470,17640,False,False,False,False,annual,False,31.0,8052.0,2.0,A-9ee962,3.0,1.3333333333333333,0.0
A-9ee962,Company_59,HealthTech,US,28-02-2023,ads,Basic,9,False,1,S-094e82,A-9ee962,25-05-2024,23-09-2024,Basic,9,171,2052,False,False,False,True,monthly,True,52.0,11408.0,0.0,A-9ee962,3.0,1.3333333333333333,0.0
A-9ee962,Company_59,HealthTech,US,28-02-2023,ads,Basic,9,False,1,S-593787,A-9ee962,22-11-2023,31-12-2026,Basic,9,0,0,True,True,False,False,monthly,True,67.0,19769.0,3.0,A-9ee962,3.0,1.3333333333333333,0.0
A-9ee962,Company_59,HealthTech,US,28-02-2023,ads,Basic,9,False,1,S-4e4ef4,A-9ee962,09-07-2023,31-12-2026,Pro,25,1225,14700,False,False,True,False,monthly,True,71.0,17693.0,8.0,A-9ee962,3.0,1.3333333333333333,0.0
A-9ee962,Company_59,HealthTech,US,28-02-2023,ads,Basic,9,False,1,S-23f506,A-9ee962,28-09-2023,27-11-2023,Basic,9,0,0,True,True,False,True,annual,True,13.0,7488.0,0.0,A-9ee962,3.0,1.3333333333333333,0.0
A-9ee962,Company_59,HealthTech,US,28-02-2023,ads,Basic,9,False,1,S-ffce65,A-9ee962,23-06-2023,31-12-2026,Pro,9,441,5292,False,True,False,False,annual,True,102.0,28034.0,0.0,A-9ee962,3.0,1.3333333333333333,0.0
A-378b99,Company_60,EdTech,UK,01-09-2024,ads,Pro,8,True,0,S-447189,A-378b99,19-09-2024,31-12-2026,Basic,68,1292,15504,False,False,False,False,monthly,True,46.0,19809.0,5.0,A-378b99,6.0,3.0,0.0
A-378b99,Company_60,EdTech,UK,01-09-2024,ads,Pro,8,True,0,S-775dd1,A-378b99,10-09-2024,31-12-2026,Pro,19,931,11172,False,False,False,False,monthly,True,9.0,4689.0,2.0,A-378b99,6.0,3.0,0.0
A-378b99,Company_60,EdTech,UK,01-09-2024,ads,Pro,8,True,0,S-41acf0,A-378b99,05-11-2024,31-12-2026,Enterprise,16,3184,38208,False,False,False,False,annual,True,39.0,16241.0,0.0,A-378b99,6.0,3.0,0.0
A-378b99,Company_60,EdTech,UK,01-09-2024,ads,Pro,8,True,0,S-29a901,A-378b99,24-10-2024,31-12-2026,Pro,8,392,4704,False,False,False,False,annual,True,36.0,17696.0,4.0,A-378b99,6.0,3.0,0.0
A-378b99,Company_60,EdTech,UK,01-09-2024,ads,Pro,8,True,0,S-817cf0,A-378b99,14-10-2024,31-12-2026,Pro,9,441,5292,False,False,False,False,annual,True,30.0,7760.0,0.0,A-378b99,6.0,3.0,0.0
A-378b99,Company_60,EdTech,UK,01-09-2024,ads,Pro,8,True,0,S-3bdedd,A-378b99,03-11-2024,31-12-2026,Basic,59,1121,13452,False,False,False,False,monthly,True,61.0,15195.0,3.0,A-378b99,6.0,3.0,0.0
A-378b99,Company_60,EdTech,UK,01-09-2024,ads,Pro,8,True,0,S-1c5955,A-378b99,07-10-2024,31-12-2026,Pro,12,588,7056,False,False,False,False,annual,True,67.0,15854.0,6.0,A-378b99,6.0,3.0,0.0
A-378b99,Company_60,EdTech,UK,01-09-2024,ads,Pro,8,True,0,S-5f4cc6,A-378b99,14-10-2024,31-12-2026,Pro,16,0,0,True,False,False,False,monthly,True,61.0,18896.0,8.0,A-378b99,6.0,3.0,0.0
A-378b99,Company_60,EdTech,UK,01-09-2024,ads,Pro,8,True,0,S-4b9d7c,A-378b99,05-12-2024,31-12-2026,Pro,16,784,9408,False,False,True,False,annual,True,70.0,26093.0,1.0,A-378b99,6.0,3.0,0.0
A-378b99,Company_60,EdTech,UK,01-09-2024,ads,Pro,8,True,0,S-ae355b,A-378b99,08-11-2024,31-12-2026,Enterprise,9,1791,21492,False,False,False,False,annual,True,31.0,2565.0,1.0,A-378b99,6.0,3.0,0.0
A-378b99,Company_60,EdTech,UK,01-09-2024,ads,Pro,8,True,0,S-a3927a,A-378b99,02-12-2024,30-12-2024,Enterprise,8,1592,19104,False,False,False,True,annual,True,43.0,13465.0,1.0,A-378b99,6.0,3.0,0.0
A-378b99,Company_60,EdTech,UK,01-09-2024,ads,Pro,8,True,0,S-7717d6,A-378b99,02-12-2024,31-12-2026,Enterprise,32,0,0,True,True,False,False,monthly,True,72.0,29262.0,7.0,A-378b99,6.0,3.0,0.0
A-94d3da,Company_61,HealthTech,US,03-05-2023,other,Basic,41,False,0,S-ffb6cc,A-94d3da,28-09-2024,31-12-2026,Enterprise,41,8159,97908,False,False,False,False,monthly,False,54.0,17464.0,2.0,A-94d3da,6.0,2.3333333333333335,0.0
A-94d3da,Company_61,HealthTech,US,03-05-2023,other,Basic,41,False,0,S-15609d,A-94d3da,04-08-2024,31-12-2026,Basic,41,0,0,True,False,False,False,monthly,False,13.0,1978.0,1.0,A-94d3da,6.0,2.3333333333333335,0.0
A-94d3da,Company_61,HealthTech,US,03-05-2023,other,Basic,41,False,0,S-cb8654,A-94d3da,07-02-2024,31-12-2026,Basic,41,0,0,True,False,False,False,annual,True,27.0,9724.0,1.0,A-94d3da,6.0,2.3333333333333335,0.0
A-94d3da,Company_61,HealthTech,US,03-05-2023,other,Basic,41,False,0,S-5abbac,A-94d3da,26-09-2023,31-12-2026,Pro,41,0,0,True,False,False,False,annual,True,38.0,7658.0,3.0,A-94d3da,6.0,2.3333333333333335,0.0
A-94d3da,Company_61,HealthTech,US,03-05-2023,other,Basic,41,False,0,S-207046,A-94d3da,03-03-2024,31-12-2026,Pro,41,0,0,True,False,False,False,annual,True,41.0,12973.0,0.0,A-94d3da,6.0,2.3333333333333335,0.0
A-94d3da,Company_61,HealthTech,US,03-05-2023,other,Basic,41,False,0,S-244df8,A-94d3da,28-10-2024,31-12-2026,Basic,41,779,9348,False,False,False,False,monthly,True,27.0,12108.0,1.0,A-94d3da,6.0,2.3333333333333335,0.0
A-94d3da,Company_61,HealthTech,US,03-05-2023,other,Basic,41,False,0,S-a7cab8,A-94d3da,26-12-2023,31-12-2026,Basic,41,779,9348,False,False,False,False,monthly,False,31.0,15773.0,4.0,A-94d3da,6.0,2.3333333333333335,0.0
A-94d3da,Company_61,HealthTech,US,03-05-2023,other,Basic,41,False,0,S-3647aa,A-94d3da,09-09-2023,31-12-2026,Pro,41,0,0,True,False,False,False,monthly,True,66.0,13133.0,1.0,A-94d3da,6.0,2.3333333333333335,0.0
A-94d3da,Company_61,HealthTech,US,03-05-2023,other,Basic,41,False,0,S-41b844,A-94d3da,03-06-2023,31-12-2026,Pro,41,2009,24108,False,False,False,False,monthly,False,18.0,6084.0,0.0,A-94d3da,6.0,2.3333333333333335,0.0
A-94d3da,Company_61,HealthTech,US,03-05-2023,other,Basic,41,False,0,S-bb3c63,A-94d3da,01-12-2023,31-12-2026,Basic,41,779,9348,False,False,False,False,monthly,True,58.0,24283.0,5.0,A-94d3da,6.0,2.3333333333333335,0.0
A-94d3da,Company_61,HealthTech,US,03-05-2023,other,Basic,41,False,0,S-5480a7,A-94d3da,05-06-2023,31-12-2026,Enterprise,41,8159,97908,False,True,False,False,annual,True,45.0,12504.0,4.0,A-94d3da,6.0,2.3333333333333335,0.0
A-94d3da,Company_61,HealthTech,US,03-05-2023,other,Basic,41,False,0,S-32e8fa,A-94d3da,04-06-2023,21-10-2023,Pro,41,2009,24108,False,False,False,True,annual,True,46.0,16369.0,3.0,A-94d3da,6.0,2.3333333333333335,0.0
A-e351e1,Company_62,EdTech,US,26-09-2024,other,Enterprise,33,False,0,S-dfe952,A-e351e1,27-09-2024,31-12-2026,Basic,33,627,7524,False,False,False,False,monthly,True,48.0,17187.0,4.0,A-e351e1,4.0,3.75,0.0
A-e351e1,Company_62,EdTech,US,26-09-2024,other,Enterprise,33,False,0,S-808668,A-e351e1,01-10-2024,31-12-2026,Pro,33,1617,19404,False,False,False,False,monthly,True,54.0,19518.0,2.0,A-e351e1,4.0,3.75,0.0
A-e351e1,Company_62,EdTech,US,26-09-2024,other,Enterprise,33,False,0,S-0509b8,A-e351e1,26-12-2024,29-12-2024,Basic,33,627,7524,False,False,False,True,annual,True,66.0,21804.0,2.0,A-e351e1,4.0,3.75,0.0
A-e351e1,Company_62,EdTech,US,26-09-2024,other,Enterprise,33,False,0,S-d5605e,A-e351e1,11-11-2024,31-12-2026,Basic,33,0,0,True,False,False,False,monthly,False,92.0,28114.0,10.0,A-e351e1,4.0,3.75,0.0
A-e351e1,Company_62,EdTech,US,26-09-2024,other,Enterprise,33,False,0,S-3c8e09,A-e351e1,01-10-2024,31-12-2026,Basic,33,627,7524,False,False,False,False,monthly,True,35.0,15829.0,4.0,A-e351e1,4.0,3.75,0.0
A-9badbd,Company_63,Cybersecurity,DE,19-06-2024,ads,Enterprise,5,True,0,S-904784,A-9badbd,20-09-2024,31-12-2026,Enterprise,20,0,0,True,False,False,False,monthly,False,74.0,18748.0,9.0,A-9badbd,5.0,2.0,0.0
A-9badbd,Company_63,Cybersecurity,DE,19-06-2024,ads,Enterprise,5,True,0,S-f421c8,A-9badbd,29-06-2024,31-12-2026,Basic,28,532,6384,False,False,False,False,annual,True,90.0,25013.0,8.0,A-9badbd,5.0,2.0,0.0
A-9badbd,Company_63,Cybersecurity,DE,19-06-2024,ads,Enterprise,5,True,0,S-834097,A-9badbd,03-12-2024,31-12-2026,Enterprise,5,995,11940,False,False,False,False,annual,True,99.0,28673.0,9.0,A-9badbd,5.0,2.0,0.0
A-9badbd,Company_63,Cybersecurity,DE,19-06-2024,ads,Enterprise,5,True,0,S-f4caa8,A-9badbd,16-09-2024,12-10-2024,Basic,23,437,5244,False,False,False,True,annual,True,61.0,11200.0,2.0,A-9badbd,5.0,2.0,0.0
A-9badbd,Company_63,Cybersecurity,DE,19-06-2024,ads,Enterprise,5,True,0,S-3c9115,A-9badbd,01-07-2024,31-12-2026,Enterprise,30,5970,71640,False,False,False,False,monthly,False,74.0,21281.0,4.0,A-9badbd,5.0,2.0,0.0
A-9badbd,Company_63,Cybersecurity,DE,19-06-2024,ads,Enterprise,5,True,0,S-0756ce,A-9badbd,15-10-2024,31-12-2026,Pro,77,3773,45276,False,False,False,False,monthly,True,29.0,12081.0,3.0,A-9badbd,5.0,2.0,0.0
A-9badbd,Company_63,Cybersecurity,DE,19-06-2024,ads,Enterprise,5,True,0,S-a8bed8,A-9badbd,28-08-2024,31-12-2026,Basic,17,323,3876,False,False,False,False,annual,True,14.0,3311.0,0.0,A-9badbd,5.0,2.0,0.0
A-9badbd,Company_63,Cybersecurity,DE,19-06-2024,ads,Enterprise,5,True,0,S-11dba6,A-9badbd,02-11-2024,31-12-2026,Basic,41,779,9348,False,False,False,False,annual,False,74.0,26912.0,1.0,A-9badbd,5.0,2.0,0.0
A-9badbd,Company_63,Cybersecurity,DE,19-06-2024,ads,Enterprise,5,True,0,S-59fe1d,A-9badbd,21-10-2024,31-12-2026,Basic,21,0,0,True,False,False,False,monthly,True,38.0,9612.0,3.0,A-9badbd,5.0,2.0,0.0
A-9badbd,Company_63,Cybersecurity,DE,19-06-2024,ads,Enterprise,5,True,0,S-6ee525,A-9badbd,05-09-2024,31-12-2026,Enterprise,23,4577,54924,False,False,False,False,annual,True,77.0,32218.0,2.0,A-9badbd,5.0,2.0,0.0
A-9badbd,Company_63,Cybersecurity,DE,19-06-2024,ads,Enterprise,5,True,0,S-c41762,A-9badbd,21-12-2024,30-12-2024,Enterprise,59,11741,140892,False,False,False,True,monthly,True,59.0,17022.0,3.0,A-9badbd,5.0,2.0,0.0
A-9badbd,Company_63,Cybersecurity,DE,19-06-2024,ads,Enterprise,5,True,0,S-40d3aa,A-9badbd,22-08-2024,31-12-2026,Basic,103,1957,23484,False,False,False,False,monthly,True,22.0,6773.0,1.0,A-9badbd,5.0,2.0,0.0
A-9badbd,Company_63,Cybersecurity,DE,19-06-2024,ads,Enterprise,5,True,0,S-78cb5f,A-9badbd,07-12-2024,31-12-2026,Enterprise,7,1393,16716,False,False,False,False,monthly,True,18.0,7538.0,0.0,A-9badbd,5.0,2.0,0.0
A-7e0a10,Company_64,FinTech,US,18-11-2023,ads,Enterprise,46,False,0,S-6ceec5,A-7e0a10,24-07-2024,31-12-2026,Basic,46,874,10488,False,False,False,False,annual,True,66.0,25202.0,3.0,A-7e0a10,5.0,1.6,0.0
A-7e0a10,Company_64,FinTech,US,18-11-2023,ads,Enterprise,46,False,0,S-7a55d9,A-7e0a10,03-01-2024,31-12-2026,Basic,46,874,10488,False,False,False,False,monthly,True,68.0,16214.0,2.0,A-7e0a10,5.0,1.6,0.0
A-7e0a10,Company_64,FinTech,US,18-11-2023,ads,Enterprise,46,False,0,S-c14f97,A-7e0a10,05-02-2024,31-12-2026,Pro,46,2254,27048,False,True,False,False,monthly,True,37.0,8230.0,2.0,A-7e0a10,5.0,1.6,0.0
A-7e0a10,Company_64,FinTech,US,18-11-2023,ads,Enterprise,46,False,0,S-2a57b3,A-7e0a10,29-06-2024,31-12-2026,Basic,46,874,10488,False,False,False,False,annual,True,78.0,27210.0,10.0,A-7e0a10,5.0,1.6,0.0
A-7e0a10,Company_64,FinTech,US,18-11-2023,ads,Enterprise,46,False,0,S-f030d4,A-7e0a10,30-12-2024,31-12-2026,Enterprise,70,13930,167160,False,False,False,False,annual,True,87.0,36223.0,3.0,A-7e0a10,5.0,1.6,0.0
A-7e0a10,Company_64,FinTech,US,18-11-2023,ads,Enterprise,46,False,0,S-0ac09f,A-7e0a10,09-03-2024,31-12-2026,Enterprise,46,9154,109848,False,False,False,False,monthly,True,47.0,16445.0,3.0,A-7e0a10,5.0,1.6,0.0
A-7e0a10,Company_64,FinTech,US,18-11-2023,ads,Enterprise,46,False,0,S-3f1bb5,A-7e0a10,21-12-2023,31-12-2026,Basic,46,874,10488,False,False,False,False,annual,True,24.0,5762.0,7.0,A-7e0a10,5.0,1.6,0.0
A-7e0a10,Company_64,FinTech,US,18-11-2023,ads,Enterprise,46,False,0,S-576aec,A-7e0a10,07-12-2023,31-12-2026,Pro,46,2254,27048,False,False,False,False,monthly,False,10.0,5230.0,2.0,A-7e0a10,5.0,1.6,0.0
A-7e0a10,Company_64,FinTech,US,18-11-2023,ads,Enterprise,46,False,0,S-78e1c6,A-7e0a10,28-02-2024,31-12-2026,Enterprise,46,9154,109848,False,False,False,False,monthly,False,68.0,21198.0,3.0,A-7e0a10,5.0,1.6,0.0
A-7e0a10,Company_64,FinTech,US,18-11-2023,ads,Enterprise,46,False,0,S-77befa,A-7e0a10,29-11-2023,31-12-2026,Basic,46,874,10488,False,False,False,False,monthly,False,26.0,11448.0,0.0,A-7e0a10,5.0,1.6,0.0
A-118d55,Company_65,Cybersecurity,US,22-10-2024,organic,Basic,8,False,0,S-b9bbfd,A-118d55,13-11-2024,31-12-2026,Enterprise,36,7164,85968,False,False,False,False,monthly,True,73.0,23830.0,0.0,A-118d55,5.0,2.6,0.0
A-118d55,Company_65,Cybersecurity,US,22-10-2024,organic,Basic,8,False,0,S-34cc51,A-118d55,21-11-2024,31-12-2026,Basic,15,285,3420,False,False,False,False,annual,False,12.0,192.0,0.0,A-118d55,5.0,2.6,0.0
A-118d55,Company_65,Cybersecurity,US,22-10-2024,organic,Basic,8,False,0,S-a4d121,A-118d55,26-10-2024,31-12-2026,Enterprise,8,1592,19104,False,True,False,False,monthly,True,24.0,804.0,1.0,A-118d55,5.0,2.6,0.0
A-118d55,Company_65,Cybersecurity,US,22-10-2024,organic,Basic,8,False,0,S-9cb1f7,A-118d55,07-12-2024,31-12-2026,Pro,17,833,9996,False,False,True,False,monthly,True,31.0,9436.0,2.0,A-118d55,5.0,2.6,0.0
A-118d55,Company_65,Cybersecurity,US,22-10-2024,organic,Basic,8,False,0,S-0b73bd,A-118d55,24-11-2024,31-12-2026,Enterprise,16,3184,38208,False,False,True,False,monthly,False,23.0,5558.0,0.0,A-118d55,5.0,2.6,0.0
A-118d55,Company_65,Cybersecurity,US,22-10-2024,organic,Basic,8,False,0,S-e2a10c,A-118d55,24-12-2024,31-12-2026,Basic,18,342,4104,False,True,True,False,annual,True,19.0,4009.0,0.0,A-118d55,5.0,2.6,0.0
A-118d55,Company_65,Cybersecurity,US,22-10-2024,organic,Basic,8,False,0,S-7452a4,A-118d55,30-12-2024,31-12-2024,Enterprise,29,5771,69252,False,False,False,True,monthly,True,46.0,11527.0,6.0,A-118d55,5.0,2.6,0.0
A-118d55,Company_65,Cybersecurity,US,22-10-2024,organic,Basic,8,False,0,S-d7163c,A-118d55,27-12-2024,31-12-2026,Pro,11,539,6468,False,False,True,False,monthly,True,68.0,25631.0,0.0,A-118d55,5.0,2.6,0.0
A-118d55,Company_65,Cybersecurity,US,22-10-2024,organic,Basic,8,False,0,S-43c80c,A-118d55,25-12-2024,31-12-2026,Pro,12,588,7056,False,False,False,False,annual,True,57.0,11093.0,8.0,A-118d55,5.0,2.6,0.0
A-118d55,Company_65,Cybersecurity,US,22-10-2024,organic,Basic,8,False,0,S-2ff628,A-118d55,27-12-2024,31-12-2026,Basic,8,152,1824,False,True,False,False,monthly,True,88.0,25599.0,7.0,A-118d55,5.0,2.6,0.0
A-118d55,Company_65,Cybersecurity,US,22-10-2024,organic,Basic,8,False,0,S-f65381,A-118d55,02-12-2024,31-12-2026,Enterprise,16,3184,38208,False,False,False,False,annual,True,76.0,25727.0,3.0,A-118d55,5.0,2.6,0.0
A-118d55,Company_65,Cybersecurity,US,22-10-2024,organic,Basic,8,False,0,S-2c64e6,A-118d55,24-12-2024,31-12-2026,Basic,15,285,3420,False,False,False,False,monthly,False,82.0,24737.0,6.0,A-118d55,5.0,2.6,0.0
A-526d93,Company_66,HealthTech,FR,14-04-2024,organic,Basic,43,False,0,S-763384,A-526d93,24-07-2024,31-12-2026,Pro,43,0,0,True,False,False,False,annual,True,95.0,31194.0,7.0,A-526d93,5.0,1.4,1.0
A-526d93,Company_66,HealthTech,FR,14-04-2024,organic,Basic,43,False,0,S-f4db1d,A-526d93,05-07-2024,31-12-2026,Enterprise,43,0,0,True,False,False,False,annual,True,88.0,24786.0,9.0,A-526d93,5.0,1.4,1.0
A-526d93,Company_66,HealthTech,FR,14-04-2024,organic,Basic,43,False,0,S-be53ea,A-526d93,28-07-2024,31-12-2026,Pro,43,2107,25284,False,False,False,False,annual,True,93.0,33095.0,13.0,A-526d93,5.0,1.4,1.0
A-526d93,Company_66,HealthTech,FR,14-04-2024,organic,Basic,43,False,0,S-70b537,A-526d93,26-09-2024,31-12-2026,Enterprise,43,8557,102684,False,True,False,False,annual,False,39.0,7712.0,6.0,A-526d93,5.0,1.4,1.0
A-526d93,Company_66,HealthTech,FR,14-04-2024,organic,Basic,43,False,0,S-87db32,A-526d93,24-04-2024,31-12-2026,Enterprise,49,9751,117012,False,False,False,False,monthly,False,19.0,1337.0,1.0,A-526d93,5.0,1.4,1.0
A-526d93,Company_66,HealthTech,FR,14-04-2024,organic,Basic,43,False,0,S-dcc084,A-526d93,01-10-2024,31-12-2026,Basic,43,817,9804,False,False,False,False,monthly,True,57.0,15306.0,3.0,A-526d93,5.0,1.4,1.0
A-526d93,Company_66,HealthTech,FR,14-04-2024,organic,Basic,43,False,0,S-ee30bb,A-526d93,19-04-2024,31-12-2026,Enterprise,43,8557,102684,False,True,False,False,monthly,False,84.0,19206.0,3.0,A-526d93,5.0,1.4,1.0
A-526d93,Company_66,HealthTech,FR,14-04-2024,organic,Basic,43,False,0,S-c2a14b,A-526d93,08-11-2024,10-11-2024,Enterprise,43,8557,102684,False,False,False,True,annual,False,44.0,14636.0,1.0,A-526d93,5.0,1.4,1.0
A-526d93,Company_66,HealthTech,FR,14-04-2024,organic,Basic,43,False,0,S-1a2fbc,A-526d93,29-06-2024,31-12-2026,Basic,45,855,10260,False,False,False,False,monthly,True,46.0,11941.0,2.0,A-526d93,5.0,1.4,1.0
A-f92792,Company_67,FinTech,US,04-07-2024,ads,Pro,1,False,0,S-ca1c21,A-f92792,02-12-2024,31-12-2026,Basic,9,0,0,True,False,False,False,annual,False,60.0,15022.0,3.0,A-f92792,2.0,2.0,0.0
A-f92792,Company_67,FinTech,US,04-07-2024,ads,Pro,1,False,0,S-3a79ac,A-f92792,15-11-2024,31-12-2026,Basic,4,0,0,True,False,False,False,monthly,True,47.0,8339.0,0.0,A-f92792,2.0,2.0,0.0
A-f92792,Company_67,FinTech,US,04-07-2024,ads,Pro,1,False,0,S-64dcb7,A-f92792,08-12-2024,31-12-2026,Pro,8,392,4704,False,False,False,False,annual,False,55.0,19061.0,1.0,A-f92792,2.0,2.0,0.0
A-f92792,Company_67,FinTech,US,04-07-2024,ads,Pro,1,False,0,S-6d09f2,A-f92792,24-11-2024,31-12-2026,Basic,3,57,684,False,False,False,False,monthly,True,49.0,8126.0,4.0,A-f92792,2.0,2.0,0.0
A-f92792,Company_67,FinTech,US,04-07-2024,ads,Pro,1,False,0,S-9c23e1,A-f92792,17-09-2024,31-12-2026,Enterprise,18,3582,42984,False,False,False,False,annual,True,21.0,9824.0,1.0,A-f92792,2.0,2.0,0.0
A-f92792,Company_67,FinTech,US,04-07-2024,ads,Pro,1,False,0,S-1dceca,A-f92792,01-08-2024,31-12-2026,Basic,15,285,3420,False,False,False,False,monthly,False,55.0,15900.0,3.0,A-f92792,2.0,2.0,0.0
A-f92792,Company_67,FinTech,US,04-07-2024,ads,Pro,1,False,0,S-cb38be,A-f92792,05-09-2024,31-12-2026,Basic,2,38,456,False,False,True,False,annual,True,40.0,14463.0,4.0,A-f92792,2.0,2.0,0.0
A-f92792,Company_67,FinTech,US,04-07-2024,ads,Pro,1,False,0,S-456829,A-f92792,07-07-2024,31-12-2026,Pro,26,1274,15288,False,False,False,False,annual,False,21.0,2392.0,3.0,A-f92792,2.0,2.0,0.0
A-f92792,Company_67,FinTech,US,04-07-2024,ads,Pro,1,False,0,S-ab37ae,A-f92792,11-09-2024,31-12-2026,Basic,6,0,0,True,False,False,False,monthly,True,65.0,17489.0,5.0,A-f92792,2.0,2.0,0.0
A-f92792,Company_67,FinTech,US,04-07-2024,ads,Pro,1,False,0,S-a94ec7,A-f92792,17-09-2024,31-12-2026,Basic,18,342,4104,False,False,False,False,monthly,False,30.0,8609.0,3.0,A-f92792,2.0,2.0,0.0
A-f92792,Company_67,FinTech,US,04-07-2024,ads,Pro,1,False,0,S-d49a8f,A-f92792,30-09-2024,31-12-2026,Enterprise,24,4776,57312,False,False,False,False,annual,True,46.0,20973.0,4.0,A-f92792,2.0,2.0,0.0
A-f92792,Company_67,FinTech,US,04-07-2024,ads,Pro,1,False,0,S-4012d6,A-f92792,31-10-2024,31-12-2026,Pro,15,735,8820,False,True,False,False,annual,True,8.0,1536.0,0.0,A-f92792,2.0,2.0,0.0
A-f92792,Company_67,FinTech,US,04-07-2024,ads,Pro,1,False,0,S-c61dc9,A-f92792,15-12-2024,31-12-2026,Basic,19,361,4332,False,False,False,False,annual,False,27.0,5298.0,0.0,A-f92792,2.0,2.0,0.0
A-f92792,Company_67,FinTech,US,04-07-2024,ads,Pro,1,False,0,S-a8a1e8,A-f92792,25-08-2024,31-12-2026,Enterprise,35,6965,83580,False,False,False,False,monthly,True,4.0,2092.0,0.0,A-f92792,2.0,2.0,0.0
A-84ebe4,Company_68,FinTech,US,12-03-2023,ads,Pro,18,True,1,S-e3a257,A-84ebe4,14-02-2024,31-12-2026,Pro,18,882,10584,False,False,False,False,annual,True,6.0,1140.0,2.0,A-84ebe4,4.0,2.0,0.0
A-84ebe4,Company_68,FinTech,US,12-03-2023,ads,Pro,18,True,1,S-c2fd82,A-84ebe4,29-06-2024,06-11-2024,Enterprise,82,0,0,True,False,False,True,monthly,True,39.0,12011.0,0.0,A-84ebe4,4.0,2.0,0.0
A-84ebe4,Company_68,FinTech,US,12-03-2023,ads,Pro,18,True,1,S-a583df,A-84ebe4,07-08-2024,31-12-2026,Enterprise,45,8955,107460,False,False,False,False,annual,True,84.0,23892.0,5.0,A-84ebe4,4.0,2.0,0.0
A-84ebe4,Company_68,FinTech,US,12-03-2023,ads,Pro,18,True,1,S-7f0419,A-84ebe4,22-06-2023,31-12-2026,Enterprise,18,3582,42984,False,False,False,False,annual,True,31.0,11496.0,2.0,A-84ebe4,4.0,2.0,0.0
A-84ebe4,Company_68,FinTech,US,12-03-2023,ads,Pro,18,True,1,S-639d60,A-84ebe4,25-01-2024,31-12-2026,Enterprise,18,0,0,True,False,False,False,annual,True,58.0,28875.0,6.0,A-84ebe4,4.0,2.0,0.0
A-84ebe4,Company_68,FinTech,US,12-03-2023,ads,Pro,18,True,1,S-1170cb,A-84ebe4,19-04-2024,31-12-2026,Pro,18,882,10584,False,False,False,False,annual,True,17.0,6922.0,1.0,A-84ebe4,4.0,2.0,0.0
A-84ebe4,Company_68,FinTech,US,12-03-2023,ads,Pro,18,True,1,S-6bb2c5,A-84ebe4,18-11-2024,31-12-2026,Enterprise,36,7164,85968,False,False,False,False,monthly,True,52.0,8898.0,4.0,A-84ebe4,4.0,2.0,0.0
A-84ebe4,Company_68,FinTech,US,12-03-2023,ads,Pro,18,True,1,S-2e78ce,A-84ebe4,15-04-2024,22-10-2024,Basic,18,342,4104,False,False,False,True,monthly,True,22.0,5544.0,1.0,A-84ebe4,4.0,2.0,0.0
A-84ebe4,Company_68,FinTech,US,12-03-2023,ads,Pro,18,True,1,S-1cb993,A-84ebe4,10-05-2023,31-12-2026,Basic,18,342,4104,False,False,False,False,annual,True,31.0,4248.0,3.0,A-84ebe4,4.0,2.0,0.0
A-84ebe4,Company_68,FinTech,US,12-03-2023,ads,Pro,18,True,1,S-8738af,A-84ebe4,19-03-2024,31-12-2026,Pro,34,1666,19992,False,False,False,False,monthly,True,36.0,15363.0,1.0,A-84ebe4,4.0,2.0,0.0
A-84ebe4,Company_68,FinTech,US,12-03-2023,ads,Pro,18,True,1,S-6717d6,A-84ebe4,12-08-2023,31-12-2026,Enterprise,21,4179,50148,False,False,False,False,annual,False,20.0,5266.0,1.0,A-84ebe4,4.0,2.0,0.0
A-5b4ebb,Company_69,Cybersecurity,UK,10-07-2024,other,Basic,21,True,1,S-396a84,A-5b4ebb,23-10-2024,27-11-2024,Basic,21,399,4788,False,False,False,True,monthly,False,45.0,15624.0,4.0,A-5b4ebb,5.0,3.8,0.0
A-5b4ebb,Company_69,Cybersecurity,UK,10-07-2024,other,Basic,21,True,1,S-e2500e,A-5b4ebb,06-12-2024,31-12-2026,Basic,21,0,0,True,False,False,False,monthly,True,24.0,10527.0,1.0,A-5b4ebb,5.0,3.8,0.0
A-5b4ebb,Company_69,Cybersecurity,UK,10-07-2024,other,Basic,21,True,1,S-02cde8,A-5b4ebb,21-11-2024,31-12-2026,Enterprise,63,12537,150444,False,False,False,False,monthly,True,65.0,21662.0,3.0,A-5b4ebb,5.0,3.8,0.0
A-5b4ebb,Company_69,Cybersecurity,UK,10-07-2024,other,Basic,21,True,1,S-5be27b,A-5b4ebb,18-10-2024,31-12-2026,Enterprise,21,4179,50148,False,False,False,False,annual,True,58.0,14214.0,2.0,A-5b4ebb,5.0,3.8,0.0
A-5b4ebb,Company_69,Cybersecurity,UK,10-07-2024,other,Basic,21,True,1,S-c8ba3e,A-5b4ebb,22-09-2024,31-12-2026,Basic,21,399,4788,False,False,False,False,annual,True,42.0,17757.0,1.0,A-5b4ebb,5.0,3.8,0.0
A-5b4ebb,Company_69,Cybersecurity,UK,10-07-2024,other,Basic,21,True,1,S-969c1d,A-5b4ebb,13-07-2024,31-12-2026,Basic,29,551,6612,False,False,False,False,monthly,True,32.0,3678.0,0.0,A-5b4ebb,5.0,3.8,0.0
A-5b4ebb,Company_69,Cybersecurity,UK,10-07-2024,other,Basic,21,True,1,S-0cbce0,A-5b4ebb,15-10-2024,31-12-2026,Pro,26,1274,15288,False,True,False,False,annual,True,34.0,5212.0,0.0,A-5b4ebb,5.0,3.8,0.0
A-5b4ebb,Company_69,Cybersecurity,UK,10-07-2024,other,Basic,21,True,1,S-0c9fdd,A-5b4ebb,16-12-2024,31-12-2026,Pro,30,1470,17640,False,False,False,False,annual,True,58.0,13394.0,2.0,A-5b4ebb,5.0,3.8,0.0
A-5b4ebb,Company_69,Cybersecurity,UK,10-07-2024,other,Basic,21,True,1,S-7fca0e,A-5b4ebb,21-08-2024,31-12-2026,Basic,52,988,11856,False,False,False,False,annual,True,92.0,26904.0,2.0,A-5b4ebb,5.0,3.8,0.0
A-5b4ebb,Company_69,Cybersecurity,UK,10-07-2024,other,Basic,21,True,1,S-0a19d1,A-5b4ebb,21-10-2024,31-12-2026,Enterprise,21,4179,50148,False,False,False,False,annual,False,32.0,7380.0,2.0,A-5b4ebb,5.0,3.8,0.0
A-5b4ebb,Company_69,Cybersecurity,UK,10-07-2024,other,Basic,21,True,1,S-2fed82,A-5b4ebb,11-07-2024,31-12-2026,Basic,21,399,4788,False,False,False,False,monthly,True,37.0,16854.0,0.0,A-5b4ebb,5.0,3.8,0.0
A-5b4ebb,Company_69,Cybersecurity,UK,10-07-2024,other,Basic,21,True,1,S-b04174,A-5b4ebb,15-10-2024,31-12-2026,Basic,21,399,4788,False,False,False,False,monthly,True,89.0,21945.0,5.0,A-5b4ebb,5.0,3.8,0.0
A-5b4ebb,Company_69,Cybersecurity,UK,10-07-2024,other,Basic,21,True,1,S-204d42,A-5b4ebb,22-10-2024,31-12-2026,Pro,21,1029,12348,False,False,False,False,monthly,True,84.0,21149.0,3.0,A-5b4ebb,5.0,3.8,0.0
A-2922b6,Company_70,HealthTech,US,14-11-2024,organic,Basic,15,False,0,S-8dfd77,A-2922b6,25-12-2024,31-12-2026,Pro,20,980,11760,False,True,False,False,annual,False,65.0,24453.0,2.0,A-2922b6,2.0,2.0,0.0
A-2922b6,Company_70,HealthTech,US,14-11-2024,organic,Basic,15,False,0,S-36c07b,A-2922b6,11-12-2024,31-12-2026,Pro,15,735,8820,False,False,False,False,annual,True,47.0,14671.0,1.0,A-2922b6,2.0,2.0,0.0
A-2922b6,Company_70,HealthTech,US,14-11-2024,organic,Basic,15,False,0,S-5d5a8d,A-2922b6,17-12-2024,28-12-2024,Pro,15,735,8820,False,False,False,True,annual,True,66.0,9707.0,2.0,A-2922b6,2.0,2.0,0.0
A-2922b6,Company_70,HealthTech,US,14-11-2024,organic,Basic,15,False,0,S-a2ee32,A-2922b6,15-12-2024,31-12-2026,Basic,15,285,3420,False,False,False,False,monthly,True,74.0,28965.0,0.0,A-2922b6,2.0,2.0,0.0
A-2922b6,Company_70,HealthTech,US,14-11-2024,organic,Basic,15,False,0,S-a64940,A-2922b6,23-12-2024,31-12-2026,Enterprise,35,6965,83580,False,False,False,False,monthly,True,65.0,19592.0,7.0,A-2922b6,2.0,2.0,0.0
A-2922b6,Company_70,HealthTech,US,14-11-2024,organic,Basic,15,False,0,S-78554e,A-2922b6,05-12-2024,31-12-2026,Basic,51,969,11628,False,False,False,False,monthly,True,76.0,19849.0,1.0,A-2922b6,2.0,2.0,0.0
A-9b9fe9,Company_71,EdTech,AU,28-09-2023,other,Basic,5,False,0,S-0f6f44,A-9b9fe9,11-06-2024,31-12-2026,Pro,17,833,9996,False,False,False,False,monthly,True,36.0,6819.0,6.0,A-9b9fe9,4.0,3.0,0.0
A-9b9fe9,Company_71,EdTech,AU,28-09-2023,other,Basic,5,False,0,S-066d80,A-9b9fe9,17-08-2024,31-12-2026,Pro,5,245,2940,False,False,False,False,monthly,True,0.0,0.0,0.0,A-9b9fe9,4.0,3.0,0.0
A-9b9fe9,Company_71,EdTech,AU,28-09-2023,other,Basic,5,False,0,S-fc9cc3,A-9b9fe9,01-01-2024,31-12-2026,Pro,24,1176,14112,False,False,False,False,annual,True,87.0,28329.0,0.0,A-9b9fe9,4.0,3.0,0.0
A-9b9fe9,Company_71,EdTech,AU,28-09-2023,other,Basic,5,False,0,S-9aa190,A-9b9fe9,17-10-2024,31-12-2026,Basic,33,627,7524,False,False,False,False,annual,True,30.0,9449.0,0.0,A-9b9fe9,4.0,3.0,0.0
A-9b9fe9,Company_71,EdTech,AU,28-09-2023,other,Basic,5,False,0,S-4bfe7b,A-9b9fe9,16-10-2023,31-12-2026,Basic,11,0,0,True,False,False,False,monthly,True,25.0,10743.0,0.0,A-9b9fe9,4.0,3.0,0.0
A-9b9fe9,Company_71,EdTech,AU,28-09-2023,other,Basic,5,False,0,S-7bd2d7,A-9b9fe9,28-11-2024,31-12-2026,Enterprise,50,9950,119400,False,False,False,False,monthly,True,39.0,12668.0,5.0,A-9b9fe9,4.0,3.0,0.0
A-9b9fe9,Company_71,EdTech,AU,28-09-2023,other,Basic,5,False,0,S-a06b03,A-9b9fe9,19-11-2024,31-12-2026,Pro,68,3332,39984,False,False,False,False,annual,True,60.0,27768.0,2.0,A-9b9fe9,4.0,3.0,0.0
A-9b9fe9,Company_71,EdTech,AU,28-09-2023,other,Basic,5,False,0,S-1e8910,A-9b9fe9,26-05-2024,31-12-2026,Pro,5,0,0,True,False,False,False,monthly,True,99.0,36872.0,3.0,A-9b9fe9,4.0,3.0,0.0
A-9b9fe9,Company_71,EdTech,AU,28-09-2023,other,Basic,5,False,0,S-8eff6d,A-9b9fe9,20-11-2023,31-12-2026,Pro,9,441,5292,False,False,True,False,annual,True,41.0,12775.0,4.0,A-9b9fe9,4.0,3.0,0.0
A-9b9fe9,Company_71,EdTech,AU,28-09-2023,other,Basic,5,False,0,S-23ccf4,A-9b9fe9,27-10-2024,31-12-2026,Basic,99,1881,22572,False,False,False,False,annual,False,88.0,21668.0,0.0,A-9b9fe9,4.0,3.0,0.0
A-9b9fe9,Company_71,EdTech,AU,28-09-2023,other,Basic,5,False,0,S-5fe3e5,A-9b9fe9,28-11-2023,31-12-2026,Enterprise,5,995,11940,False,False,False,False,annual,False,36.0,14511.0,0.0,A-9b9fe9,4.0,3.0,0.0
A-9b9fe9,Company_71,EdTech,AU,28-09-2023,other,Basic,5,False,0,S-1712e6,A-9b9fe9,10-12-2023,01-03-2024,Pro,5,245,2940,False,False,False,True,monthly,True,56.0,15099.0,2.0,A-9b9fe9,4.0,3.0,0.0
A-a8b49c,Company_72,Cybersecurity,UK,06-10-2023,partner,Basic,7,False,0,S-48aa95,A-a8b49c,23-03-2024,31-12-2026,Enterprise,7,1393,16716,False,False,False,False,monthly,True,57.0,16665.0,6.0,A-a8b49c,1.0,4.0,0.0
A-a8b49c,Company_72,Cybersecurity,UK,06-10-2023,partner,Basic,7,False,0,S-379d32,A-a8b49c,13-10-2024,31-12-2026,Enterprise,22,4378,52536,False,True,False,False,annual,True,31.0,13034.0,1.0,A-a8b49c,1.0,4.0,0.0
A-a8b49c,Company_72,Cybersecurity,UK,06-10-2023,partner,Basic,7,False,0,S-ceaff7,A-a8b49c,16-02-2024,31-12-2026,Basic,16,304,3648,False,False,False,False,annual,True,82.0,30697.0,2.0,A-a8b49c,1.0,4.0,0.0
A-a8b49c,Company_72,Cybersecurity,UK,06-10-2023,partner,Basic,7,False,0,S-2abffe,A-a8b49c,02-03-2024,31-12-2026,Pro,9,441,5292,False,False,False,False,monthly,False,58.0,18731.0,9.0,A-a8b49c,1.0,4.0,0.0
A-a8b49c,Company_72,Cybersecurity,UK,06-10-2023,partner,Basic,7,False,0,S-b75a31,A-a8b49c,10-11-2023,31-12-2026,Pro,7,343,4116,False,False,False,False,annual,True,26.0,9190.0,0.0,A-a8b49c,1.0,4.0,0.0
A-a8b49c,Company_72,Cybersecurity,UK,06-10-2023,partner,Basic,7,False,0,S-0c4162,A-a8b49c,24-11-2023,31-12-2026,Basic,19,0,0,True,False,False,False,monthly,True,38.0,13605.0,1.0,A-a8b49c,1.0,4.0,0.0
A-a8b49c,Company_72,Cybersecurity,UK,06-10-2023,partner,Basic,7,False,0,S-9a85ab,A-a8b49c,02-06-2024,31-12-2026,Basic,30,570,6840,False,False,False,False,annual,True,54.0,18550.0,4.0,A-a8b49c,1.0,4.0,0.0
A-a8b49c,Company_72,Cybersecurity,UK,06-10-2023,partner,Basic,7,False,0,S-fbc35d,A-a8b49c,17-10-2024,31-12-2026,Pro,7,343,4116,False,False,False,False,annual,True,48.0,15472.0,10.0,A-a8b49c,1.0,4.0,0.0
A-a8b49c,Company_72,Cybersecurity,UK,06-10-2023,partner,Basic,7,False,0,S-322a59,A-a8b49c,17-02-2024,31-12-2026,Pro,26,1274,15288,False,False,False,False,monthly,True,15.0,3033.0,2.0,A-a8b49c,1.0,4.0,0.0
A-a8b49c,Company_72,Cybersecurity,UK,06-10-2023,partner,Basic,7,False,0,S-a4142f,A-a8b49c,14-10-2023,31-12-2026,Basic,7,133,1596,False,False,False,False,annual,True,26.0,7474.0,3.0,A-a8b49c,1.0,4.0,0.0
A-a8b49c,Company_72,Cybersecurity,UK,06-10-2023,partner,Basic,7,False,0,S-964542,A-a8b49c,25-09-2024,31-12-2026,Enterprise,12,2388,28656,False,False,False,False,annual,True,62.0,18231.0,4.0,A-a8b49c,1.0,4.0,0.0
A-a8b49c,Company_72,Cybersecurity,UK,06-10-2023,partner,Basic,7,False,0,S-263c1e,A-a8b49c,26-12-2023,31-12-2026,Pro,16,0,0,True,False,False,False,monthly,True,48.0,18717.0,1.0,A-a8b49c,1.0,4.0,0.0
A-9174e0,Company_73,Cybersecurity,US,04-12-2024,partner,Basic,37,False,0,S-ca454e,A-9174e0,14-12-2024,31-12-2026,Enterprise,37,7363,88356,False,False,False,False,monthly,True,30.0,11099.0,0.0,A-9174e0,2.0,2.5,0.0
A-9174e0,Company_73,Cybersecurity,US,04-12-2024,partner,Basic,37,False,0,S-da164e,A-9174e0,21-12-2024,31-12-2026,Pro,37,1813,21756,False,False,False,False,monthly,True,42.0,10204.0,2.0,A-9174e0,2.0,2.5,0.0
A-9174e0,Company_73,Cybersecurity,US,04-12-2024,partner,Basic,37,False,0,S-5f3359,A-9174e0,10-12-2024,31-12-2026,Pro,37,1813,21756,False,False,False,False,annual,True,38.0,17818.0,2.0,A-9174e0,2.0,2.5,0.0
A-9174e0,Company_73,Cybersecurity,US,04-12-2024,partner,Basic,37,False,0,S-a1874c,A-9174e0,09-12-2024,31-12-2026,Pro,37,1813,21756,False,False,False,False,monthly,True,46.0,12078.0,7.0,A-9174e0,2.0,2.5,0.0
A-9174e0,Company_73,Cybersecurity,US,04-12-2024,partner,Basic,37,False,0,S-089fa7,A-9174e0,16-12-2024,31-12-2026,Enterprise,37,7363,88356,False,False,False,False,annual,True,10.0,4070.0,0.0,A-9174e0,2.0,2.5,0.0
A-9174e0,Company_73,Cybersecurity,US,04-12-2024,partner,Basic,37,False,0,S-415065,A-9174e0,24-12-2024,31-12-2026,Enterprise,37,7363,88356,False,False,False,False,monthly,True,29.0,6443.0,0.0,A-9174e0,2.0,2.5,0.0
A-9174e0,Company_73,Cybersecurity,US,04-12-2024,partner,Basic,37,False,0,S-691bff,A-9174e0,27-12-2024,31-12-2026,Basic,37,703,8436,False,False,False,False,annual,False,22.0,5952.0,1.0,A-9174e0,2.0,2.5,0.0
A-9174e0,Company_73,Cybersecurity,US,04-12-2024,partner,Basic,37,False,0,S-9df4f6,A-9174e0,24-12-2024,31-12-2026,Basic,37,703,8436,False,True,False,False,monthly,True,30.0,4857.0,0.0,A-9174e0,2.0,2.5,0.0
A-9174e0,Company_73,Cybersecurity,US,04-12-2024,partner,Basic,37,False,0,S-92afb8,A-9174e0,28-12-2024,31-12-2026,Enterprise,37,7363,88356,False,True,False,False,annual,True,122.0,37280.0,10.0,A-9174e0,2.0,2.5,0.0
A-9174e0,Company_73,Cybersecurity,US,04-12-2024,partner,Basic,37,False,0,S-526a2c,A-9174e0,21-12-2024,31-12-2026,Pro,37,1813,21756,False,False,False,False,monthly,True,95.0,32159.0,8.0,A-9174e0,2.0,2.5,0.0
A-9174e0,Company_73,Cybersecurity,US,04-12-2024,partner,Basic,37,False,0,S-3e0991,A-9174e0,07-12-2024,14-12-2024,Enterprise,37,7363,88356,False,False,False,True,monthly,False,26.0,2580.0,0.0,A-9174e0,2.0,2.5,0.0
A-9174e0,Company_73,Cybersecurity,US,04-12-2024,partner,Basic,37,False,0,S-b7c825,A-9174e0,21-12-2024,31-12-2026,Enterprise,68,0,0,True,False,False,False,monthly,False,24.0,8809.0,4.0,A-9174e0,2.0,2.5,0.0
A-9174e0,Company_73,Cybersecurity,US,04-12-2024,partner,Basic,37,False,0,S-b60208,A-9174e0,06-12-2024,31-12-2026,Enterprise,37,0,0,True,False,False,False,annual,True,44.0,10653.0,3.0,A-9174e0,2.0,2.5,0.0
A-9174e0,Company_73,Cybersecurity,US,04-12-2024,partner,Basic,37,False,0,S-c37ee1,A-9174e0,08-12-2024,31-12-2026,Basic,60,1140,13680,False,False,False,False,monthly,True,61.0,14649.0,13.0,A-9174e0,2.0,2.5,0.0
A-9174e0,Company_73,Cybersecurity,US,04-12-2024,partner,Basic,37,False,0,S-e6029e,A-9174e0,19-12-2024,31-12-2026,Enterprise,37,7363,88356,False,False,False,False,monthly,True,70.0,27487.0,11.0,A-9174e0,2.0,2.5,0.0
A-a1bbb6,Company_74,DevTools,CA,05-04-2023,organic,Basic,1,False,0,S-9a08ff,A-a1bbb6,07-06-2023,31-12-2026,Enterprise,16,3184,38208,False,False,False,False,annual,False,43.0,13622.0,4.0,A-a1bbb6,3.0,1.3333333333333333,0.0
A-a1bbb6,Company_74,DevTools,CA,05-04-2023,organic,Basic,1,False,0,S-737a28,A-a1bbb6,26-02-2024,31-12-2026,Pro,8,392,4704,False,False,False,False,monthly,True,70.0,15535.0,3.0,A-a1bbb6,3.0,1.3333333333333333,0.0
A-a1bbb6,Company_74,DevTools,CA,05-04-2023,organic,Basic,1,False,0,S-cc4bf0,A-a1bbb6,10-05-2023,31-12-2026,Enterprise,28,5572,66864,False,False,False,False,annual,False,52.0,18045.0,6.0,A-a1bbb6,3.0,1.3333333333333333,0.0
A-a1bbb6,Company_74,DevTools,CA,05-04-2023,organic,Basic,1,False,0,S-53bced,A-a1bbb6,06-07-2023,13-11-2023,Pro,5,245,2940,False,False,False,True,monthly,False,26.0,8312.0,0.0,A-a1bbb6,3.0,1.3333333333333333,0.0
A-a1bbb6,Company_74,DevTools,CA,05-04-2023,organic,Basic,1,False,0,S-68a558,A-a1bbb6,17-04-2023,31-12-2026,Pro,21,1029,12348,False,False,False,False,monthly,True,22.0,7921.0,1.0,A-a1bbb6,3.0,1.3333333333333333,0.0
A-a1bbb6,Company_74,DevTools,CA,05-04-2023,organic,Basic,1,False,0,S-d073bb,A-a1bbb6,13-08-2023,31-12-2026,Enterprise,9,1791,21492,False,False,False,False,monthly,True,30.0,12398.0,6.0,A-a1bbb6,3.0,1.3333333333333333,0.0
A-a1bbb6,Company_74,DevTools,CA,05-04-2023,organic,Basic,1,False,0,S-d3efa2,A-a1bbb6,21-12-2023,31-12-2026,Enterprise,11,2189,26268,False,False,False,False,monthly,True,103.0,33088.0,0.0,A-a1bbb6,3.0,1.3333333333333333,0.0
A-a1bbb6,Company_74,DevTools,CA,05-04-2023,organic,Basic,1,False,0,S-37dc91,A-a1bbb6,04-10-2024,31-12-2026,Pro,15,0,0,True,False,False,False,annual,True,20.0,9544.0,0.0,A-a1bbb6,3.0,1.3333333333333333,0.0
A-c45b23,Company_75,FinTech,UK,08-12-2023,partner,Basic,5,False,0,S-62f048,A-c45b23,13-02-2024,31-12-2026,Pro,7,343,4116,False,False,False,False,monthly,True,108.0,35516.0,0.0,A-c45b23,3.0,1.0,0.0
A-c45b23,Company_75,FinTech,UK,08-12-2023,partner,Basic,5,False,0,S-0c46bb,A-c45b23,09-04-2024,31-12-2026,Basic,12,228,2736,False,False,False,False,annual,True,50.0,19635.0,9.0,A-c45b23,3.0,1.0,0.0
A-c45b23,Company_75,FinTech,UK,08-12-2023,partner,Basic,5,False,0,S-a9fb74,A-c45b23,04-08-2024,31-12-2026,Pro,5,0,0,True,False,False,False,annual,True,64.0,12757.0,2.0,A-c45b23,3.0,1.0,0.0
A-c45b23,Company_75,FinTech,UK,08-12-2023,partner,Basic,5,False,0,S-2aa395,A-c45b23,31-07-2024,31-12-2026,Basic,5,95,1140,False,False,False,False,monthly,False,48.0,15036.0,7.0,A-c45b23,3.0,1.0,0.0
A-c45b23,Company_75,FinTech,UK,08-12-2023,partner,Basic,5,False,0,S-0b2faf,A-c45b23,05-07-2024,31-12-2026,Basic,15,0,0,True,False,False,False,monthly,True,37.0,9777.0,1.0,A-c45b23,3.0,1.0,0.0
A-c45b23,Company_75,FinTech,UK,08-12-2023,partner,Basic,5,False,0,S-061025,A-c45b23,16-11-2024,31-12-2026,Pro,7,343,4116,False,False,False,False,annual,True,49.0,12788.0,6.0,A-c45b23,3.0,1.0,0.0
A-c45b23,Company_75,FinTech,UK,08-12-2023,partner,Basic,5,False,0,S-a4139f,A-c45b23,01-02-2024,31-12-2026,Pro,5,245,2940,False,False,False,False,monthly,True,50.0,14823.0,1.0,A-c45b23,3.0,1.0,0.0
A-c45b23,Company_75,FinTech,UK,08-12-2023,partner,Basic,5,False,0,S-a36281,A-c45b23,29-12-2023,31-12-2026,Basic,8,152,1824,False,False,False,False,monthly,True,59.0,22994.0,1.0,A-c45b23,3.0,1.0,0.0
A-c45b23,Company_75,FinTech,UK,08-12-2023,partner,Basic,5,False,0,S-d71bdd,A-c45b23,26-05-2024,31-12-2026,Enterprise,9,1791,21492,False,False,False,False,annual,False,37.0,9742.0,0.0,A-c45b23,3.0,1.0,0.0
A-c45b23,Company_75,FinTech,UK,08-12-2023,partner,Basic,5,False,0,S-2361ec,A-c45b23,12-12-2024,15-12-2024,Enterprise,26,5174,62088,False,False,False,True,annual,True,21.0,7602.0,1.0,A-c45b23,3.0,1.0,0.0
A-c45b23,Company_75,FinTech,UK,08-12-2023,partner,Basic,5,False,0,S-d30d10,A-c45b23,06-10-2024,31-12-2026,Basic,7,133,1596,False,False,False,False,monthly,False,17.0,6346.0,0.0,A-c45b23,3.0,1.0,0.0
A-c45b23,Company_75,FinTech,UK,08-12-2023,partner,Basic,5,False,0,S-08a3ca,A-c45b23,07-09-2024,31-12-2026,Pro,25,0,0,True,False,False,False,annual,True,41.0,14040.0,2.0,A-c45b23,3.0,1.0,0.0
A-02cd81,Company_76,HealthTech,IN,28-03-2024,other,Basic,44,False,0,S-9b96c2,A-02cd81,13-05-2024,31-12-2026,Enterprise,44,8756,105072,False,False,False,False,monthly,True,38.0,9879.0,0.0,A-02cd81,3.0,3.0,1.0
A-02cd81,Company_76,HealthTech,IN,28-03-2024,other,Basic,44,False,0,S-b95751,A-02cd81,24-04-2024,31-12-2026,Basic,44,0,0,True,False,False,False,monthly,True,45.0,15669.0,0.0,A-02cd81,3.0,3.0,1.0
A-02cd81,Company_76,HealthTech,IN,28-03-2024,other,Basic,44,False,0,S-461988,A-02cd81,28-03-2024,31-12-2026,Basic,44,836,10032,False,False,False,False,annual,False,49.0,15240.0,2.0,A-02cd81,3.0,3.0,1.0
A-02cd81,Company_76,HealthTech,IN,28-03-2024,other,Basic,44,False,0,S-7c1eb7,A-02cd81,12-05-2024,31-12-2026,Pro,44,2156,25872,False,False,False,False,monthly,True,43.0,13197.0,2.0,A-02cd81,3.0,3.0,1.0
A-02cd81,Company_76,HealthTech,IN,28-03-2024,other,Basic,44,False,0,S-567f8f,A-02cd81,01-06-2024,31-12-2026,Enterprise,44,8756,105072,False,False,False,False,annual,True,64.0,20170.0,1.0,A-02cd81,3.0,3.0,1.0
A-02cd81,Company_76,HealthTech,IN,28-03-2024,other,Basic,44,False,0,S-bc4da7,A-02cd81,10-09-2024,31-12-2026,Basic,44,0,0,True,False,False,False,annual,True,116.0,34925.0,9.0,A-02cd81,3.0,3.0,1.0
A-02cd81,Company_76,HealthTech,IN,28-03-2024,other,Basic,44,False,0,S-f6f97e,A-02cd81,29-06-2024,03-08-2024,Pro,44,2156,25872,False,False,False,True,annual,True,66.0,23622.0,2.0,A-02cd81,3.0,3.0,1.0
A-02cd81,Company_76,HealthTech,IN,28-03-2024,other,Basic,44,False,0,S-18b1f9,A-02cd81,13-08-2024,31-12-2026,Pro,44,2156,25872,False,False,False,False,monthly,True,55.0,15089.0,4.0,A-02cd81,3.0,3.0,1.0
A-02cd81,Company_76,HealthTech,IN,28-03-2024,other,Basic,44,False,0,S-afc43d,A-02cd81,25-08-2024,31-12-2026,Basic,44,836,10032,False,False,False,False,annual,False,37.0,12966.0,3.0,A-02cd81,3.0,3.0,1.0
A-02cd81,Company_76,HealthTech,IN,28-03-2024,other,Basic,44,False,0,S-4da459,A-02cd81,29-12-2024,31-12-2026,Pro,44,2156,25872,False,False,False,False,annual,True,47.0,18932.0,0.0,A-02cd81,3.0,3.0,1.0
A-02cd81,Company_76,HealthTech,IN,28-03-2024,other,Basic,44,False,0,S-32d874,A-02cd81,04-05-2024,31-12-2026,Pro,44,2156,25872,False,False,False,False,annual,False,38.0,10429.0,1.0,A-02cd81,3.0,3.0,1.0
A-02cd81,Company_76,HealthTech,IN,28-03-2024,other,Basic,44,False,0,S-36885c,A-02cd81,07-04-2024,31-12-2026,Pro,44,0,0,True,False,False,False,annual,True,17.0,5274.0,1.0,A-02cd81,3.0,3.0,1.0
A-02cd81,Company_76,HealthTech,IN,28-03-2024,other,Basic,44,False,0,S-700036,A-02cd81,31-03-2024,31-12-2026,Basic,44,836,10032,False,False,False,False,annual,True,57.0,20636.0,3.0,A-02cd81,3.0,3.0,1.0
A-02cd81,Company_76,HealthTech,IN,28-03-2024,other,Basic,44,False,0,S-936fa3,A-02cd81,16-07-2024,31-12-2026,Pro,44,2156,25872,False,False,False,False,annual,True,12.0,3276.0,0.0,A-02cd81,3.0,3.0,1.0
A-ee42db,Company_77,EdTech,DE,25-04-2023,ads,Enterprise,13,False,0,S-b15cde,A-ee42db,01-05-2023,31-12-2026,Pro,13,637,7644,False,False,False,False,monthly,True,39.0,5971.0,4.0,A-ee42db,4.0,0.75,0.0
A-ee42db,Company_77,EdTech,DE,25-04-2023,ads,Enterprise,13,False,0,S-0921a1,A-ee42db,02-08-2023,31-12-2026,Basic,22,418,5016,False,False,False,False,annual,True,61.0,16105.0,3.0,A-ee42db,4.0,0.75,0.0
A-ee42db,Company_77,EdTech,DE,25-04-2023,ads,Enterprise,13,False,0,S-b28ec2,A-ee42db,03-11-2023,31-12-2026,Basic,33,627,7524,False,False,False,False,monthly,False,40.0,15947.0,3.0,A-ee42db,4.0,0.75,0.0
A-ee42db,Company_77,EdTech,DE,25-04-2023,ads,Enterprise,13,False,0,S-b81ed3,A-ee42db,10-02-2024,31-12-2026,Pro,13,0,0,True,False,False,False,annual,True,23.0,5808.0,0.0,A-ee42db,4.0,0.75,0.0
A-ee42db,Company_77,EdTech,DE,25-04-2023,ads,Enterprise,13,False,0,S-2e84f2,A-ee42db,10-08-2024,31-12-2026,Enterprise,13,2587,31044,False,False,False,False,annual,True,31.0,15394.0,2.0,A-ee42db,4.0,0.75,0.0
A-ee42db,Company_77,EdTech,DE,25-04-2023,ads,Enterprise,13,False,0,S-3196e2,A-ee42db,15-01-2024,31-12-2026,Basic,13,0,0,True,False,False,False,annual,True,30.0,11575.0,0.0,A-ee42db,4.0,0.75,0.0
A-ee42db,Company_77,EdTech,DE,25-04-2023,ads,Enterprise,13,False,0,S-056775,A-ee42db,19-06-2024,31-12-2026,Pro,115,5635,67620,False,True,False,False,annual,True,65.0,19559.0,3.0,A-ee42db,4.0,0.75,0.0
A-ee42db,Company_77,EdTech,DE,25-04-2023,ads,Enterprise,13,False,0,S-3c9a70,A-ee42db,22-12-2024,31-12-2026,Basic,30,570,6840,False,False,False,False,monthly,True,34.0,5146.0,4.0,A-ee42db,4.0,0.75,0.0
A-ee42db,Company_77,EdTech,DE,25-04-2023,ads,Enterprise,13,False,0,S-cfb246,A-ee42db,25-10-2024,31-12-2026,Basic,13,0,0,True,False,False,False,annual,True,36.0,12898.0,1.0,A-ee42db,4.0,0.75,0.0
A-ee42db,Company_77,EdTech,DE,25-04-2023,ads,Enterprise,13,False,0,S-cd5968,A-ee42db,21-10-2023,31-12-2026,Pro,13,637,7644,False,False,False,False,monthly,True,19.0,6773.0,0.0,A-ee42db,4.0,0.75,0.0
A-ee42db,Company_77,EdTech,DE,25-04-2023,ads,Enterprise,13,False,0,S-d914d8,A-ee42db,30-06-2023,31-12-2026,Pro,13,0,0,True,False,True,False,monthly,True,90.0,22885.0,9.0,A-ee42db,4.0,0.75,0.0
A-ee42db,Company_77,EdTech,DE,25-04-2023,ads,Enterprise,13,False,0,S-950c4e,A-ee42db,20-02-2024,31-12-2026,Basic,24,456,5472,False,False,False,False,annual,True,43.0,12815.0,4.0,A-ee42db,4.0,0.75,0.0
A-432483,Company_78,Cybersecurity,US,06-02-2023,ads,Pro,4,False,0,S-2e017b,A-432483,02-04-2023,05-04-2023,Pro,5,245,2940,False,False,False,True,annual,True,42.0,18239.0,2.0,A-432483,1.0,0.0,0.0
A-432483,Company_78,Cybersecurity,US,06-02-2023,ads,Pro,4,False,0,S-377ced,A-432483,13-12-2023,31-12-2026,Enterprise,60,11940,143280,False,False,False,False,monthly,False,60.0,13932.0,4.0,A-432483,1.0,0.0,0.0
A-432483,Company_78,Cybersecurity,US,06-02-2023,ads,Pro,4,False,0,S-6cdfb7,A-432483,29-11-2024,31-12-2026,Pro,31,1519,18228,False,False,False,False,annual,True,35.0,7857.0,3.0,A-432483,1.0,0.0,0.0
A-432483,Company_78,Cybersecurity,US,06-02-2023,ads,Pro,4,False,0,S-26dbbf,A-432483,17-12-2023,31-12-2026,Pro,19,931,11172,False,False,False,False,monthly,True,30.0,11922.0,1.0,A-432483,1.0,0.0,0.0
A-432483,Company_78,Cybersecurity,US,06-02-2023,ads,Pro,4,False,0,S-0d497d,A-432483,10-01-2024,31-12-2026,Enterprise,41,8159,97908,False,False,False,False,annual,True,80.0,23672.0,8.0,A-432483,1.0,0.0,0.0
A-432483,Company_78,Cybersecurity,US,06-02-2023,ads,Pro,4,False,0,S-34b845,A-432483,02-05-2024,31-12-2026,Pro,8,392,4704,False,False,False,False,monthly,True,33.0,13981.0,2.0,A-432483,1.0,0.0,0.0
A-432483,Company_78,Cybersecurity,US,06-02-2023,ads,Pro,4,False,0,S-e78857,A-432483,09-09-2023,30-12-2024,Enterprise,10,1990,23880,False,True,False,True,monthly,True,81.0,26630.0,4.0,A-432483,1.0,0.0,0.0
A-432483,Company_78,Cybersecurity,US,06-02-2023,ads,Pro,4,False,0,S-40b133,A-432483,11-04-2023,31-12-2026,Basic,4,0,0,True,False,False,False,annual,False,16.0,7440.0,0.0,A-432483,1.0,0.0,0.0
A-432483,Company_78,Cybersecurity,US,06-02-2023,ads,Pro,4,False,0,S-67c131,A-432483,02-09-2024,15-09-2024,Pro,13,637,7644,False,False,False,True,annual,True,74.0,27787.0,4.0,A-432483,1.0,0.0,0.0
A-9208f0,Company_79,EdTech,US,11-05-2023,organic,Pro,1,False,1,S-92dede,A-9208f0,28-08-2023,31-12-2026,Basic,4,76,912,False,False,False,False,monthly,True,36.0,9786.0,2.0,A-9208f0,8.0,1.25,1.0
A-9208f0,Company_79,EdTech,US,11-05-2023,organic,Pro,1,False,1,S-15a058,A-9208f0,29-09-2023,03-04-2024,Pro,2,98,1176,False,False,False,True,monthly,True,104.0,31689.0,6.0,A-9208f0,8.0,1.25,1.0
A-9208f0,Company_79,EdTech,US,11-05-2023,organic,Pro,1,False,1,S-eabdce,A-9208f0,15-05-2023,31-12-2026,Enterprise,14,2786,33432,False,False,False,False,annual,True,87.0,26666.0,4.0,A-9208f0,8.0,1.25,1.0
A-9208f0,Company_79,EdTech,US,11-05-2023,organic,Pro,1,False,1,S-e5fdf9,A-9208f0,09-08-2024,31-12-2026,Basic,17,0,0,True,False,False,False,annual,True,25.0,6534.0,3.0,A-9208f0,8.0,1.25,1.0
A-9208f0,Company_79,EdTech,US,11-05-2023,organic,Pro,1,False,1,S-c7c366,A-9208f0,11-07-2023,31-12-2026,Enterprise,38,0,0,True,False,False,False,monthly,True,50.0,22591.0,2.0,A-9208f0,8.0,1.25,1.0
A-9208f0,Company_79,EdTech,US,11-05-2023,organic,Pro,1,False,1,S-4c9107,A-9208f0,19-09-2023,31-12-2026,Basic,4,76,912,False,True,False,False,annual,True,89.0,25826.0,7.0,A-9208f0,8.0,1.25,1.0
A-9208f0,Company_79,EdTech,US,11-05-2023,organic,Pro,1,False,1,S-5d343c,A-9208f0,23-09-2023,31-12-2026,Basic,25,475,5700,False,False,False,False,annual,True,52.0,21123.0,0.0,A-9208f0,8.0,1.25,1.0
A-9208f0,Company_79,EdTech,US,11-05-2023,organic,Pro,1,False,1,S-2f07f6,A-9208f0,20-03-2024,31-12-2026,Pro,49,0,0,True,False,False,False,monthly,False,95.0,14486.0,7.0,A-9208f0,8.0,1.25,1.0
A-98a59a,Company_80,FinTech,UK,04-08-2023,partner,Enterprise,56,False,0,S-095083,A-98a59a,27-09-2023,31-12-2026,Basic,56,1064,12768,False,False,False,False,annual,True,20.0,6648.0,0.0,A-98a59a,3.0,3.0,0.0
A-98a59a,Company_80,FinTech,UK,04-08-2023,partner,Enterprise,56,False,0,S-b0ed51,A-98a59a,08-08-2024,31-12-2026,Enterprise,56,11144,133728,False,False,False,False,monthly,False,76.0,25561.0,4.0,A-98a59a,3.0,3.0,0.0
A-98a59a,Company_80,FinTech,UK,04-08-2023,partner,Enterprise,56,False,0,S-cd3a01,A-98a59a,10-05-2024,31-12-2026,Basic,56,1064,12768,False,False,False,False,monthly,False,23.0,6615.0,0.0,A-98a59a,3.0,3.0,0.0
A-98a59a,Company_80,FinTech,UK,04-08-2023,partner,Enterprise,56,False,0,S-390955,A-98a59a,02-09-2023,31-12-2026,Pro,56,2744,32928,False,False,False,False,monthly,True,38.0,18055.0,7.0,A-98a59a,3.0,3.0,0.0
A-98a59a,Company_80,FinTech,UK,04-08-2023,partner,Enterprise,56,False,0,S-a610f6,A-98a59a,25-11-2023,31-12-2026,Basic,56,1064,12768,False,False,False,False,annual,False,41.0,10551.0,0.0,A-98a59a,3.0,3.0,0.0
A-98a59a,Company_80,FinTech,UK,04-08-2023,partner,Enterprise,56,False,0,S-3b5458,A-98a59a,12-09-2024,31-12-2026,Enterprise,56,11144,133728,False,False,False,False,monthly,True,54.0,11952.0,0.0,A-98a59a,3.0,3.0,0.0
A-98a59a,Company_80,FinTech,UK,04-08-2023,partner,Enterprise,56,False,0,S-4faeb9,A-98a59a,16-02-2024,31-12-2026,Pro,56,2744,32928,False,True,False,False,monthly,True,48.0,11649.0,5.0,A-98a59a,3.0,3.0,0.0
A-98a59a,Company_80,FinTech,UK,04-08-2023,partner,Enterprise,56,False,0,S-2bc860,A-98a59a,10-11-2023,31-12-2026,Pro,56,2744,32928,False,True,False,False,monthly,False,34.0,8712.0,0.0,A-98a59a,3.0,3.0,0.0
A-98a59a,Company_80,FinTech,UK,04-08-2023,partner,Enterprise,56,False,0,S-518ce3,A-98a59a,01-08-2024,31-12-2026,Pro,148,0,0,True,False,True,False,annual,True,78.0,18387.0,3.0,A-98a59a,3.0,3.0,0.0
A-98a59a,Company_80,FinTech,UK,04-08-2023,partner,Enterprise,56,False,0,S-de3170,A-98a59a,27-10-2024,31-12-2026,Pro,56,2744,32928,False,False,False,False,annual,True,43.0,6299.0,2.0,A-98a59a,3.0,3.0,0.0
A-fe79a5,Company_81,HealthTech,IN,21-02-2024,ads,Basic,9,True,0,S-6ed77d,A-fe79a5,22-05-2024,31-12-2026,Enterprise,9,1791,21492,False,False,False,False,monthly,True,55.0,13412.0,7.0,A-fe79a5,4.0,2.5,0.0
A-fe79a5,Company_81,HealthTech,IN,21-02-2024,ads,Basic,9,True,0,S-9bd0ec,A-fe79a5,26-12-2024,31-12-2026,Enterprise,9,1791,21492,False,False,False,False,annual,True,9.0,4455.0,0.0,A-fe79a5,4.0,2.5,0.0
A-fe79a5,Company_81,HealthTech,IN,21-02-2024,ads,Basic,9,True,0,S-c87391,A-fe79a5,08-12-2024,31-12-2026,Pro,9,0,0,True,False,False,False,monthly,True,27.0,7515.0,2.0,A-fe79a5,4.0,2.5,0.0
A-fe79a5,Company_81,HealthTech,IN,21-02-2024,ads,Basic,9,True,0,S-49b0da,A-fe79a5,14-11-2024,31-12-2026,Enterprise,9,1791,21492,False,False,False,False,annual,True,7.0,3402.0,1.0,A-fe79a5,4.0,2.5,0.0
A-fe79a5,Company_81,HealthTech,IN,21-02-2024,ads,Basic,9,True,0,S-5ffb84,A-fe79a5,12-04-2024,31-12-2026,Enterprise,9,0,0,True,True,False,False,monthly,True,27.0,7286.0,0.0,A-fe79a5,4.0,2.5,0.0
A-fe79a5,Company_81,HealthTech,IN,21-02-2024,ads,Basic,9,True,0,S-90432a,A-fe79a5,04-12-2024,24-12-2024,Enterprise,9,1791,21492,False,False,False,True,annual,False,37.0,7598.0,0.0,A-fe79a5,4.0,2.5,0.0
A-fe79a5,Company_81,HealthTech,IN,21-02-2024,ads,Basic,9,True,0,S-89d7b0,A-fe79a5,03-06-2024,31-12-2026,Enterprise,9,1791,21492,False,False,False,False,annual,True,24.0,8292.0,0.0,A-fe79a5,4.0,2.5,0.0
A-fe79a5,Company_81,HealthTech,IN,21-02-2024,ads,Basic,9,True,0,S-7bf6d8,A-fe79a5,23-03-2024,31-12-2026,Basic,9,0,0,True,False,False,False,annual,True,36.0,9897.0,4.0,A-fe79a5,4.0,2.5,0.0
A-fe79a5,Company_81,HealthTech,IN,21-02-2024,ads,Basic,9,True,0,S-904529,A-fe79a5,02-03-2024,02-10-2024,Basic,19,0,0,True,True,False,True,monthly,True,52.0,17546.0,2.0,A-fe79a5,4.0,2.5,0.0
A-fe79a5,Company_81,HealthTech,IN,21-02-2024,ads,Basic,9,True,0,S-2d0d53,A-fe79a5,06-09-2024,31-12-2026,Enterprise,23,4577,54924,False,False,False,False,annual,True,61.0,17269.0,1.0,A-fe79a5,4.0,2.5,0.0
A-726cfa,Company_82,DevTools,US,01-07-2023,partner,Pro,11,False,0,S-fdc415,A-726cfa,10-08-2023,31-12-2026,Enterprise,30,5970,71640,False,False,False,False,annual,True,30.0,8236.0,0.0,A-726cfa,3.0,2.6666666666666665,0.0
A-726cfa,Company_82,DevTools,US,01-07-2023,partner,Pro,11,False,0,S-583ae2,A-726cfa,05-01-2024,31-12-2026,Basic,17,323,3876,False,False,False,False,annual,False,29.0,2798.0,0.0,A-726cfa,3.0,2.6666666666666665,0.0
A-726cfa,Company_82,DevTools,US,01-07-2023,partner,Pro,11,False,0,S-ff79f7,A-726cfa,02-08-2024,31-12-2026,Enterprise,19,3781,45372,False,False,False,False,monthly,True,49.0,10067.0,2.0,A-726cfa,3.0,2.6666666666666665,0.0
A-726cfa,Company_82,DevTools,US,01-07-2023,partner,Pro,11,False,0,S-f869a0,A-726cfa,29-02-2024,31-12-2026,Basic,24,456,5472,False,True,False,False,monthly,True,30.0,9158.0,2.0,A-726cfa,3.0,2.6666666666666665,0.0
A-726cfa,Company_82,DevTools,US,01-07-2023,partner,Pro,11,False,0,S-c38acd,A-726cfa,24-11-2024,31-12-2026,Enterprise,31,6169,74028,False,False,False,False,monthly,True,58.0,16557.0,7.0,A-726cfa,3.0,2.6666666666666665,0.0
A-726cfa,Company_82,DevTools,US,01-07-2023,partner,Pro,11,False,0,S-afed2d,A-726cfa,30-05-2024,12-12-2024,Pro,11,539,6468,False,False,False,True,annual,True,105.0,32048.0,2.0,A-726cfa,3.0,2.6666666666666665,0.0
A-726cfa,Company_82,DevTools,US,01-07-2023,partner,Pro,11,False,0,S-600ea7,A-726cfa,21-11-2023,31-12-2026,Pro,11,539,6468,False,False,False,False,annual,True,87.0,31712.0,4.0,A-726cfa,3.0,2.6666666666666665,0.0
A-726cfa,Company_82,DevTools,US,01-07-2023,partner,Pro,11,False,0,S-93ce26,A-726cfa,03-12-2023,27-07-2024,Enterprise,11,0,0,True,False,False,True,monthly,True,57.0,15852.0,2.0,A-726cfa,3.0,2.6666666666666665,0.0
A-726cfa,Company_82,DevTools,US,01-07-2023,partner,Pro,11,False,0,S-d316df,A-726cfa,12-07-2024,31-12-2026,Basic,33,627,7524,False,False,False,False,annual,True,44.0,12425.0,0.0,A-726cfa,3.0,2.6666666666666665,0.0
A-726cfa,Company_82,DevTools,US,01-07-2023,partner,Pro,11,False,0,S-9ce22d,A-726cfa,10-08-2024,31-12-2026,Pro,42,2058,24696,False,False,False,False,monthly,True,136.0,30397.0,14.0,A-726cfa,3.0,2.6666666666666665,0.0
A-726cfa,Company_82,DevTools,US,01-07-2023,partner,Pro,11,False,0,S-fa0d9e,A-726cfa,16-12-2024,31-12-2026,Enterprise,38,7562,90744,False,False,False,False,monthly,False,52.0,22818.0,0.0,A-726cfa,3.0,2.6666666666666665,0.0
A-726cfa,Company_82,DevTools,US,01-07-2023,partner,Pro,11,False,0,S-748318,A-726cfa,03-11-2024,31-12-2026,Basic,14,266,3192,False,False,False,False,annual,True,21.0,7814.0,2.0,A-726cfa,3.0,2.6666666666666665,0.0
A-726cfa,Company_82,DevTools,US,01-07-2023,partner,Pro,11,False,0,S-648618,A-726cfa,07-09-2023,31-12-2026,Pro,21,1029,12348,False,False,False,False,monthly,False,15.0,5988.0,0.0,A-726cfa,3.0,2.6666666666666665,0.0
A-726cfa,Company_82,DevTools,US,01-07-2023,partner,Pro,11,False,0,S-55a520,A-726cfa,26-08-2023,31-12-2026,Pro,30,1470,17640,False,False,False,False,monthly,True,33.0,9768.0,1.0,A-726cfa,3.0,2.6666666666666665,0.0
A-726cfa,Company_82,DevTools,US,01-07-2023,partner,Pro,11,False,0,S-73cd99,A-726cfa,06-09-2024,31-12-2026,Enterprise,11,0,0,True,False,False,False,monthly,True,123.0,29877.0,7.0,A-726cfa,3.0,2.6666666666666665,0.0
A-726cfa,Company_82,DevTools,US,01-07-2023,partner,Pro,11,False,0,S-61a647,A-726cfa,01-11-2023,31-12-2026,Pro,11,539,6468,False,False,False,False,annual,True,28.0,9386.0,0.0,A-726cfa,3.0,2.6666666666666665,0.0
A-726cfa,Company_82,DevTools,US,01-07-2023,partner,Pro,11,False,0,S-207191,A-726cfa,15-07-2023,31-12-2026,Pro,20,980,11760,False,False,False,False,annual,True,48.0,18619.0,1.0,A-726cfa,3.0,2.6666666666666665,0.0
A-726cfa,Company_82,DevTools,US,01-07-2023,partner,Pro,11,False,0,S-ed1eb5,A-726cfa,08-01-2024,31-12-2026,Basic,15,285,3420,False,True,False,False,monthly,True,19.0,3845.0,1.0,A-726cfa,3.0,2.6666666666666665,0.0
A-726cfa,Company_82,DevTools,US,01-07-2023,partner,Pro,11,False,0,S-6d9705,A-726cfa,25-03-2024,31-12-2026,Enterprise,11,2189,26268,False,False,False,False,annual,True,29.0,4621.0,0.0,A-726cfa,3.0,2.6666666666666665,0.0
A-c43359,Company_83,FinTech,US,16-11-2024,organic,Pro,38,False,0,S-b3c4b8,A-c43359,17-12-2024,31-12-2026,Pro,38,0,0,True,False,False,False,annual,True,74.0,22530.0,4.0,A-c43359,3.0,1.3333333333333333,0.0
A-c43359,Company_83,FinTech,US,16-11-2024,organic,Pro,38,False,0,S-3503cb,A-c43359,14-12-2024,31-12-2026,Basic,38,722,8664,False,False,False,False,monthly,True,79.0,24601.0,8.0,A-c43359,3.0,1.3333333333333333,0.0
A-c43359,Company_83,FinTech,US,16-11-2024,organic,Pro,38,False,0,S-eec041,A-c43359,22-12-2024,31-12-2026,Basic,38,722,8664,False,True,False,False,monthly,True,26.0,11654.0,2.0,A-c43359,3.0,1.3333333333333333,0.0
A-c43359,Company_83,FinTech,US,16-11-2024,organic,Pro,38,False,0,S-18e3a5,A-c43359,25-11-2024,28-11-2024,Basic,38,722,8664,False,False,False,True,annual,True,42.0,5727.0,4.0,A-c43359,3.0,1.3333333333333333,0.0
A-c43359,Company_83,FinTech,US,16-11-2024,organic,Pro,38,False,0,S-8b345c,A-c43359,10-12-2024,31-12-2026,Pro,38,0,0,True,False,True,False,monthly,True,49.0,16920.0,5.0,A-c43359,3.0,1.3333333333333333,0.0
A-c43359,Company_83,FinTech,US,16-11-2024,organic,Pro,38,False,0,S-09cb75,A-c43359,29-11-2024,30-12-2024,Basic,38,722,8664,False,False,False,True,annual,True,76.0,18526.0,2.0,A-c43359,3.0,1.3333333333333333,0.0
A-c43359,Company_83,FinTech,US,16-11-2024,organic,Pro,38,False,0,S-5fe191,A-c43359,11-12-2024,31-12-2026,Enterprise,38,7562,90744,False,True,False,False,annual,True,42.0,17654.0,1.0,A-c43359,3.0,1.3333333333333333,0.0
A-c43359,Company_83,FinTech,US,16-11-2024,organic,Pro,38,False,0,S-c86492,A-c43359,18-11-2024,31-12-2026,Pro,38,1862,22344,False,False,False,False,annual,True,73.0,29439.0,6.0,A-c43359,3.0,1.3333333333333333,0.0
A-271f46,Company_84,DevTools,US,09-02-2023,event,Pro,38,False,1,S-c3c85e,A-271f46,31-10-2024,31-12-2026,Basic,38,722,8664,False,False,False,False,monthly,True,64.0,13646.0,4.0,A-271f46,1.0,0.0,0.0
A-271f46,Company_84,DevTools,US,09-02-2023,event,Pro,38,False,1,S-679c73,A-271f46,12-01-2024,31-12-2026,Pro,38,0,0,True,False,False,False,monthly,True,79.0,31010.0,2.0,A-271f46,1.0,0.0,0.0
A-271f46,Company_84,DevTools,US,09-02-2023,event,Pro,38,False,1,S-81d174,A-271f46,02-05-2024,31-12-2026,Enterprise,38,7562,90744,False,False,False,False,annual,True,23.0,6246.0,1.0,A-271f46,1.0,0.0,0.0
A-271f46,Company_84,DevTools,US,09-02-2023,event,Pro,38,False,1,S-35ff7e,A-271f46,09-06-2024,31-12-2026,Basic,38,722,8664,False,False,False,False,annual,True,32.0,9612.0,4.0,A-271f46,1.0,0.0,0.0
A-271f46,Company_84,DevTools,US,09-02-2023,event,Pro,38,False,1,S-47e122,A-271f46,01-07-2023,31-12-2026,Basic,38,722,8664,False,False,False,False,monthly,True,54.0,16956.0,1.0,A-271f46,1.0,0.0,0.0
A-271f46,Company_84,DevTools,US,09-02-2023,event,Pro,38,False,1,S-3da8ee,A-271f46,22-11-2024,31-12-2026,Enterprise,46,9154,109848,False,False,False,False,monthly,True,69.0,22099.0,3.0,A-271f46,1.0,0.0,0.0
A-271f46,Company_84,DevTools,US,09-02-2023,event,Pro,38,False,1,S-3e0c24,A-271f46,29-03-2023,31-12-2026,Basic,38,722,8664,False,False,False,False,annual,True,21.0,2802.0,0.0,A-271f46,1.0,0.0,0.0
A-271f46,Company_84,DevTools,US,09-02-2023,event,Pro,38,False,1,S-fa781b,A-271f46,25-04-2024,31-12-2026,Enterprise,38,0,0,True,False,False,False,monthly,True,31.0,12192.0,1.0,A-271f46,1.0,0.0,0.0
A-157070,Company_85,FinTech,US,09-11-2023,ads,Pro,16,False,0,S-628729,A-157070,05-10-2024,31-12-2026,Enterprise,23,4577,54924,False,False,True,False,monthly,True,62.0,10519.0,5.0,A-157070,3.0,1.0,1.0
A-157070,Company_85,FinTech,US,09-11-2023,ads,Pro,16,False,0,S-8923b3,A-157070,17-05-2024,31-12-2026,Basic,27,513,6156,False,False,False,False,annual,True,103.0,20405.0,4.0,A-157070,3.0,1.0,1.0
A-157070,Company_85,FinTech,US,09-11-2023,ads,Pro,16,False,0,S-3e54f5,A-157070,12-12-2023,31-12-2026,Basic,17,323,3876,False,False,False,False,annual,True,24.0,5817.0,0.0,A-157070,3.0,1.0,1.0
A-157070,Company_85,FinTech,US,09-11-2023,ads,Pro,16,False,0,S-e1fa5b,A-157070,08-12-2024,25-12-2024,Enterprise,16,3184,38208,False,False,False,True,monthly,True,9.0,657.0,0.0,A-157070,3.0,1.0,1.0
A-157070,Company_85,FinTech,US,09-11-2023,ads,Pro,16,False,0,S-ffd591,A-157070,11-02-2024,15-04-2024,Basic,17,323,3876,False,True,False,True,monthly,True,11.0,3033.0,0.0,A-157070,3.0,1.0,1.0
A-157070,Company_85,FinTech,US,09-11-2023,ads,Pro,16,False,0,S-7a9d40,A-157070,18-12-2024,26-12-2024,Basic,38,722,8664,False,False,False,True,annual,True,18.0,5589.0,1.0,A-157070,3.0,1.0,1.0
A-157070,Company_85,FinTech,US,09-11-2023,ads,Pro,16,False,0,S-d0d19f,A-157070,03-07-2024,31-12-2026,Pro,33,0,0,True,False,False,False,annual,True,23.0,3115.0,0.0,A-157070,3.0,1.0,1.0
A-157070,Company_85,FinTech,US,09-11-2023,ads,Pro,16,False,0,S-6bde88,A-157070,18-09-2024,31-12-2026,Pro,49,0,0,True,False,False,False,annual,True,28.0,12830.0,3.0,A-157070,3.0,1.0,1.0
A-157070,Company_85,FinTech,US,09-11-2023,ads,Pro,16,False,0,S-cd74b9,A-157070,26-01-2024,31-12-2026,Enterprise,16,3184,38208,False,True,False,False,annual,True,67.0,18982.0,0.0,A-157070,3.0,1.0,1.0
A-157070,Company_85,FinTech,US,09-11-2023,ads,Pro,16,False,0,S-9af385,A-157070,26-09-2024,31-12-2026,Basic,27,513,6156,False,False,False,False,monthly,True,41.0,10359.0,2.0,A-157070,3.0,1.0,1.0
A-157070,Company_85,FinTech,US,09-11-2023,ads,Pro,16,False,0,S-fcd20b,A-157070,07-07-2024,31-12-2026,Pro,16,784,9408,False,False,False,False,annual,True,45.0,14514.0,2.0,A-157070,3.0,1.0,1.0
A-157070,Company_85,FinTech,US,09-11-2023,ads,Pro,16,False,0,S-a63da6,A-157070,10-09-2024,31-12-2026,Pro,30,1470,17640,False,False,False,False,monthly,False,55.0,21503.0,1.0,A-157070,3.0,1.0,1.0
A-157070,Company_85,FinTech,US,09-11-2023,ads,Pro,16,False,0,S-bc66af,A-157070,12-02-2024,02-10-2024,Pro,18,882,10584,False,False,False,True,monthly,True,75.0,26485.0,0.0,A-157070,3.0,1.0,1.0
A-157070,Company_85,FinTech,US,09-11-2023,ads,Pro,16,False,0,S-65bb33,A-157070,26-08-2024,31-12-2026,Enterprise,16,3184,38208,False,False,False,False,annual,False,40.0,9900.0,3.0,A-157070,3.0,1.0,1.0
A-157070,Company_85,FinTech,US,09-11-2023,ads,Pro,16,False,0,S-7826c1,A-157070,23-07-2024,31-12-2026,Pro,18,882,10584,False,False,False,False,monthly,True,41.0,7412.0,4.0,A-157070,3.0,1.0,1.0
A-157070,Company_85,FinTech,US,09-11-2023,ads,Pro,16,False,0,S-804965,A-157070,31-03-2024,31-12-2026,Enterprise,35,6965,83580,False,False,False,False,monthly,True,54.0,15808.0,1.0,A-157070,3.0,1.0,1.0
A-40a557,Company_86,Cybersecurity,AU,03-12-2023,partner,Pro,16,True,0,S-6762fa,A-40a557,12-02-2024,31-12-2026,Enterprise,16,3184,38208,False,False,False,False,annual,True,61.0,18545.0,2.0,A-40a557,7.0,1.5714285714285714,0.0
A-40a557,Company_86,Cybersecurity,AU,03-12-2023,partner,Pro,16,True,0,S-388f70,A-40a557,21-09-2024,31-12-2026,Pro,18,0,0,True,False,False,False,annual,True,60.0,14319.0,3.0,A-40a557,7.0,1.5714285714285714,0.0
A-40a557,Company_86,Cybersecurity,AU,03-12-2023,partner,Pro,16,True,0,S-934f6d,A-40a557,23-11-2024,31-12-2026,Pro,16,784,9408,False,False,False,False,monthly,True,39.0,9806.0,0.0,A-40a557,7.0,1.5714285714285714,0.0
A-40a557,Company_86,Cybersecurity,AU,03-12-2023,partner,Pro,16,True,0,S-20d02a,A-40a557,11-01-2024,16-01-2024,Enterprise,16,3184,38208,False,False,False,True,annual,True,69.0,20077.0,3.0,A-40a557,7.0,1.5714285714285714,0.0
A-40a557,Company_86,Cybersecurity,AU,03-12-2023,partner,Pro,16,True,0,S-f5fcc9,A-40a557,06-06-2024,31-12-2026,Pro,16,784,9408,False,False,False,False,monthly,True,48.0,20018.0,2.0,A-40a557,7.0,1.5714285714285714,0.0
A-40a557,Company_86,Cybersecurity,AU,03-12-2023,partner,Pro,16,True,0,S-ecefa1,A-40a557,26-06-2024,31-12-2026,Basic,25,475,5700,False,False,False,False,monthly,True,43.0,10651.0,1.0,A-40a557,7.0,1.5714285714285714,0.0
A-40a557,Company_86,Cybersecurity,AU,03-12-2023,partner,Pro,16,True,0,S-a25d8b,A-40a557,24-03-2024,31-12-2026,Enterprise,55,10945,131340,False,False,False,False,monthly,True,17.0,7430.0,2.0,A-40a557,7.0,1.5714285714285714,0.0
A-40a557,Company_86,Cybersecurity,AU,03-12-2023,partner,Pro,16,True,0,S-d71a1f,A-40a557,03-11-2024,31-12-2026,Pro,16,784,9408,False,True,False,False,annual,True,19.0,2525.0,0.0,A-40a557,7.0,1.5714285714285714,0.0
A-40a557,Company_86,Cybersecurity,AU,03-12-2023,partner,Pro,16,True,0,S-12a13c,A-40a557,14-12-2024,31-12-2026,Enterprise,16,3184,38208,False,False,False,False,monthly,True,46.0,10846.0,4.0,A-40a557,7.0,1.5714285714285714,0.0
A-66224b,Company_87,HealthTech,US,18-10-2024,other,Pro,92,True,0,S-abd244,A-66224b,05-12-2024,31-12-2026,Basic,92,1748,20976,False,False,False,False,monthly,False,50.0,22907.0,4.0,A-66224b,6.0,3.5,0.0
A-66224b,Company_87,HealthTech,US,18-10-2024,other,Pro,92,True,0,S-f7b0e0,A-66224b,24-11-2024,31-12-2026,Basic,92,1748,20976,False,False,False,False,annual,True,47.0,11805.0,0.0,A-66224b,6.0,3.5,0.0
A-66224b,Company_87,HealthTech,US,18-10-2024,other,Pro,92,True,0,S-2b4a26,A-66224b,20-11-2024,31-12-2026,Basic,92,0,0,True,False,False,False,annual,False,41.0,14431.0,5.0,A-66224b,6.0,3.5,0.0
A-66224b,Company_87,HealthTech,US,18-10-2024,other,Pro,92,True,0,S-c5a75d,A-66224b,18-12-2024,31-12-2026,Pro,92,4508,54096,False,False,False,False,annual,True,101.0,23739.0,7.0,A-66224b,6.0,3.5,0.0
A-66224b,Company_87,HealthTech,US,18-10-2024,other,Pro,92,True,0,S-f9bd62,A-66224b,27-12-2024,31-12-2026,Basic,92,0,0,True,False,False,False,monthly,True,45.0,16923.0,0.0,A-66224b,6.0,3.5,0.0
A-66224b,Company_87,HealthTech,US,18-10-2024,other,Pro,92,True,0,S-a2d132,A-66224b,28-11-2024,31-12-2026,Pro,111,0,0,True,False,False,False,annual,True,65.0,20930.0,1.0,A-66224b,6.0,3.5,0.0
A-66224b,Company_87,HealthTech,US,18-10-2024,other,Pro,92,True,0,S-b465a7,A-66224b,20-10-2024,31-12-2026,Enterprise,92,18308,219696,False,False,False,False,monthly,True,27.0,9730.0,6.0,A-66224b,6.0,3.5,0.0
A-66224b,Company_87,HealthTech,US,18-10-2024,other,Pro,92,True,0,S-f25e72,A-66224b,13-11-2024,31-12-2026,Pro,92,4508,54096,False,False,False,False,annual,True,46.0,13575.0,1.0,A-66224b,6.0,3.5,0.0
A-66224b,Company_87,HealthTech,US,18-10-2024,other,Pro,92,True,0,S-e5c35c,A-66224b,27-11-2024,31-12-2026,Enterprise,92,18308,219696,False,False,False,False,monthly,True,35.0,13837.0,0.0,A-66224b,6.0,3.5,0.0
A-66224b,Company_87,HealthTech,US,18-10-2024,other,Pro,92,True,0,S-021985,A-66224b,22-12-2024,30-12-2024,Enterprise,92,18308,219696,False,False,False,True,monthly,False,56.0,11158.0,3.0,A-66224b,6.0,3.5,0.0
A-66224b,Company_87,HealthTech,US,18-10-2024,other,Pro,92,True,0,S-e88276,A-66224b,06-12-2024,31-12-2026,Basic,92,1748,20976,False,False,False,False,monthly,True,59.0,11776.0,2.0,A-66224b,6.0,3.5,0.0
A-66224b,Company_87,HealthTech,US,18-10-2024,other,Pro,92,True,0,S-d859b7,A-66224b,30-12-2024,31-12-2026,Enterprise,92,0,0,True,False,False,False,annual,True,54.0,14418.0,0.0,A-66224b,6.0,3.5,0.0
A-91e948,Company_88,EdTech,AU,29-01-2023,partner,Basic,41,False,0,S-a24476,A-91e948,26-01-2024,31-12-2026,Basic,41,0,0,True,False,False,False,monthly,True,39.0,12547.0,1.0,0,0.0,0.0,0.0
A-91e948,Company_88,EdTech,AU,29-01-2023,partner,Basic,41,False,0,S-e2e052,A-91e948,07-11-2023,31-12-2026,Pro,41,2009,24108,False,False,False,False,monthly,True,84.0,24948.0,0.0,0,0.0,0.0,0.0
A-91e948,Company_88,EdTech,AU,29-01-2023,partner,Basic,41,False,0,S-61a87e,A-91e948,14-08-2023,31-12-2026,Basic,41,779,9348,False,False,False,False,monthly,True,48.0,11082.0,0.0,0,0.0,0.0,0.0
A-91e948,Company_88,EdTech,AU,29-01-2023,partner,Basic,41,False,0,S-c14b9d,A-91e948,06-12-2023,31-12-2026,Basic,41,779,9348,False,False,False,False,monthly,True,86.0,18541.0,4.0,0,0.0,0.0,0.0
A-91e948,Company_88,EdTech,AU,29-01-2023,partner,Basic,41,False,0,S-683e1e,A-91e948,09-11-2024,31-12-2026,Enterprise,41,8159,97908,False,False,False,False,monthly,True,25.0,4821.0,1.0,0,0.0,0.0,0.0
A-91e948,Company_88,EdTech,AU,29-01-2023,partner,Basic,41,False,0,S-7fb77e,A-91e948,10-11-2023,31-12-2026,Pro,41,2009,24108,False,True,False,False,annual,True,24.0,5986.0,0.0,0,0.0,0.0,0.0
A-91e948,Company_88,EdTech,AU,29-01-2023,partner,Basic,41,False,0,S-92ae0a,A-91e948,11-07-2024,31-12-2026,Enterprise,41,8159,97908,False,True,False,False,monthly,True,98.0,37335.0,10.0,0,0.0,0.0,0.0
A-104f1a,Company_89,Cybersecurity,US,17-08-2024,other,Pro,24,False,0,S-2dad6b,A-104f1a,20-12-2024,31-12-2026,Basic,34,646,7752,False,False,False,False,monthly,True,31.0,13978.0,2.0,A-104f1a,5.0,3.0,1.0
A-104f1a,Company_89,Cybersecurity,US,17-08-2024,other,Pro,24,False,0,S-b2238e,A-104f1a,16-11-2024,31-12-2026,Basic,24,456,5472,False,False,False,False,monthly,True,36.0,13755.0,0.0,A-104f1a,5.0,3.0,1.0
A-104f1a,Company_89,Cybersecurity,US,17-08-2024,other,Pro,24,False,0,S-7c81dd,A-104f1a,05-09-2024,31-12-2026,Pro,40,1960,23520,False,False,False,False,monthly,True,45.0,13121.0,3.0,A-104f1a,5.0,3.0,1.0
A-104f1a,Company_89,Cybersecurity,US,17-08-2024,other,Pro,24,False,0,S-842582,A-104f1a,24-09-2024,31-12-2026,Pro,45,0,0,True,False,False,False,annual,True,66.0,20986.0,3.0,A-104f1a,5.0,3.0,1.0
A-104f1a,Company_89,Cybersecurity,US,17-08-2024,other,Pro,24,False,0,S-457217,A-104f1a,18-12-2024,31-12-2026,Pro,24,1176,14112,False,False,False,False,monthly,True,75.0,27887.0,5.0,A-104f1a,5.0,3.0,1.0
A-104f1a,Company_89,Cybersecurity,US,17-08-2024,other,Pro,24,False,0,S-d83789,A-104f1a,10-12-2024,31-12-2026,Pro,24,1176,14112,False,False,False,False,monthly,True,70.0,21543.0,2.0,A-104f1a,5.0,3.0,1.0
A-104f1a,Company_89,Cybersecurity,US,17-08-2024,other,Pro,24,False,0,S-9ee11d,A-104f1a,11-10-2024,31-12-2026,Pro,24,1176,14112,False,False,False,False,monthly,True,56.0,26773.0,5.0,A-104f1a,5.0,3.0,1.0
A-104f1a,Company_89,Cybersecurity,US,17-08-2024,other,Pro,24,False,0,S-59f0a6,A-104f1a,02-09-2024,28-11-2024,Pro,123,6027,72324,False,False,False,True,monthly,False,59.0,18906.0,2.0,A-104f1a,5.0,3.0,1.0
A-7988d1,Company_90,Cybersecurity,US,20-12-2023,other,Basic,33,False,0,S-c84c8d,A-7988d1,18-08-2024,31-12-2026,Enterprise,92,0,0,True,False,False,False,annual,True,51.0,19648.0,9.0,A-7988d1,3.0,4.333333333333333,0.0
A-7988d1,Company_90,Cybersecurity,US,20-12-2023,other,Basic,33,False,0,S-891ad9,A-7988d1,03-12-2024,31-12-2026,Basic,33,0,0,True,False,False,False,monthly,True,21.0,6300.0,0.0,A-7988d1,3.0,4.333333333333333,0.0
A-7988d1,Company_90,Cybersecurity,US,20-12-2023,other,Basic,33,False,0,S-6fd24b,A-7988d1,19-08-2024,31-12-2026,Enterprise,33,6567,78804,False,False,False,False,monthly,True,46.0,11387.0,4.0,A-7988d1,3.0,4.333333333333333,0.0
A-7988d1,Company_90,Cybersecurity,US,20-12-2023,other,Basic,33,False,0,S-f4019e,A-7988d1,28-09-2024,16-11-2024,Basic,33,627,7524,False,False,False,True,monthly,False,30.0,11260.0,0.0,A-7988d1,3.0,4.333333333333333,0.0
A-7988d1,Company_90,Cybersecurity,US,20-12-2023,other,Basic,33,False,0,S-5163bd,A-7988d1,18-05-2024,31-12-2026,Basic,33,627,7524,False,False,False,False,annual,True,69.0,30259.0,1.0,A-7988d1,3.0,4.333333333333333,0.0
A-7988d1,Company_90,Cybersecurity,US,20-12-2023,other,Basic,33,False,0,S-bc2ca5,A-7988d1,29-04-2024,31-12-2026,Basic,33,627,7524,False,False,False,False,monthly,True,59.0,15057.0,2.0,A-7988d1,3.0,4.333333333333333,0.0
A-7988d1,Company_90,Cybersecurity,US,20-12-2023,other,Basic,33,False,0,S-d4e525,A-7988d1,25-07-2024,31-12-2026,Basic,33,627,7524,False,False,False,False,annual,True,40.0,9006.0,6.0,A-7988d1,3.0,4.333333333333333,0.0
A-7988d1,Company_90,Cybersecurity,US,20-12-2023,other,Basic,33,False,0,S-6b977f,A-7988d1,25-08-2024,31-12-2026,Pro,33,1617,19404,False,False,False,False,monthly,False,80.0,18820.0,1.0,A-7988d1,3.0,4.333333333333333,0.0
A-7988d1,Company_90,Cybersecurity,US,20-12-2023,other,Basic,33,False,0,S-409beb,A-7988d1,12-03-2024,31-12-2026,Basic,33,0,0,True,False,False,False,annual,True,53.0,16528.0,5.0,A-7988d1,3.0,4.333333333333333,0.0
A-faa28c,Company_91,HealthTech,US,30-01-2024,organic,Enterprise,48,False,0,S-f5c472,A-faa28c,09-07-2024,31-12-2026,Basic,48,912,10944,False,False,False,False,monthly,True,28.0,2864.0,0.0,A-faa28c,4.0,3.5,1.0
A-faa28c,Company_91,HealthTech,US,30-01-2024,organic,Enterprise,48,False,0,S-f75ac4,A-faa28c,17-02-2024,31-12-2026,Enterprise,48,0,0,True,False,False,False,annual,True,28.0,3302.0,0.0,A-faa28c,4.0,3.5,1.0
A-faa28c,Company_91,HealthTech,US,30-01-2024,organic,Enterprise,48,False,0,S-1b8300,A-faa28c,23-05-2024,31-12-2026,Enterprise,48,0,0,True,True,False,False,monthly,True,43.0,9966.0,0.0,A-faa28c,4.0,3.5,1.0
A-faa28c,Company_91,HealthTech,US,30-01-2024,organic,Enterprise,48,False,0,S-f4097a,A-faa28c,06-06-2024,31-12-2026,Enterprise,48,9552,114624,False,False,False,False,monthly,False,52.0,8510.0,7.0,A-faa28c,4.0,3.5,1.0
A-faa28c,Company_91,HealthTech,US,30-01-2024,organic,Enterprise,48,False,0,S-de9ce0,A-faa28c,06-08-2024,26-12-2024,Enterprise,48,9552,114624,False,False,False,True,annual,True,48.0,15331.0,2.0,A-faa28c,4.0,3.5,1.0
A-faa28c,Company_91,HealthTech,US,30-01-2024,organic,Enterprise,48,False,0,S-41f762,A-faa28c,15-02-2024,31-12-2026,Basic,48,0,0,True,False,False,False,monthly,True,6.0,2520.0,0.0,A-faa28c,4.0,3.5,1.0
A-faa28c,Company_91,HealthTech,US,30-01-2024,organic,Enterprise,48,False,0,S-b63db8,A-faa28c,18-09-2024,31-12-2026,Enterprise,48,9552,114624,False,False,False,False,monthly,False,44.0,11426.0,1.0,A-faa28c,4.0,3.5,1.0
A-faa28c,Company_91,HealthTech,US,30-01-2024,organic,Enterprise,48,False,0,S-f554b0,A-faa28c,30-11-2024,31-12-2026,Enterprise,48,9552,114624,False,True,False,False,annual,True,35.0,10541.0,0.0,A-faa28c,4.0,3.5,1.0
A-faa28c,Company_91,HealthTech,US,30-01-2024,organic,Enterprise,48,False,0,S-08a3d4,A-faa28c,11-09-2024,31-12-2026,Basic,49,931,11172,False,False,False,False,annual,True,82.0,32216.0,1.0,A-faa28c,4.0,3.5,1.0
A-faa28c,Company_91,HealthTech,US,30-01-2024,organic,Enterprise,48,False,0,S-92dbcc,A-faa28c,25-12-2024,31-12-2026,Pro,48,2352,28224,False,False,False,False,monthly,True,42.0,16758.0,2.0,A-faa28c,4.0,3.5,1.0
A-faa28c,Company_91,HealthTech,US,30-01-2024,organic,Enterprise,48,False,0,S-084f4a,A-faa28c,05-02-2024,13-10-2024,Enterprise,48,9552,114624,False,False,False,True,monthly,False,76.0,12197.0,4.0,A-faa28c,4.0,3.5,1.0
A-faa28c,Company_91,HealthTech,US,30-01-2024,organic,Enterprise,48,False,0,S-04ec2f,A-faa28c,11-02-2024,31-12-2026,Pro,48,2352,28224,False,False,False,False,annual,True,26.0,9659.0,3.0,A-faa28c,4.0,3.5,1.0
A-faa28c,Company_91,HealthTech,US,30-01-2024,organic,Enterprise,48,False,0,S-d9821f,A-faa28c,20-06-2024,31-12-2026,Basic,48,912,10944,False,False,False,False,annual,True,42.0,17282.0,3.0,A-faa28c,4.0,3.5,1.0
A-faa28c,Company_91,HealthTech,US,30-01-2024,organic,Enterprise,48,False,0,S-0fc72f,A-faa28c,23-02-2024,31-12-2026,Pro,65,3185,38220,False,True,False,False,annual,True,33.0,9435.0,1.0,A-faa28c,4.0,3.5,1.0
A-f25509,Company_92,EdTech,US,22-03-2024,other,Enterprise,32,False,0,S-a3a1c1,A-f25509,02-10-2024,31-12-2026,Pro,47,2303,27636,False,False,False,False,monthly,True,52.0,16389.0,4.0,A-f25509,6.0,2.3333333333333335,0.0
A-f25509,Company_92,EdTech,US,22-03-2024,other,Enterprise,32,False,0,S-3632aa,A-f25509,28-05-2024,31-12-2026,Enterprise,32,6368,76416,False,False,False,False,monthly,True,27.0,7549.0,1.0,A-f25509,6.0,2.3333333333333335,0.0
A-f25509,Company_92,EdTech,US,22-03-2024,other,Enterprise,32,False,0,S-f316d5,A-f25509,26-12-2024,31-12-2026,Basic,57,1083,12996,False,False,True,False,annual,True,27.0,10009.0,1.0,A-f25509,6.0,2.3333333333333335,0.0
A-f25509,Company_92,EdTech,US,22-03-2024,other,Enterprise,32,False,0,S-7c24f6,A-f25509,16-06-2024,31-12-2026,Enterprise,32,0,0,True,False,False,False,annual,False,87.0,31965.0,7.0,A-f25509,6.0,2.3333333333333335,0.0
A-f25509,Company_92,EdTech,US,22-03-2024,other,Enterprise,32,False,0,S-864b0c,A-f25509,14-07-2024,31-12-2026,Enterprise,32,6368,76416,False,False,False,False,annual,True,36.0,7691.0,2.0,A-f25509,6.0,2.3333333333333335,0.0
A-3a7284,Company_93,FinTech,US,17-11-2024,organic,Enterprise,31,False,0,S-321498,A-3a7284,25-12-2024,31-12-2024,Pro,31,0,0,True,False,False,True,monthly,True,26.0,8442.0,1.0,A-3a7284,3.0,2.3333333333333335,0.0
A-3a7284,Company_93,FinTech,US,17-11-2024,organic,Enterprise,31,False,0,S-078e94,A-3a7284,28-11-2024,31-12-2026,Enterprise,31,6169,74028,False,False,False,False,monthly,True,70.0,26188.0,2.0,A-3a7284,3.0,2.3333333333333335,0.0
A-3a7284,Company_93,FinTech,US,17-11-2024,organic,Enterprise,31,False,0,S-c9d323,A-3a7284,12-12-2024,31-12-2026,Pro,31,1519,18228,False,False,False,False,monthly,True,42.0,11088.0,3.0,A-3a7284,3.0,2.3333333333333335,0.0
A-3a7284,Company_93,FinTech,US,17-11-2024,organic,Enterprise,31,False,0,S-4eef1a,A-3a7284,18-12-2024,31-12-2026,Basic,31,589,7068,False,False,False,False,monthly,True,51.0,16087.0,6.0,A-3a7284,3.0,2.3333333333333335,0.0
A-3a7284,Company_93,FinTech,US,17-11-2024,organic,Enterprise,31,False,0,S-235670,A-3a7284,15-12-2024,31-12-2026,Enterprise,33,6567,78804,False,False,True,False,monthly,True,32.0,4428.0,1.0,A-3a7284,3.0,2.3333333333333335,0.0
A-3a7284,Company_93,FinTech,US,17-11-2024,organic,Enterprise,31,False,0,S-9a4589,A-3a7284,15-12-2024,31-12-2026,Pro,31,1519,18228,False,False,False,False,annual,True,49.0,16845.0,4.0,A-3a7284,3.0,2.3333333333333335,0.0
A-3a7284,Company_93,FinTech,US,17-11-2024,organic,Enterprise,31,False,0,S-da0b9b,A-3a7284,21-12-2024,23-12-2024,Pro,33,1617,19404,False,False,False,True,annual,True,56.0,19506.0,5.0,A-3a7284,3.0,2.3333333333333335,0.0
A-3a7284,Company_93,FinTech,US,17-11-2024,organic,Enterprise,31,False,0,S-7be036,A-3a7284,28-12-2024,31-12-2026,Pro,31,1519,18228,False,True,False,False,annual,True,35.0,8256.0,2.0,A-3a7284,3.0,2.3333333333333335,0.0
A-3a7284,Company_93,FinTech,US,17-11-2024,organic,Enterprise,31,False,0,S-a3b329,A-3a7284,23-12-2024,31-12-2026,Basic,37,703,8436,False,False,True,False,monthly,False,74.0,27457.0,5.0,A-3a7284,3.0,2.3333333333333335,0.0
A-3a7284,Company_93,FinTech,US,17-11-2024,organic,Enterprise,31,False,0,S-debbee,A-3a7284,28-11-2024,11-12-2024,Basic,73,1387,16644,False,False,False,True,annual,True,43.0,10555.0,0.0,A-3a7284,3.0,2.3333333333333335,0.0
A-3a7284,Company_93,FinTech,US,17-11-2024,organic,Enterprise,31,False,0,S-522a6f,A-3a7284,30-11-2024,31-12-2026,Enterprise,39,7761,93132,False,False,False,False,annual,True,77.0,23677.0,1.0,A-3a7284,3.0,2.3333333333333335,0.0
A-3a7284,Company_93,FinTech,US,17-11-2024,organic,Enterprise,31,False,0,S-02d6c8,A-3a7284,05-12-2024,31-12-2026,Enterprise,31,6169,74028,False,False,False,False,monthly,True,54.0,19033.0,0.0,A-3a7284,3.0,2.3333333333333335,0.0
A-3a5ad8,Company_94,HealthTech,US,05-12-2023,organic,Enterprise,9,True,0,S-79a9e1,A-3a5ad8,25-12-2024,31-12-2026,Enterprise,22,0,0,True,False,False,False,annual,True,14.0,4036.0,0.0,A-3a5ad8,4.0,2.25,0.0
A-3a5ad8,Company_94,HealthTech,US,05-12-2023,organic,Enterprise,9,True,0,S-bb1cf1,A-3a5ad8,07-09-2024,31-12-2026,Enterprise,9,0,0,True,True,False,False,monthly,False,40.0,8803.0,3.0,A-3a5ad8,4.0,2.25,0.0
A-3a5ad8,Company_94,HealthTech,US,05-12-2023,organic,Enterprise,9,True,0,S-b15faf,A-3a5ad8,15-05-2024,31-12-2026,Basic,95,1805,21660,False,False,False,False,monthly,True,40.0,5061.0,0.0,A-3a5ad8,4.0,2.25,0.0
A-3a5ad8,Company_94,HealthTech,US,05-12-2023,organic,Enterprise,9,True,0,S-d1ef4d,A-3a5ad8,18-12-2023,31-12-2026,Enterprise,9,0,0,True,False,False,False,annual,True,31.0,7487.0,0.0,A-3a5ad8,4.0,2.25,0.0
A-3a5ad8,Company_94,HealthTech,US,05-12-2023,organic,Enterprise,9,True,0,S-be86e3,A-3a5ad8,14-01-2024,31-12-2026,Enterprise,11,2189,26268,False,False,True,False,annual,True,71.0,24296.0,6.0,A-3a5ad8,4.0,2.25,0.0
A-3a5ad8,Company_94,HealthTech,US,05-12-2023,organic,Enterprise,9,True,0,S-9cca23,A-3a5ad8,20-12-2024,31-12-2026,Enterprise,9,1791,21492,False,False,False,False,monthly,True,33.0,5759.0,1.0,A-3a5ad8,4.0,2.25,0.0
A-3a5ad8,Company_94,HealthTech,US,05-12-2023,organic,Enterprise,9,True,0,S-148506,A-3a5ad8,01-01-2024,31-12-2026,Basic,9,171,2052,False,False,False,False,annual,True,38.0,5273.0,7.0,A-3a5ad8,4.0,2.25,0.0
A-3a5ad8,Company_94,HealthTech,US,05-12-2023,organic,Enterprise,9,True,0,S-d1f12e,A-3a5ad8,15-02-2024,31-12-2026,Enterprise,31,6169,74028,False,False,False,False,monthly,True,20.0,7574.0,0.0,A-3a5ad8,4.0,2.25,0.0
A-3a5ad8,Company_94,HealthTech,US,05-12-2023,organic,Enterprise,9,True,0,S-8106d9,A-3a5ad8,06-11-2024,31-12-2026,Pro,36,1764,21168,False,False,False,False,monthly,False,70.0,20898.0,1.0,A-3a5ad8,4.0,2.25,0.0
A-3a5ad8,Company_94,HealthTech,US,05-12-2023,organic,Enterprise,9,True,0,S-a82909,A-3a5ad8,19-11-2024,31-12-2026,Enterprise,70,13930,167160,False,False,False,False,annual,True,61.0,13825.0,1.0,A-3a5ad8,4.0,2.25,0.0
A-3a5ad8,Company_94,HealthTech,US,05-12-2023,organic,Enterprise,9,True,0,S-6e177f,A-3a5ad8,17-05-2024,31-12-2026,Pro,9,441,5292,False,False,False,False,monthly,True,45.0,10455.0,4.0,A-3a5ad8,4.0,2.25,0.0
A-3a5ad8,Company_94,HealthTech,US,05-12-2023,organic,Enterprise,9,True,0,S-0f15b7,A-3a5ad8,16-04-2024,31-12-2026,Pro,9,441,5292,False,False,False,False,monthly,True,38.0,14326.0,0.0,A-3a5ad8,4.0,2.25,0.0
A-3a5ad8,Company_94,HealthTech,US,05-12-2023,organic,Enterprise,9,True,0,S-306a99,A-3a5ad8,31-03-2024,31-12-2026,Basic,9,0,0,True,False,False,False,monthly,True,5.0,85.0,0.0,A-3a5ad8,4.0,2.25,0.0
A-65a46c,Company_95,HealthTech,US,04-11-2023,event,Pro,1,False,0,S-0267b7,A-65a46c,17-10-2024,04-12-2024,Enterprise,13,0,0,True,False,False,True,monthly,True,49.0,15046.0,2.0,A-65a46c,8.0,2.5,0.0
A-65a46c,Company_95,HealthTech,US,04-11-2023,event,Pro,1,False,0,S-2fc8fa,A-65a46c,10-08-2024,31-12-2026,Pro,13,637,7644,False,True,False,False,monthly,False,44.0,16529.0,4.0,A-65a46c,8.0,2.5,0.0
A-65a46c,Company_95,HealthTech,US,04-11-2023,event,Pro,1,False,0,S-f9b1d0,A-65a46c,07-03-2024,31-12-2026,Basic,18,342,4104,False,False,False,False,monthly,True,36.0,5005.0,0.0,A-65a46c,8.0,2.5,0.0
A-65a46c,Company_95,HealthTech,US,04-11-2023,event,Pro,1,False,0,S-6f75be,A-65a46c,05-03-2024,31-12-2026,Enterprise,78,15522,186264,False,False,False,False,monthly,True,9.0,4131.0,0.0,A-65a46c,8.0,2.5,0.0
A-65a46c,Company_95,HealthTech,US,04-11-2023,event,Pro,1,False,0,S-21393c,A-65a46c,14-04-2024,31-12-2026,Enterprise,9,1791,21492,False,True,False,False,monthly,True,76.0,18878.0,4.0,A-65a46c,8.0,2.5,0.0
A-65a46c,Company_95,HealthTech,US,04-11-2023,event,Pro,1,False,0,S-26bf58,A-65a46c,05-05-2024,31-12-2026,Pro,37,1813,21756,False,False,False,False,monthly,True,26.0,11103.0,2.0,A-65a46c,8.0,2.5,0.0
A-65a46c,Company_95,HealthTech,US,04-11-2023,event,Pro,1,False,0,S-21bd9b,A-65a46c,24-12-2024,31-12-2026,Pro,35,1715,20580,False,False,False,False,annual,True,69.0,26577.0,4.0,A-65a46c,8.0,2.5,0.0
A-65a46c,Company_95,HealthTech,US,04-11-2023,event,Pro,1,False,0,S-392e05,A-65a46c,10-03-2024,31-12-2026,Basic,45,855,10260,False,False,False,False,annual,True,61.0,17950.0,5.0,A-65a46c,8.0,2.5,0.0
A-8b25f2,Company_96,Cybersecurity,US,17-02-2024,ads,Pro,6,False,1,S-b6f87e,A-8b25f2,30-09-2024,31-12-2026,Basic,10,190,2280,False,False,False,False,annual,True,34.0,8686.0,1.0,A-8b25f2,2.0,4.0,0.0
A-8b25f2,Company_96,Cybersecurity,US,17-02-2024,ads,Pro,6,False,1,S-baba71,A-8b25f2,03-05-2024,31-12-2026,Enterprise,10,1990,23880,False,False,False,False,monthly,True,15.0,2391.0,0.0,A-8b25f2,2.0,4.0,0.0
A-8b25f2,Company_96,Cybersecurity,US,17-02-2024,ads,Pro,6,False,1,S-4cdee1,A-8b25f2,19-02-2024,31-12-2026,Enterprise,20,0,0,True,False,False,False,monthly,True,43.0,4270.0,2.0,A-8b25f2,2.0,4.0,0.0
A-8b25f2,Company_96,Cybersecurity,US,17-02-2024,ads,Pro,6,False,1,S-8b721c,A-8b25f2,14-09-2024,31-12-2026,Enterprise,28,5572,66864,False,False,False,False,annual,True,72.0,22346.0,0.0,A-8b25f2,2.0,4.0,0.0
A-8b25f2,Company_96,Cybersecurity,US,17-02-2024,ads,Pro,6,False,1,S-5cba26,A-8b25f2,30-07-2024,31-12-2026,Basic,6,114,1368,False,False,False,False,monthly,True,69.0,24254.0,4.0,A-8b25f2,2.0,4.0,0.0
A-8b25f2,Company_96,Cybersecurity,US,17-02-2024,ads,Pro,6,False,1,S-3965a4,A-8b25f2,08-10-2024,18-10-2024,Basic,47,893,10716,False,False,True,True,annual,True,53.0,12762.0,1.0,A-8b25f2,2.0,4.0,0.0
A-8b25f2,Company_96,Cybersecurity,US,17-02-2024,ads,Pro,6,False,1,S-96e431,A-8b25f2,23-03-2024,31-12-2026,Pro,6,294,3528,False,False,False,False,annual,True,33.0,7759.0,0.0,A-8b25f2,2.0,4.0,0.0
A-8b25f2,Company_96,Cybersecurity,US,17-02-2024,ads,Pro,6,False,1,S-654529,A-8b25f2,17-10-2024,31-12-2026,Enterprise,6,0,0,True,False,False,False,annual,True,34.0,14504.0,1.0,A-8b25f2,2.0,4.0,0.0
A-8b25f2,Company_96,Cybersecurity,US,17-02-2024,ads,Pro,6,False,1,S-f5ce8e,A-8b25f2,15-12-2024,31-12-2026,Enterprise,13,2587,31044,False,False,False,False,monthly,True,12.0,3108.0,0.0,A-8b25f2,2.0,4.0,0.0
A-8b25f2,Company_96,Cybersecurity,US,17-02-2024,ads,Pro,6,False,1,S-81a509,A-8b25f2,10-09-2024,31-12-2026,Basic,11,209,2508,False,True,False,False,annual,True,51.0,17688.0,7.0,A-8b25f2,2.0,4.0,0.0
A-8b25f2,Company_96,Cybersecurity,US,17-02-2024,ads,Pro,6,False,1,S-c881bc,A-8b25f2,02-05-2024,19-07-2024,Basic,10,190,2280,False,False,False,True,monthly,True,28.0,13039.0,0.0,A-8b25f2,2.0,4.0,0.0
A-8b25f2,Company_96,Cybersecurity,US,17-02-2024,ads,Pro,6,False,1,S-bf6d7b,A-8b25f2,08-12-2024,31-12-2026,Pro,29,1421,17052,False,False,True,False,annual,True,55.0,13057.0,2.0,A-8b25f2,2.0,4.0,0.0
A-8b25f2,Company_96,Cybersecurity,US,17-02-2024,ads,Pro,6,False,1,S-329db8,A-8b25f2,22-05-2024,31-12-2026,Pro,12,588,7056,False,False,False,False,monthly,True,66.0,15530.0,2.0,A-8b25f2,2.0,4.0,0.0
A-fabe19,Company_97,DevTools,UK,11-11-2024,ads,Enterprise,1,False,0,S-36ee88,A-fabe19,23-11-2024,31-12-2026,Enterprise,31,6169,74028,False,False,False,False,monthly,True,72.0,15322.0,5.0,A-fabe19,3.0,1.3333333333333333,0.0
A-fabe19,Company_97,DevTools,UK,11-11-2024,ads,Enterprise,1,False,0,S-e0a4c5,A-fabe19,26-12-2024,31-12-2026,Enterprise,1,0,0,True,True,False,False,monthly,False,53.0,19880.0,1.0,A-fabe19,3.0,1.3333333333333333,0.0
A-fabe19,Company_97,DevTools,UK,11-11-2024,ads,Enterprise,1,False,0,S-374d5f,A-fabe19,24-11-2024,31-12-2026,Enterprise,5,995,11940,False,False,False,False,annual,True,31.0,12624.0,1.0,A-fabe19,3.0,1.3333333333333333,0.0
A-fabe19,Company_97,DevTools,UK,11-11-2024,ads,Enterprise,1,False,0,S-873a22,A-fabe19,16-12-2024,31-12-2026,Enterprise,12,2388,28656,False,True,False,False,monthly,False,24.0,6732.0,0.0,A-fabe19,3.0,1.3333333333333333,0.0
A-fabe19,Company_97,DevTools,UK,11-11-2024,ads,Enterprise,1,False,0,S-c25d2f,A-fabe19,12-12-2024,27-12-2024,Enterprise,32,6368,76416,False,False,False,True,annual,True,84.0,36407.0,7.0,A-fabe19,3.0,1.3333333333333333,0.0
A-fabe19,Company_97,DevTools,UK,11-11-2024,ads,Enterprise,1,False,0,S-c8a4ff,A-fabe19,24-12-2024,29-12-2024,Enterprise,23,4577,54924,False,False,False,True,annual,False,23.0,8634.0,0.0,A-fabe19,3.0,1.3333333333333333,0.0
A-fabe19,Company_97,DevTools,UK,11-11-2024,ads,Enterprise,1,False,0,S-20152a,A-fabe19,20-12-2024,31-12-2026,Enterprise,33,0,0,True,False,False,False,annual,False,50.0,13367.0,2.0,A-fabe19,3.0,1.3333333333333333,0.0
A-adc1f3,Company_98,Cybersecurity,US,05-08-2024,organic,Pro,2,False,0,S-0d0202,A-adc1f3,04-09-2024,16-09-2024,Enterprise,50,9950,119400,False,False,False,True,annual,True,90.0,32839.0,8.0,A-adc1f3,3.0,2.3333333333333335,0.0
A-adc1f3,Company_98,Cybersecurity,US,05-08-2024,organic,Pro,2,False,0,S-b821f4,A-adc1f3,21-12-2024,31-12-2026,Enterprise,5,995,11940,False,False,False,False,monthly,True,27.0,10381.0,4.0,A-adc1f3,3.0,2.3333333333333335,0.0
A-adc1f3,Company_98,Cybersecurity,US,05-08-2024,organic,Pro,2,False,0,S-7c727c,A-adc1f3,28-08-2024,31-12-2026,Enterprise,8,1592,19104,False,False,False,False,annual,False,18.0,6152.0,0.0,A-adc1f3,3.0,2.3333333333333335,0.0
A-adc1f3,Company_98,Cybersecurity,US,05-08-2024,organic,Pro,2,False,0,S-50e9f3,A-adc1f3,10-08-2024,31-12-2026,Enterprise,6,1194,14328,False,False,False,False,annual,True,37.0,10227.0,0.0,A-adc1f3,3.0,2.3333333333333335,0.0
A-adc1f3,Company_98,Cybersecurity,US,05-08-2024,organic,Pro,2,False,0,S-474001,A-adc1f3,19-12-2024,31-12-2026,Pro,2,98,1176,False,False,False,False,annual,False,0.0,0.0,0.0,A-adc1f3,3.0,2.3333333333333335,0.0
A-adc1f3,Company_98,Cybersecurity,US,05-08-2024,organic,Pro,2,False,0,S-dcf449,A-adc1f3,20-11-2024,31-12-2026,Enterprise,50,9950,119400,False,False,False,False,annual,True,33.0,12804.0,4.0,A-adc1f3,3.0,2.3333333333333335,0.0
A-adc1f3,Company_98,Cybersecurity,US,05-08-2024,organic,Pro,2,False,0,S-15e705,A-adc1f3,18-12-2024,31-12-2026,Pro,9,441,5292,False,False,False,False,annual,True,25.0,6675.0,5.0,A-adc1f3,3.0,2.3333333333333335,0.0
A-adc1f3,Company_98,Cybersecurity,US,05-08-2024,organic,Pro,2,False,0,S-2b608a,A-adc1f3,18-09-2024,31-12-2026,Basic,16,0,0,True,False,False,False,monthly,True,34.0,15168.0,0.0,A-adc1f3,3.0,2.3333333333333335,0.0
A-adc1f3,Company_98,Cybersecurity,US,05-08-2024,organic,Pro,2,False,0,S-b1e72a,A-adc1f3,12-12-2024,31-12-2026,Enterprise,12,2388,28656,False,False,False,False,monthly,True,70.0,25887.0,5.0,A-adc1f3,3.0,2.3333333333333335,0.0
A-503d5a,Company_99,FinTech,US,21-10-2023,other,Enterprise,4,False,1,S-e162d0,A-503d5a,18-12-2023,31-12-2026,Basic,19,0,0,True,False,False,False,monthly,True,120.0,38896.0,8.0,A-503d5a,9.0,1.3333333333333333,0.0
A-503d5a,Company_99,FinTech,US,21-10-2023,other,Enterprise,4,False,1,S-78ffdd,A-503d5a,07-11-2023,31-12-2026,Enterprise,12,2388,28656,False,False,False,False,monthly,True,76.0,26549.0,5.0,A-503d5a,9.0,1.3333333333333333,0.0
A-503d5a,Company_99,FinTech,US,21-10-2023,other,Enterprise,4,False,1,S-9a6596,A-503d5a,21-10-2023,31-12-2026,Basic,49,931,11172,False,False,True,False,monthly,True,71.0,18518.0,2.0,A-503d5a,9.0,1.3333333333333333,0.0
A-503d5a,Company_99,FinTech,US,21-10-2023,other,Enterprise,4,False,1,S-b10cfa,A-503d5a,28-06-2024,31-12-2026,Pro,6,294,3528,False,False,False,False,monthly,True,35.0,10224.0,0.0,A-503d5a,9.0,1.3333333333333333,0.0
A-503d5a,Company_99,FinTech,US,21-10-2023,other,Enterprise,4,False,1,S-cfa635,A-503d5a,07-03-2024,31-12-2026,Basic,50,950,11400,False,False,False,False,monthly,True,31.0,13089.0,0.0,A-503d5a,9.0,1.3333333333333333,0.0
A-503d5a,Company_99,FinTech,US,21-10-2023,other,Enterprise,4,False,1,S-d96652,A-503d5a,01-05-2024,31-12-2026,Enterprise,7,0,0,True,False,False,False,monthly,True,26.0,4432.0,3.0,A-503d5a,9.0,1.3333333333333333,0.0
A-503d5a,Company_99,FinTech,US,21-10-2023,other,Enterprise,4,False,1,S-88338a,A-503d5a,19-12-2024,31-12-2026,Enterprise,56,11144,133728,False,False,False,False,annual,False,9.0,4653.0,0.0,A-503d5a,9.0,1.3333333333333333,0.0
A-503d5a,Company_99,FinTech,US,21-10-2023,other,Enterprise,4,False,1,S-5a75eb,A-503d5a,22-11-2024,31-12-2026,Basic,10,190,2280,False,False,False,False,monthly,True,44.0,11845.0,1.0,A-503d5a,9.0,1.3333333333333333,0.0
A-503d5a,Company_99,FinTech,US,21-10-2023,other,Enterprise,4,False,1,S-2d5c04,A-503d5a,27-03-2024,31-12-2026,Enterprise,5,995,11940,False,False,False,False,monthly,True,58.0,26302.0,5.0,A-503d5a,9.0,1.3333333333333333,0.0
A-503d5a,Company_99,FinTech,US,21-10-2023,other,Enterprise,4,False,1,S-3e5d57,A-503d5a,24-01-2024,31-12-2026,Basic,25,0,0,True,False,False,False,annual,True,46.0,19223.0,4.0,A-503d5a,9.0,1.3333333333333333,0.0
A-503d5a,Company_99,FinTech,US,21-10-2023,other,Enterprise,4,False,1,S-5ea66d,A-503d5a,18-12-2024,31-12-2026,Enterprise,4,796,9552,False,False,False,False,annual,True,31.0,15464.0,4.0,A-503d5a,9.0,1.3333333333333333,0.0
A-503d5a,Company_99,FinTech,US,21-10-2023,other,Enterprise,4,False,1,S-90a14e,A-503d5a,30-03-2024,31-12-2026,Pro,4,196,2352,False,False,False,False,annual,False,58.0,22370.0,0.0,A-503d5a,9.0,1.3333333333333333,0.0
A-fd7ad3,Company_100,Cybersecurity,US,01-11-2024,event,Enterprise,1,False,0,S-79ba6e,A-fd7ad3,14-11-2024,31-12-2026,Enterprise,24,0,0,True,False,False,False,annual,True,34.0,11029.0,9.0,A-fd7ad3,8.0,3.125,1.0
A-fd7ad3,Company_100,Cybersecurity,US,01-11-2024,event,Enterprise,1,False,0,S-28489e,A-fd7ad3,02-11-2024,31-12-2026,Basic,12,0,0,True,False,False,False,annual,True,47.0,15114.0,2.0,A-fd7ad3,8.0,3.125,1.0
A-fd7ad3,Company_100,Cybersecurity,US,01-11-2024,event,Enterprise,1,False,0,S-b1dce0,A-fd7ad3,07-11-2024,31-12-2026,Basic,12,228,2736,False,False,False,False,monthly,True,27.0,6031.0,1.0,A-fd7ad3,8.0,3.125,1.0
A-fd7ad3,Company_100,Cybersecurity,US,01-11-2024,event,Enterprise,1,False,0,S-80af53,A-fd7ad3,23-12-2024,29-12-2024,Enterprise,12,2388,28656,False,True,False,True,monthly,True,55.0,19389.0,3.0,A-fd7ad3,8.0,3.125,1.0
A-fd7ad3,Company_100,Cybersecurity,US,01-11-2024,event,Enterprise,1,False,0,S-f78a1a,A-fd7ad3,02-11-2024,31-12-2026,Basic,3,57,684,False,False,False,False,annual,True,60.0,22707.0,3.0,A-fd7ad3,8.0,3.125,1.0
A-fd7ad3,Company_100,Cybersecurity,US,01-11-2024,event,Enterprise,1,False,0,S-d19797,A-fd7ad3,10-11-2024,31-12-2026,Basic,1,19,228,False,False,False,False,monthly,True,67.0,15355.0,7.0,A-fd7ad3,8.0,3.125,1.0
A-fd7ad3,Company_100,Cybersecurity,US,01-11-2024,event,Enterprise,1,False,0,S-d6e421,A-fd7ad3,17-11-2024,31-12-2026,Pro,10,0,0,True,False,False,False,annual,True,71.0,17839.0,7.0,A-fd7ad3,8.0,3.125,1.0
A-fd7ad3,Company_100,Cybersecurity,US,01-11-2024,event,Enterprise,1,False,0,S-1261fb,A-fd7ad3,29-11-2024,31-12-2026,Pro,1,49,588,False,False,False,False,monthly,False,81.0,16769.0,1.0,A-fd7ad3,8.0,3.125,1.0
A-fd7ad3,Company_100,Cybersecurity,US,01-11-2024,event,Enterprise,1,False,0,S-6cb3d7,A-fd7ad3,26-11-2024,20-12-2024,Pro,11,539,6468,False,True,False,True,annual,True,62.0,23272.0,5.0,A-fd7ad3,8.0,3.125,1.0
A-fd7ad3,Company_100,Cybersecurity,US,01-11-2024,event,Enterprise,1,False,0,S-4f43fd,A-fd7ad3,26-12-2024,31-12-2026,Basic,29,551,6612,False,False,False,False,monthly,True,63.0,24452.0,4.0,A-fd7ad3,8.0,3.125,1.0
A-186a44,Company_101,HealthTech,US,07-08-2023,ads,Enterprise,20,False,0,S-d65491,A-186a44,17-12-2024,31-12-2026,Pro,20,0,0,True,False,False,False,annual,True,42.0,13006.0,2.0,A-186a44,7.0,2.0,0.0
A-186a44,Company_101,HealthTech,US,07-08-2023,ads,Enterprise,20,False,0,S-d11e9f,A-186a44,10-08-2024,31-12-2026,Basic,20,380,4560,False,False,False,False,monthly,True,30.0,10504.0,2.0,A-186a44,7.0,2.0,0.0
A-186a44,Company_101,HealthTech,US,07-08-2023,ads,Enterprise,20,False,0,S-021004,A-186a44,05-07-2024,31-12-2026,Basic,20,380,4560,False,False,False,False,monthly,True,9.0,5274.0,0.0,A-186a44,7.0,2.0,0.0
A-186a44,Company_101,HealthTech,US,07-08-2023,ads,Enterprise,20,False,0,S-a84c82,A-186a44,01-11-2023,31-12-2026,Pro,20,980,11760,False,False,False,False,annual,False,62.0,18539.0,2.0,A-186a44,7.0,2.0,0.0
A-186a44,Company_101,HealthTech,US,07-08-2023,ads,Enterprise,20,False,0,S-450fa9,A-186a44,17-12-2024,25-12-2024,Basic,20,380,4560,False,False,False,True,monthly,False,83.0,34453.0,2.0,A-186a44,7.0,2.0,0.0
A-186a44,Company_101,HealthTech,US,07-08-2023,ads,Enterprise,20,False,0,S-fec1cd,A-186a44,04-12-2024,31-12-2026,Enterprise,20,3980,47760,False,True,False,False,monthly,False,29.0,7080.0,1.0,A-186a44,7.0,2.0,0.0
A-186a44,Company_101,HealthTech,US,07-08-2023,ads,Enterprise,20,False,0,S-816354,A-186a44,20-05-2024,31-12-2026,Pro,20,0,0,True,False,False,False,monthly,True,40.0,11826.0,6.0,A-186a44,7.0,2.0,0.0
A-186a44,Company_101,HealthTech,US,07-08-2023,ads,Enterprise,20,False,0,S-94b283,A-186a44,28-10-2024,31-12-2026,Basic,20,0,0,True,False,False,False,monthly,True,75.0,28919.0,7.0,A-186a44,7.0,2.0,0.0
A-186a44,Company_101,HealthTech,US,07-08-2023,ads,Enterprise,20,False,0,S-1c23d2,A-186a44,14-11-2024,31-12-2026,Pro,20,0,0,True,False,False,False,monthly,True,30.0,8742.0,2.0,A-186a44,7.0,2.0,0.0
A-186a44,Company_101,HealthTech,US,07-08-2023,ads,Enterprise,20,False,0,S-23ae3c,A-186a44,03-08-2024,31-12-2026,Enterprise,24,4776,57312,False,False,False,False,monthly,True,47.0,14095.0,1.0,A-186a44,7.0,2.0,0.0
A-186a44,Company_101,HealthTech,US,07-08-2023,ads,Enterprise,20,False,0,S-f77847,A-186a44,23-08-2023,31-12-2026,Basic,20,380,4560,False,False,True,False,annual,True,65.0,22883.0,0.0,A-186a44,7.0,2.0,0.0
A-186a44,Company_101,HealthTech,US,07-08-2023,ads,Enterprise,20,False,0,S-66106d,A-186a44,02-11-2024,31-12-2026,Enterprise,20,0,0,True,False,False,False,monthly,False,55.0,15944.0,0.0,A-186a44,7.0,2.0,0.0
A-186a44,Company_101,HealthTech,US,07-08-2023,ads,Enterprise,20,False,0,S-e1db7e,A-186a44,13-03-2024,31-12-2026,Basic,20,380,4560,False,False,False,False,annual,True,27.0,9134.0,0.0,A-186a44,7.0,2.0,0.0
A-186a44,Company_101,HealthTech,US,07-08-2023,ads,Enterprise,20,False,0,S-bd2ab2,A-186a44,23-11-2024,31-12-2026,Enterprise,47,9353,112236,False,False,False,False,annual,True,20.0,5140.0,0.0,A-186a44,7.0,2.0,0.0
A-e888d1,Company_102,Cybersecurity,US,28-03-2023,other,Pro,14,False,0,S-534c28,A-e888d1,16-09-2024,31-12-2026,Basic,14,266,3192,False,False,False,False,monthly,True,79.0,11673.0,2.0,A-e888d1,5.0,2.4,1.0
A-e888d1,Company_102,Cybersecurity,US,28-03-2023,other,Pro,14,False,0,S-c24467,A-e888d1,05-07-2023,31-12-2026,Basic,50,0,0,True,False,False,False,monthly,False,11.0,4774.0,0.0,A-e888d1,5.0,2.4,1.0
A-e888d1,Company_102,Cybersecurity,US,28-03-2023,other,Pro,14,False,0,S-f243c1,A-e888d1,12-03-2024,28-12-2024,Pro,14,0,0,True,False,False,True,annual,True,72.0,26068.0,6.0,A-e888d1,5.0,2.4,1.0
A-e888d1,Company_102,Cybersecurity,US,28-03-2023,other,Pro,14,False,0,S-80c296,A-e888d1,19-12-2024,31-12-2026,Pro,17,833,9996,False,False,False,False,monthly,True,21.0,7589.0,8.0,A-e888d1,5.0,2.4,1.0
A-e888d1,Company_102,Cybersecurity,US,28-03-2023,other,Pro,14,False,0,S-339fce,A-e888d1,26-11-2024,31-12-2026,Pro,14,686,8232,False,False,False,False,monthly,True,0.0,0.0,0.0,A-e888d1,5.0,2.4,1.0
A-e888d1,Company_102,Cybersecurity,US,28-03-2023,other,Pro,14,False,0,S-2dbf11,A-e888d1,25-05-2024,31-12-2026,Pro,14,686,8232,False,False,False,False,annual,True,57.0,16858.0,5.0,A-e888d1,5.0,2.4,1.0
A-e888d1,Company_102,Cybersecurity,US,28-03-2023,other,Pro,14,False,0,S-a94f54,A-e888d1,04-09-2023,12-05-2024,Enterprise,16,3184,38208,False,True,False,True,monthly,True,91.0,25908.0,2.0,A-e888d1,5.0,2.4,1.0
A-e888d1,Company_102,Cybersecurity,US,28-03-2023,other,Pro,14,False,0,S-65b963,A-e888d1,04-03-2024,31-12-2026,Basic,22,0,0,True,False,False,False,monthly,True,43.0,14547.0,3.0,A-e888d1,5.0,2.4,1.0
A-e888d1,Company_102,Cybersecurity,US,28-03-2023,other,Pro,14,False,0,S-0a01c5,A-e888d1,05-08-2023,31-12-2026,Enterprise,16,3184,38208,False,False,False,False,monthly,False,35.0,7987.0,5.0,A-e888d1,5.0,2.4,1.0
A-e888d1,Company_102,Cybersecurity,US,28-03-2023,other,Pro,14,False,0,S-56c23b,A-e888d1,31-10-2024,31-12-2026,Enterprise,19,3781,45372,False,False,False,False,annual,False,92.0,25204.0,5.0,A-e888d1,5.0,2.4,1.0
A-e888d1,Company_102,Cybersecurity,US,28-03-2023,other,Pro,14,False,0,S-6ca9be,A-e888d1,11-05-2023,31-12-2026,Basic,54,1026,12312,False,False,False,False,annual,True,51.0,17479.0,0.0,A-e888d1,5.0,2.4,1.0
A-69fad4,Company_103,FinTech,UK,06-04-2023,ads,Basic,6,False,1,S-2d4edf,A-69fad4,04-09-2023,31-12-2026,Enterprise,6,1194,14328,False,False,False,False,annual,False,45.0,13473.0,1.0,A-69fad4,4.0,2.75,0.0
A-69fad4,Company_103,FinTech,UK,06-04-2023,ads,Basic,6,False,1,S-fffeb8,A-69fad4,17-12-2023,31-12-2026,Enterprise,10,1990,23880,False,False,False,False,annual,True,48.0,13808.0,8.0,A-69fad4,4.0,2.75,0.0
A-69fad4,Company_103,FinTech,UK,06-04-2023,ads,Basic,6,False,1,S-1d63bf,A-69fad4,01-02-2024,19-08-2024,Enterprise,22,4378,52536,False,False,False,True,monthly,True,85.0,22314.0,3.0,A-69fad4,4.0,2.75,0.0
A-69fad4,Company_103,FinTech,UK,06-04-2023,ads,Basic,6,False,1,S-b90a53,A-69fad4,10-02-2024,31-12-2026,Basic,11,209,2508,False,False,False,False,annual,True,16.0,2600.0,0.0,A-69fad4,4.0,2.75,0.0
A-69fad4,Company_103,FinTech,UK,06-04-2023,ads,Basic,6,False,1,S-3eb9c8,A-69fad4,07-09-2023,11-02-2024,Basic,35,665,7980,False,False,False,True,monthly,True,30.0,14542.0,1.0,A-69fad4,4.0,2.75,0.0
A-69fad4,Company_103,FinTech,UK,06-04-2023,ads,Basic,6,False,1,S-e0179e,A-69fad4,24-03-2024,31-12-2026,Pro,13,0,0,True,False,False,False,monthly,True,95.0,26118.0,8.0,A-69fad4,4.0,2.75,0.0
A-69fad4,Company_103,FinTech,UK,06-04-2023,ads,Basic,6,False,1,S-23281c,A-69fad4,24-07-2023,31-12-2026,Basic,15,285,3420,False,False,False,False,monthly,True,93.0,31791.0,3.0,A-69fad4,4.0,2.75,0.0
A-9289f6,Company_104,EdTech,US,31-05-2023,event,Enterprise,1,False,0,S-95d15a,A-9289f6,05-12-2024,31-12-2026,Basic,13,247,2964,False,False,False,False,annual,True,93.0,35617.0,4.0,A-9289f6,6.0,2.1666666666666665,0.0
A-9289f6,Company_104,EdTech,US,31-05-2023,event,Enterprise,1,False,0,S-e768c6,A-9289f6,08-07-2023,31-12-2026,Basic,22,418,5016,False,False,False,False,annual,True,45.0,8529.0,4.0,A-9289f6,6.0,2.1666666666666665,0.0
A-9289f6,Company_104,EdTech,US,31-05-2023,event,Enterprise,1,False,0,S-ae20d8,A-9289f6,04-07-2023,09-07-2023,Basic,12,228,2736,False,True,False,True,annual,True,33.0,10091.0,0.0,A-9289f6,6.0,2.1666666666666665,0.0
A-9289f6,Company_104,EdTech,US,31-05-2023,event,Enterprise,1,False,0,S-adbb41,A-9289f6,11-12-2024,31-12-2026,Enterprise,24,0,0,True,False,False,False,annual,False,109.0,29609.0,5.0,A-9289f6,6.0,2.1666666666666665,0.0
A-9289f6,Company_104,EdTech,US,31-05-2023,event,Enterprise,1,False,0,S-9a41e6,A-9289f6,14-03-2024,31-12-2026,Enterprise,10,1990,23880,False,False,False,False,annual,True,26.0,12448.0,6.0,A-9289f6,6.0,2.1666666666666665,0.0
A-9289f6,Company_104,EdTech,US,31-05-2023,event,Enterprise,1,False,0,S-c58ed5,A-9289f6,08-04-2024,31-12-2026,Pro,32,1568,18816,False,False,False,False,annual,True,64.0,22494.0,2.0,A-9289f6,6.0,2.1666666666666665,0.0
A-9289f6,Company_104,EdTech,US,31-05-2023,event,Enterprise,1,False,0,S-c99814,A-9289f6,05-03-2024,31-12-2026,Pro,81,3969,47628,False,False,False,False,monthly,True,59.0,15887.0,4.0,A-9289f6,6.0,2.1666666666666665,0.0
A-9289f6,Company_104,EdTech,US,31-05-2023,event,Enterprise,1,False,0,S-e77d56,A-9289f6,06-12-2023,31-12-2026,Basic,1,19,228,False,False,False,False,monthly,True,32.0,6559.0,3.0,A-9289f6,6.0,2.1666666666666665,0.0
A-9289f6,Company_104,EdTech,US,31-05-2023,event,Enterprise,1,False,0,S-294d8b,A-9289f6,15-09-2024,31-12-2026,Enterprise,17,3383,40596,False,False,False,False,monthly,True,59.0,18037.0,3.0,A-9289f6,6.0,2.1666666666666665,0.0
A-9289f6,Company_104,EdTech,US,31-05-2023,event,Enterprise,1,False,0,S-c1446e,A-9289f6,15-11-2023,31-12-2026,Enterprise,22,0,0,True,False,False,False,monthly,True,40.0,15520.0,4.0,A-9289f6,6.0,2.1666666666666665,0.0
A-9289f6,Company_104,EdTech,US,31-05-2023,event,Enterprise,1,False,0,S-b81c82,A-9289f6,17-12-2024,31-12-2026,Pro,25,1225,14700,False,True,False,False,annual,False,30.0,10481.0,2.0,A-9289f6,6.0,2.1666666666666665,0.0
A-9289f6,Company_104,EdTech,US,31-05-2023,event,Enterprise,1,False,0,S-34512a,A-9289f6,22-11-2024,31-12-2026,Pro,1,49,588,False,False,False,False,monthly,True,52.0,15103.0,1.0,A-9289f6,6.0,2.1666666666666665,0.0
A-f19409,Company_105,DevTools,US,16-03-2023,other,Basic,23,False,1,S-85796b,A-f19409,27-08-2024,31-10-2024,Enterprise,23,4577,54924,False,False,False,True,monthly,True,76.0,29613.0,3.0,A-f19409,3.0,1.3333333333333333,0.0
A-f19409,Company_105,DevTools,US,16-03-2023,other,Basic,23,False,1,S-07abdd,A-f19409,26-09-2023,31-12-2026,Pro,34,1666,19992,False,False,False,False,annual,True,92.0,37782.0,1.0,A-f19409,3.0,1.3333333333333333,0.0
A-f19409,Company_105,DevTools,US,16-03-2023,other,Basic,23,False,1,S-2e55e6,A-f19409,20-12-2024,31-12-2026,Basic,35,665,7980,False,False,False,False,annual,False,50.0,21236.0,2.0,A-f19409,3.0,1.3333333333333333,0.0
A-f19409,Company_105,DevTools,US,16-03-2023,other,Basic,23,False,1,S-34f2f9,A-f19409,16-09-2024,31-12-2026,Enterprise,23,4577,54924,False,False,False,False,annual,True,99.0,25178.0,5.0,A-f19409,3.0,1.3333333333333333,0.0
A-f19409,Company_105,DevTools,US,16-03-2023,other,Basic,23,False,1,S-d80516,A-f19409,22-04-2023,31-12-2026,Pro,44,2156,25872,False,True,False,False,annual,True,27.0,9859.0,1.0,A-f19409,3.0,1.3333333333333333,0.0
A-f19409,Company_105,DevTools,US,16-03-2023,other,Basic,23,False,1,S-8ca516,A-f19409,21-09-2024,31-12-2026,Pro,23,1127,13524,False,False,False,False,annual,True,35.0,14828.0,3.0,A-f19409,3.0,1.3333333333333333,0.0
A-f19409,Company_105,DevTools,US,16-03-2023,other,Basic,23,False,1,S-70a554,A-f19409,09-08-2023,31-12-2026,Enterprise,23,4577,54924,False,False,False,False,annual,True,31.0,6667.0,3.0,A-f19409,3.0,1.3333333333333333,0.0
A-f19409,Company_105,DevTools,US,16-03-2023,other,Basic,23,False,1,S-f9e5e9,A-f19409,27-10-2024,31-12-2026,Pro,23,1127,13524,False,False,False,False,annual,True,42.0,13910.0,4.0,A-f19409,3.0,1.3333333333333333,0.0
A-f19409,Company_105,DevTools,US,16-03-2023,other,Basic,23,False,1,S-8fd98a,A-f19409,08-04-2024,31-12-2026,Enterprise,40,7960,95520,False,False,False,False,monthly,True,68.0,13389.0,4.0,A-f19409,3.0,1.3333333333333333,0.0
A-f19409,Company_105,DevTools,US,16-03-2023,other,Basic,23,False,1,S-2fd379,A-f19409,12-06-2024,31-12-2026,Basic,28,0,0,True,True,False,False,annual,True,54.0,17114.0,2.0,A-f19409,3.0,1.3333333333333333,0.0
A-f19409,Company_105,DevTools,US,16-03-2023,other,Basic,23,False,1,S-4984e3,A-f19409,20-10-2024,31-12-2026,Enterprise,23,4577,54924,False,False,False,False,monthly,True,46.0,9051.0,0.0,A-f19409,3.0,1.3333333333333333,0.0
A-f19409,Company_105,DevTools,US,16-03-2023,other,Basic,23,False,1,S-cdf835,A-f19409,17-04-2024,31-12-2026,Pro,23,1127,13524,False,False,False,False,monthly,False,39.0,11185.0,3.0,A-f19409,3.0,1.3333333333333333,0.0
A-22f2df,Company_106,DevTools,US,14-12-2024,ads,Basic,3,False,0,S-335e1e,A-22f2df,24-12-2024,31-12-2026,Pro,40,1960,23520,False,False,False,False,monthly,True,84.0,29179.0,0.0,A-22f2df,5.0,1.0,0.0
A-22f2df,Company_106,DevTools,US,14-12-2024,ads,Basic,3,False,0,S-270e94,A-22f2df,21-12-2024,31-12-2026,Basic,6,114,1368,False,True,False,False,annual,True,43.0,11970.0,4.0,A-22f2df,5.0,1.0,0.0
A-22f2df,Company_106,DevTools,US,14-12-2024,ads,Basic,3,False,0,S-47cfb3,A-22f2df,30-12-2024,31-12-2026,Basic,11,209,2508,False,False,False,False,annual,True,81.0,25299.0,3.0,A-22f2df,5.0,1.0,0.0
A-22f2df,Company_106,DevTools,US,14-12-2024,ads,Basic,3,False,0,S-a91e0c,A-22f2df,29-12-2024,31-12-2026,Enterprise,5,995,11940,False,False,True,False,monthly,True,24.0,6488.0,1.0,A-22f2df,5.0,1.0,0.0
A-22f2df,Company_106,DevTools,US,14-12-2024,ads,Basic,3,False,0,S-bfe8ca,A-22f2df,22-12-2024,31-12-2026,Pro,61,2989,35868,False,False,False,False,annual,True,48.0,13160.0,0.0,A-22f2df,5.0,1.0,0.0
A-22f2df,Company_106,DevTools,US,14-12-2024,ads,Basic,3,False,0,S-2a6c1f,A-22f2df,16-12-2024,31-12-2026,Basic,3,57,684,False,False,False,False,annual,True,35.0,9609.0,2.0,A-22f2df,5.0,1.0,0.0
A-22f2df,Company_106,DevTools,US,14-12-2024,ads,Basic,3,False,0,S-c847dc,A-22f2df,26-12-2024,31-12-2026,Pro,6,0,0,True,False,False,False,annual,False,57.0,9802.0,2.0,A-22f2df,5.0,1.0,0.0
A-22f2df,Company_106,DevTools,US,14-12-2024,ads,Basic,3,False,0,S-ae7a5d,A-22f2df,21-12-2024,31-12-2026,Pro,15,735,8820,False,False,False,False,annual,True,35.0,5278.0,1.0,A-22f2df,5.0,1.0,0.0
A-22f2df,Company_106,DevTools,US,14-12-2024,ads,Basic,3,False,0,S-a892fd,A-22f2df,27-12-2024,31-12-2026,Pro,8,392,4704,False,False,False,False,monthly,False,22.0,8342.0,4.0,A-22f2df,5.0,1.0,0.0
A-039727,Company_107,EdTech,AU,02-11-2024,organic,Pro,25,False,0,S-e6a17a,A-039727,19-12-2024,30-12-2024,Enterprise,25,4975,59700,False,True,False,True,annual,True,75.0,26857.0,2.0,0,0.0,0.0,0.0
A-039727,Company_107,EdTech,AU,02-11-2024,organic,Pro,25,False,0,S-a575f5,A-039727,09-12-2024,31-12-2026,Basic,25,475,5700,False,False,False,False,annual,True,57.0,15090.0,3.0,0,0.0,0.0,0.0
A-039727,Company_107,EdTech,AU,02-11-2024,organic,Pro,25,False,0,S-bd9394,A-039727,28-11-2024,31-12-2026,Enterprise,64,0,0,True,True,False,False,annual,False,46.0,12033.0,2.0,0,0.0,0.0,0.0
A-039727,Company_107,EdTech,AU,02-11-2024,organic,Pro,25,False,0,S-65491f,A-039727,12-11-2024,31-12-2026,Pro,25,1225,14700,False,False,False,False,monthly,False,48.0,14741.0,6.0,0,0.0,0.0,0.0
A-039727,Company_107,EdTech,AU,02-11-2024,organic,Pro,25,False,0,S-a6285f,A-039727,08-12-2024,31-12-2026,Enterprise,30,5970,71640,False,False,False,False,annual,True,65.0,24251.0,1.0,0,0.0,0.0,0.0
A-039727,Company_107,EdTech,AU,02-11-2024,organic,Pro,25,False,0,S-d81959,A-039727,10-11-2024,31-12-2026,Basic,25,475,5700,False,False,False,False,annual,True,51.0,16185.0,1.0,0,0.0,0.0,0.0
A-039727,Company_107,EdTech,AU,02-11-2024,organic,Pro,25,False,0,S-0ec903,A-039727,18-12-2024,31-12-2026,Basic,25,475,5700,False,False,False,False,annual,True,27.0,9084.0,2.0,0,0.0,0.0,0.0
A-039727,Company_107,EdTech,AU,02-11-2024,organic,Pro,25,False,0,S-6da42f,A-039727,30-11-2024,31-12-2026,Pro,25,1225,14700,False,True,True,False,monthly,True,36.0,12384.0,2.0,0,0.0,0.0,0.0
A-039727,Company_107,EdTech,AU,02-11-2024,organic,Pro,25,False,0,S-574b52,A-039727,15-11-2024,31-12-2026,Enterprise,25,4975,59700,False,False,False,False,monthly,True,95.0,28737.0,4.0,0,0.0,0.0,0.0
A-039727,Company_107,EdTech,AU,02-11-2024,organic,Pro,25,False,0,S-864157,A-039727,15-12-2024,31-12-2026,Pro,25,1225,14700,False,False,False,False,annual,True,45.0,18982.0,1.0,0,0.0,0.0,0.0
A-039727,Company_107,EdTech,AU,02-11-2024,organic,Pro,25,False,0,S-19465f,A-039727,12-11-2024,31-12-2026,Basic,25,475,5700,False,False,False,False,monthly,True,38.0,15481.0,2.0,0,0.0,0.0,0.0
A-039727,Company_107,EdTech,AU,02-11-2024,organic,Pro,25,False,0,S-9de4eb,A-039727,06-12-2024,31-12-2026,Enterprise,25,4975,59700,False,False,False,False,monthly,True,38.0,6741.0,1.0,0,0.0,0.0,0.0
A-039727,Company_107,EdTech,AU,02-11-2024,organic,Pro,25,False,0,S-ed55d2,A-039727,07-11-2024,31-12-2026,Enterprise,25,4975,59700,False,False,False,False,annual,True,77.0,24624.0,4.0,0,0.0,0.0,0.0
A-039727,Company_107,EdTech,AU,02-11-2024,organic,Pro,25,False,0,S-f66b5d,A-039727,07-12-2024,31-12-2026,Enterprise,25,0,0,True,False,False,False,annual,False,17.0,8344.0,0.0,0,0.0,0.0,0.0
A-039727,Company_107,EdTech,AU,02-11-2024,organic,Pro,25,False,0,S-7079c2,A-039727,15-12-2024,31-12-2026,Enterprise,25,4975,59700,False,False,True,False,annual,True,53.0,16011.0,1.0,0,0.0,0.0,0.0
A-2e3bad,Company_108,FinTech,CA,13-08-2023,other,Pro,61,False,0,S-3bd427,A-2e3bad,04-12-2024,27-12-2024,Basic,61,1159,13908,False,False,False,True,monthly,True,29.0,8277.0,0.0,A-2e3bad,5.0,1.4,0.0
A-2e3bad,Company_108,FinTech,CA,13-08-2023,other,Pro,61,False,0,S-9d36ff,A-2e3bad,11-03-2024,31-12-2026,Enterprise,61,0,0,True,False,False,False,monthly,True,34.0,7498.0,4.0,A-2e3bad,5.0,1.4,0.0
A-2e3bad,Company_108,FinTech,CA,13-08-2023,other,Pro,61,False,0,S-1f4db5,A-2e3bad,29-09-2024,31-12-2026,Enterprise,61,12139,145668,False,False,False,False,annual,True,72.0,21322.0,0.0,A-2e3bad,5.0,1.4,0.0
A-2e3bad,Company_108,FinTech,CA,13-08-2023,other,Pro,61,False,0,S-cf72c8,A-2e3bad,27-10-2024,31-12-2026,Basic,61,1159,13908,False,False,False,False,annual,True,63.0,17568.0,3.0,A-2e3bad,5.0,1.4,0.0
A-2e3bad,Company_108,FinTech,CA,13-08-2023,other,Pro,61,False,0,S-bfd04c,A-2e3bad,03-04-2024,31-12-2026,Basic,61,1159,13908,False,False,False,False,monthly,False,33.0,7381.0,0.0,A-2e3bad,5.0,1.4,0.0
A-2e3bad,Company_108,FinTech,CA,13-08-2023,other,Pro,61,False,0,S-e4b79e,A-2e3bad,06-01-2024,31-12-2026,Pro,61,2989,35868,False,False,False,False,annual,False,35.0,9643.0,6.0,A-2e3bad,5.0,1.4,0.0
A-2e3bad,Company_108,FinTech,CA,13-08-2023,other,Pro,61,False,0,S-5fea89,A-2e3bad,19-08-2023,31-12-2026,Enterprise,61,12139,145668,False,False,False,False,monthly,True,41.0,11556.0,6.0,A-2e3bad,5.0,1.4,0.0
A-2e3bad,Company_108,FinTech,CA,13-08-2023,other,Pro,61,False,0,S-8eab5b,A-2e3bad,14-01-2024,01-03-2024,Pro,61,2989,35868,False,False,False,True,annual,True,38.0,7291.0,5.0,A-2e3bad,5.0,1.4,0.0
A-2e3bad,Company_108,FinTech,CA,13-08-2023,other,Pro,61,False,0,S-02984e,A-2e3bad,21-06-2024,31-12-2026,Enterprise,61,12139,145668,False,False,False,False,annual,True,54.0,20382.0,0.0,A-2e3bad,5.0,1.4,0.0
A-2e3bad,Company_108,FinTech,CA,13-08-2023,other,Pro,61,False,0,S-42bbe0,A-2e3bad,09-10-2024,31-12-2026,Basic,61,0,0,True,False,False,False,annual,True,36.0,12820.0,2.0,A-2e3bad,5.0,1.4,0.0
A-484819,Company_109,HealthTech,US,21-02-2023,organic,Pro,18,False,0,S-5bf2e5,A-484819,31-07-2024,31-12-2026,Basic,22,418,5016,False,False,False,False,annual,True,59.0,18925.0,2.0,A-484819,5.0,1.8,0.0
A-484819,Company_109,HealthTech,US,21-02-2023,organic,Pro,18,False,0,S-709f67,A-484819,27-05-2023,31-12-2026,Enterprise,18,3582,42984,False,False,False,False,annual,True,46.0,22037.0,0.0,A-484819,5.0,1.8,0.0
A-484819,Company_109,HealthTech,US,21-02-2023,organic,Pro,18,False,0,S-34f8ad,A-484819,22-05-2024,31-12-2026,Basic,18,342,4104,False,False,False,False,annual,True,56.0,21835.0,5.0,A-484819,5.0,1.8,0.0
A-484819,Company_109,HealthTech,US,21-02-2023,organic,Pro,18,False,0,S-18f80d,A-484819,23-02-2023,31-12-2026,Enterprise,18,3582,42984,False,False,False,False,annual,True,33.0,9378.0,3.0,A-484819,5.0,1.8,0.0
A-484819,Company_109,HealthTech,US,21-02-2023,organic,Pro,18,False,0,S-ac8fd3,A-484819,13-11-2024,31-12-2026,Enterprise,18,3582,42984,False,True,False,False,monthly,True,35.0,13939.0,3.0,A-484819,5.0,1.8,0.0
A-484819,Company_109,HealthTech,US,21-02-2023,organic,Pro,18,False,0,S-fef8bf,A-484819,01-01-2024,31-12-2026,Enterprise,18,3582,42984,False,False,False,False,annual,True,44.0,14198.0,3.0,A-484819,5.0,1.8,0.0
A-484819,Company_109,HealthTech,US,21-02-2023,organic,Pro,18,False,0,S-5228d6,A-484819,30-05-2024,05-08-2024,Enterprise,26,5174,62088,False,True,False,True,annual,False,63.0,15764.0,4.0,A-484819,5.0,1.8,0.0
A-484819,Company_109,HealthTech,US,21-02-2023,organic,Pro,18,False,0,S-b27c39,A-484819,02-06-2023,03-07-2024,Basic,18,342,4104,False,True,False,True,monthly,True,0.0,0.0,0.0,A-484819,5.0,1.8,0.0
A-425e76,Company_110,DevTools,UK,17-05-2023,other,Enterprise,8,False,1,S-6d356a,A-425e76,26-06-2023,31-12-2026,Basic,28,532,6384,False,False,False,False,annual,False,63.0,25416.0,3.0,A-425e76,5.0,2.0,1.0
A-425e76,Company_110,DevTools,UK,17-05-2023,other,Enterprise,8,False,1,S-2196c4,A-425e76,16-04-2024,31-12-2026,Basic,8,152,1824,False,False,False,False,monthly,True,30.0,6102.0,0.0,A-425e76,5.0,2.0,1.0
A-425e76,Company_110,DevTools,UK,17-05-2023,other,Enterprise,8,False,1,S-18b808,A-425e76,13-08-2024,31-12-2026,Enterprise,9,1791,21492,False,False,False,False,annual,True,24.0,7200.0,6.0,A-425e76,5.0,2.0,1.0
A-425e76,Company_110,DevTools,UK,17-05-2023,other,Enterprise,8,False,1,S-12ca50,A-425e76,21-06-2023,31-12-2026,Enterprise,8,1592,19104,False,True,False,False,monthly,True,40.0,8444.0,2.0,A-425e76,5.0,2.0,1.0
A-425e76,Company_110,DevTools,UK,17-05-2023,other,Enterprise,8,False,1,S-f7f6d7,A-425e76,07-05-2024,31-12-2026,Basic,14,266,3192,False,False,False,False,monthly,True,11.0,671.0,0.0,A-425e76,5.0,2.0,1.0
A-425e76,Company_110,DevTools,UK,17-05-2023,other,Enterprise,8,False,1,S-3e0382,A-425e76,24-05-2024,31-12-2026,Basic,27,513,6156,False,False,False,False,monthly,True,0.0,0.0,0.0,A-425e76,5.0,2.0,1.0
A-425e76,Company_110,DevTools,UK,17-05-2023,other,Enterprise,8,False,1,S-b45bc6,A-425e76,18-08-2023,01-11-2023,Enterprise,32,6368,76416,False,False,False,True,monthly,True,61.0,18506.0,3.0,A-425e76,5.0,2.0,1.0
A-425e76,Company_110,DevTools,UK,17-05-2023,other,Enterprise,8,False,1,S-77f7fd,A-425e76,06-08-2024,31-12-2026,Pro,27,1323,15876,False,False,False,False,monthly,True,53.0,12409.0,5.0,A-425e76,5.0,2.0,1.0
A-425e76,Company_110,DevTools,UK,17-05-2023,other,Enterprise,8,False,1,S-0d8293,A-425e76,18-11-2023,31-12-2026,Pro,71,3479,41748,False,False,False,False,monthly,True,80.0,25432.0,2.0,A-425e76,5.0,2.0,1.0
A-425e76,Company_110,DevTools,UK,17-05-2023,other,Enterprise,8,False,1,S-2d3434,A-425e76,22-07-2023,31-12-2026,Pro,8,392,4704,False,False,False,False,annual,True,47.0,18658.0,1.0,A-425e76,5.0,2.0,1.0
A-425e76,Company_110,DevTools,UK,17-05-2023,other,Enterprise,8,False,1,S-25f647,A-425e76,10-07-2024,31-12-2026,Basic,37,703,8436,False,False,False,False,monthly,True,29.0,13581.0,2.0,A-425e76,5.0,2.0,1.0
A-e83938,Company_111,DevTools,UK,21-11-2023,other,Pro,2,True,1,S-af41f0,A-e83938,27-06-2024,31-12-2026,Basic,2,38,456,False,False,False,False,annual,False,14.0,6448.0,3.0,A-e83938,4.0,0.75,0.0
A-e83938,Company_111,DevTools,UK,21-11-2023,other,Pro,2,True,1,S-9b1f0e,A-e83938,16-07-2024,31-12-2026,Pro,2,98,1176,False,True,False,False,annual,True,27.0,12513.0,0.0,A-e83938,4.0,0.75,0.0
A-e83938,Company_111,DevTools,UK,21-11-2023,other,Pro,2,True,1,S-134753,A-e83938,08-02-2024,31-12-2026,Enterprise,16,3184,38208,False,True,False,False,monthly,True,45.0,8718.0,3.0,A-e83938,4.0,0.75,0.0
A-e83938,Company_111,DevTools,UK,21-11-2023,other,Pro,2,True,1,S-92d873,A-e83938,25-04-2024,31-12-2026,Enterprise,13,0,0,True,False,False,False,monthly,True,35.0,11427.0,0.0,A-e83938,4.0,0.75,0.0
A-e83938,Company_111,DevTools,UK,21-11-2023,other,Pro,2,True,1,S-caca4f,A-e83938,06-12-2024,31-12-2026,Basic,54,1026,12312,False,False,False,False,annual,False,41.0,9930.0,2.0,A-e83938,4.0,0.75,0.0
A-e83938,Company_111,DevTools,UK,21-11-2023,other,Pro,2,True,1,S-4d8633,A-e83938,17-07-2024,31-12-2026,Pro,31,1519,18228,False,False,False,False,monthly,True,16.0,6783.0,4.0,A-e83938,4.0,0.75,0.0
A-e83938,Company_111,DevTools,UK,21-11-2023,other,Pro,2,True,1,S-0e526f,A-e83938,26-06-2024,31-12-2026,Pro,5,245,2940,False,False,False,False,annual,True,33.0,10153.0,1.0,A-e83938,4.0,0.75,0.0
A-e83938,Company_111,DevTools,UK,21-11-2023,other,Pro,2,True,1,S-467016,A-e83938,28-11-2024,31-12-2026,Enterprise,7,1393,16716,False,False,False,False,monthly,True,55.0,21277.0,5.0,A-e83938,4.0,0.75,0.0
A-ad296b,Company_112,DevTools,AU,15-07-2024,event,Pro,38,False,0,S-0f0d3a,A-ad296b,16-11-2024,20-11-2024,Basic,38,722,8664,False,False,False,True,annual,True,8.0,4426.0,0.0,A-ad296b,3.0,3.6666666666666665,1.0
A-ad296b,Company_112,DevTools,AU,15-07-2024,event,Pro,38,False,0,S-0bd442,A-ad296b,08-08-2024,31-12-2026,Enterprise,38,7562,90744,False,False,False,False,monthly,True,32.0,8810.0,3.0,A-ad296b,3.0,3.6666666666666665,1.0
A-ad296b,Company_112,DevTools,AU,15-07-2024,event,Pro,38,False,0,S-22e21a,A-ad296b,18-09-2024,31-12-2026,Enterprise,38,7562,90744,False,False,False,False,annual,True,19.0,8014.0,4.0,A-ad296b,3.0,3.6666666666666665,1.0
A-ad296b,Company_112,DevTools,AU,15-07-2024,event,Pro,38,False,0,S-57019e,A-ad296b,23-07-2024,31-12-2026,Pro,38,0,0,True,False,False,False,annual,True,55.0,17548.0,1.0,A-ad296b,3.0,3.6666666666666665,1.0
A-ad296b,Company_112,DevTools,AU,15-07-2024,event,Pro,38,False,0,S-ddc51c,A-ad296b,09-12-2024,31-12-2026,Pro,38,1862,22344,False,False,False,False,annual,True,111.0,42511.0,3.0,A-ad296b,3.0,3.6666666666666665,1.0
A-ad296b,Company_112,DevTools,AU,15-07-2024,event,Pro,38,False,0,S-61797c,A-ad296b,25-07-2024,31-12-2026,Basic,38,722,8664,False,False,False,False,annual,True,69.0,22496.0,1.0,A-ad296b,3.0,3.6666666666666665,1.0
A-e51ec7,Company_113,FinTech,CA,23-09-2023,partner,Enterprise,2,False,0,S-f80ef5,A-e51ec7,22-03-2024,31-12-2026,Basic,5,0,0,True,False,False,False,annual,True,29.0,8410.0,1.0,A-e51ec7,3.0,1.6666666666666667,0.0
A-e51ec7,Company_113,FinTech,CA,23-09-2023,partner,Enterprise,2,False,0,S-d5d8ef,A-e51ec7,11-10-2024,31-12-2026,Enterprise,83,16517,198204,False,False,False,False,monthly,False,16.0,6352.0,0.0,A-e51ec7,3.0,1.6666666666666667,0.0
A-e51ec7,Company_113,FinTech,CA,23-09-2023,partner,Enterprise,2,False,0,S-7730b1,A-e51ec7,01-05-2024,31-12-2026,Pro,4,196,2352,False,False,False,False,annual,True,71.0,10959.0,2.0,A-e51ec7,3.0,1.6666666666666667,0.0
A-e51ec7,Company_113,FinTech,CA,23-09-2023,partner,Enterprise,2,False,0,S-a5cf6d,A-e51ec7,27-11-2023,31-12-2026,Enterprise,25,4975,59700,False,False,True,False,monthly,True,52.0,26522.0,6.0,A-e51ec7,3.0,1.6666666666666667,0.0
A-e51ec7,Company_113,FinTech,CA,23-09-2023,partner,Enterprise,2,False,0,S-f71bb0,A-e51ec7,18-04-2024,31-12-2026,Enterprise,2,398,4776,False,True,False,False,annual,False,75.0,27913.0,0.0,A-e51ec7,3.0,1.6666666666666667,0.0
A-e51ec7,Company_113,FinTech,CA,23-09-2023,partner,Enterprise,2,False,0,S-2852dd,A-e51ec7,19-12-2024,31-12-2026,Enterprise,10,1990,23880,False,False,False,False,monthly,True,41.0,5707.0,3.0,A-e51ec7,3.0,1.6666666666666667,0.0
A-e51ec7,Company_113,FinTech,CA,23-09-2023,partner,Enterprise,2,False,0,S-916cca,A-e51ec7,04-10-2024,31-10-2024,Basic,3,0,0,True,True,False,True,annual,True,84.0,25673.0,4.0,A-e51ec7,3.0,1.6666666666666667,0.0
A-e51ec7,Company_113,FinTech,CA,23-09-2023,partner,Enterprise,2,False,0,S-a3455c,A-e51ec7,16-09-2024,31-12-2026,Enterprise,2,0,0,True,False,False,False,annual,True,49.0,15209.0,2.0,A-e51ec7,3.0,1.6666666666666667,0.0
A-0aaf6e,Company_114,FinTech,US,11-05-2024,organic,Enterprise,3,False,0,S-76c59f,A-0aaf6e,01-08-2024,31-12-2026,Basic,24,456,5472,False,False,False,False,annual,True,58.0,18748.0,2.0,A-0aaf6e,5.0,1.6,0.0
A-0aaf6e,Company_114,FinTech,US,11-05-2024,organic,Enterprise,3,False,0,S-52385a,A-0aaf6e,13-11-2024,31-12-2026,Basic,3,57,684,False,False,False,False,monthly,True,134.0,40948.0,5.0,A-0aaf6e,5.0,1.6,0.0
A-0aaf6e,Company_114,FinTech,US,11-05-2024,organic,Enterprise,3,False,0,S-e7d026,A-0aaf6e,25-12-2024,31-12-2026,Enterprise,88,17512,210144,False,False,False,False,annual,True,94.0,24865.0,4.0,A-0aaf6e,5.0,1.6,0.0
A-0aaf6e,Company_114,FinTech,US,11-05-2024,organic,Enterprise,3,False,0,S-b89305,A-0aaf6e,09-11-2024,31-12-2026,Basic,4,76,912,False,False,False,False,monthly,True,78.0,23489.0,7.0,A-0aaf6e,5.0,1.6,0.0
A-0aaf6e,Company_114,FinTech,US,11-05-2024,organic,Enterprise,3,False,0,S-4522a0,A-0aaf6e,16-07-2024,31-12-2026,Basic,18,0,0,True,False,False,False,annual,False,48.0,19256.0,3.0,A-0aaf6e,5.0,1.6,0.0
A-0aaf6e,Company_114,FinTech,US,11-05-2024,organic,Enterprise,3,False,0,S-a9952f,A-0aaf6e,18-08-2024,31-12-2026,Pro,11,0,0,True,False,False,False,monthly,True,62.0,19626.0,3.0,A-0aaf6e,5.0,1.6,0.0
A-0aaf6e,Company_114,FinTech,US,11-05-2024,organic,Enterprise,3,False,0,S-88d746,A-0aaf6e,26-12-2024,31-12-2026,Enterprise,18,3582,42984,False,False,False,False,monthly,True,47.0,9070.0,1.0,A-0aaf6e,5.0,1.6,0.0
A-0aaf6e,Company_114,FinTech,US,11-05-2024,organic,Enterprise,3,False,0,S-f15008,A-0aaf6e,07-12-2024,15-12-2024,Pro,12,588,7056,False,False,False,True,annual,False,50.0,8154.0,7.0,A-0aaf6e,5.0,1.6,0.0
A-0aaf6e,Company_114,FinTech,US,11-05-2024,organic,Enterprise,3,False,0,S-f97537,A-0aaf6e,16-06-2024,31-12-2026,Pro,37,1813,21756,False,False,False,False,monthly,False,28.0,8286.0,7.0,A-0aaf6e,5.0,1.6,0.0
A-e61e98,Company_115,FinTech,US,20-10-2023,partner,Enterprise,19,False,1,S-febd10,A-e61e98,05-01-2024,31-12-2026,Pro,32,0,0,True,False,False,False,annual,True,68.0,23084.0,2.0,A-e61e98,6.0,3.8333333333333335,1.0
A-e61e98,Company_115,FinTech,US,20-10-2023,partner,Enterprise,19,False,1,S-4d2392,A-e61e98,05-11-2023,31-12-2026,Pro,19,931,11172,False,True,False,False,monthly,False,50.0,14276.0,2.0,A-e61e98,6.0,3.8333333333333335,1.0
A-e61e98,Company_115,FinTech,US,20-10-2023,partner,Enterprise,19,False,1,S-927235,A-e61e98,15-01-2024,31-12-2026,Basic,19,361,4332,False,False,False,False,monthly,True,21.0,2256.0,1.0,A-e61e98,6.0,3.8333333333333335,1.0
A-e61e98,Company_115,FinTech,US,20-10-2023,partner,Enterprise,19,False,1,S-5178de,A-e61e98,06-12-2023,31-12-2026,Pro,40,1960,23520,False,False,False,False,annual,False,105.0,28917.0,3.0,A-e61e98,6.0,3.8333333333333335,1.0
A-e61e98,Company_115,FinTech,US,20-10-2023,partner,Enterprise,19,False,1,S-05b245,A-e61e98,01-09-2024,31-12-2026,Enterprise,34,6766,81192,False,False,False,False,annual,True,81.0,18547.0,3.0,A-e61e98,6.0,3.8333333333333335,1.0
A-e61e98,Company_115,FinTech,US,20-10-2023,partner,Enterprise,19,False,1,S-6b7487,A-e61e98,13-05-2024,31-12-2026,Pro,19,931,11172,False,True,False,False,annual,True,72.0,19126.0,10.0,A-e61e98,6.0,3.8333333333333335,1.0
A-e61e98,Company_115,FinTech,US,20-10-2023,partner,Enterprise,19,False,1,S-1d4aa3,A-e61e98,02-06-2024,31-12-2026,Basic,19,361,4332,False,False,False,False,monthly,True,26.0,1853.0,3.0,A-e61e98,6.0,3.8333333333333335,1.0
A-e61e98,Company_115,FinTech,US,20-10-2023,partner,Enterprise,19,False,1,S-f4e0a6,A-e61e98,31-08-2024,31-12-2026,Basic,19,361,4332,False,False,False,False,monthly,True,70.0,18256.0,1.0,A-e61e98,6.0,3.8333333333333335,1.0
A-e61e98,Company_115,FinTech,US,20-10-2023,partner,Enterprise,19,False,1,S-07e821,A-e61e98,09-11-2023,31-12-2026,Pro,37,1813,21756,False,False,False,False,monthly,True,34.0,5679.0,0.0,A-e61e98,6.0,3.8333333333333335,1.0
A-92a333,Company_116,FinTech,US,24-03-2023,event,Enterprise,9,False,0,S-195f9b,A-92a333,08-02-2024,31-12-2026,Pro,14,686,8232,False,False,False,False,annual,True,77.0,28028.0,8.0,A-92a333,4.0,0.0,1.0
A-92a333,Company_116,FinTech,US,24-03-2023,event,Enterprise,9,False,0,S-ec56f3,A-92a333,03-07-2024,31-12-2026,Basic,67,1273,15276,False,False,False,False,monthly,True,50.0,13059.0,5.0,A-92a333,4.0,0.0,1.0
A-92a333,Company_116,FinTech,US,24-03-2023,event,Enterprise,9,False,0,S-f26ae0,A-92a333,04-07-2024,31-12-2026,Basic,9,171,2052,False,False,False,False,monthly,True,69.0,22922.0,1.0,A-92a333,4.0,0.0,1.0
A-92a333,Company_116,FinTech,US,24-03-2023,event,Enterprise,9,False,0,S-24ecbf,A-92a333,17-03-2024,31-12-2026,Enterprise,9,1791,21492,False,False,False,False,monthly,True,72.0,8493.0,3.0,A-92a333,4.0,0.0,1.0
A-92a333,Company_116,FinTech,US,24-03-2023,event,Enterprise,9,False,0,S-8b64df,A-92a333,04-08-2023,31-12-2026,Basic,9,171,2052,False,False,True,False,annual,True,60.0,17857.0,8.0,A-92a333,4.0,0.0,1.0
A-92a333,Company_116,FinTech,US,24-03-2023,event,Enterprise,9,False,0,S-7c635b,A-92a333,15-08-2023,31-12-2026,Enterprise,33,6567,78804,False,False,False,False,annual,True,36.0,13286.0,5.0,A-92a333,4.0,0.0,1.0
A-95b24a,Company_117,FinTech,US,06-06-2023,event,Pro,38,False,1,S-2877e6,A-95b24a,28-06-2024,31-12-2026,Enterprise,38,0,0,True,True,True,False,monthly,True,59.0,17410.0,1.0,A-95b24a,5.0,3.4,0.0
A-95b24a,Company_117,FinTech,US,06-06-2023,event,Pro,38,False,1,S-b9ff15,A-95b24a,08-01-2024,31-12-2026,Enterprise,43,8557,102684,False,False,False,False,annual,False,53.0,18601.0,0.0,A-95b24a,5.0,3.4,0.0
A-95b24a,Company_117,FinTech,US,06-06-2023,event,Pro,38,False,1,S-799da2,A-95b24a,27-06-2024,31-12-2026,Pro,38,1862,22344,False,False,False,False,monthly,True,45.0,15515.0,3.0,A-95b24a,5.0,3.4,0.0
A-95b24a,Company_117,FinTech,US,06-06-2023,event,Pro,38,False,1,S-c35f78,A-95b24a,11-10-2024,31-12-2026,Pro,38,0,0,True,True,False,False,annual,True,76.0,28431.0,10.0,A-95b24a,5.0,3.4,0.0
A-95b24a,Company_117,FinTech,US,06-06-2023,event,Pro,38,False,1,S-0865f1,A-95b24a,10-12-2023,31-12-2026,Basic,38,722,8664,False,False,False,False,annual,True,51.0,17588.0,1.0,A-95b24a,5.0,3.4,0.0
A-95b24a,Company_117,FinTech,US,06-06-2023,event,Pro,38,False,1,S-209456,A-95b24a,18-07-2023,31-12-2026,Pro,38,1862,22344,False,False,False,False,annual,True,55.0,13902.0,4.0,A-95b24a,5.0,3.4,0.0
A-95b24a,Company_117,FinTech,US,06-06-2023,event,Pro,38,False,1,S-444c6a,A-95b24a,07-10-2023,31-12-2026,Basic,38,722,8664,False,False,False,False,annual,False,72.0,18056.0,3.0,A-95b24a,5.0,3.4,0.0
A-95b24a,Company_117,FinTech,US,06-06-2023,event,Pro,38,False,1,S-a29ba3,A-95b24a,12-10-2023,31-12-2026,Enterprise,38,7562,90744,False,False,False,False,monthly,False,56.0,18856.0,2.0,A-95b24a,5.0,3.4,0.0
A-95b24a,Company_117,FinTech,US,06-06-2023,event,Pro,38,False,1,S-0ed7be,A-95b24a,14-07-2023,31-12-2026,Pro,47,2303,27636,False,False,False,False,monthly,False,41.0,10923.0,6.0,A-95b24a,5.0,3.4,0.0
A-95b24a,Company_117,FinTech,US,06-06-2023,event,Pro,38,False,1,S-891976,A-95b24a,12-09-2024,31-12-2026,Basic,38,722,8664,False,True,False,False,monthly,True,59.0,16242.0,4.0,A-95b24a,5.0,3.4,0.0
A-95b24a,Company_117,FinTech,US,06-06-2023,event,Pro,38,False,1,S-1f505e,A-95b24a,30-07-2023,31-12-2026,Basic,38,722,8664,False,True,False,False,annual,True,44.0,13332.0,0.0,A-95b24a,5.0,3.4,0.0
A-42e5e1,Company_118,DevTools,US,09-07-2024,ads,Pro,1,False,1,S-ce9977,A-42e5e1,02-08-2024,31-12-2026,Enterprise,53,0,0,True,True,False,False,monthly,True,53.0,13365.0,9.0,A-42e5e1,3.0,4.0,0.0
A-42e5e1,Company_118,DevTools,US,09-07-2024,ads,Pro,1,False,1,S-860bc8,A-42e5e1,29-08-2024,31-12-2026,Basic,1,19,228,False,False,False,False,annual,True,52.0,18184.0,4.0,A-42e5e1,3.0,4.0,0.0
A-42e5e1,Company_118,DevTools,US,09-07-2024,ads,Pro,1,False,1,S-a3cbd4,A-42e5e1,01-08-2024,14-08-2024,Enterprise,20,3980,47760,False,False,False,True,monthly,True,86.0,33397.0,10.0,A-42e5e1,3.0,4.0,0.0
A-42e5e1,Company_118,DevTools,US,09-07-2024,ads,Pro,1,False,1,S-2881e0,A-42e5e1,21-07-2024,31-12-2026,Pro,1,49,588,False,False,True,False,annual,True,77.0,16741.0,1.0,A-42e5e1,3.0,4.0,0.0
A-42e5e1,Company_118,DevTools,US,09-07-2024,ads,Pro,1,False,1,S-06e3cd,A-42e5e1,22-10-2024,31-12-2026,Basic,22,0,0,True,False,False,False,monthly,True,20.0,7120.0,4.0,A-42e5e1,3.0,4.0,0.0
A-42e5e1,Company_118,DevTools,US,09-07-2024,ads,Pro,1,False,1,S-8426e7,A-42e5e1,18-10-2024,31-12-2026,Enterprise,22,4378,52536,False,False,False,False,annual,True,94.0,26093.0,9.0,A-42e5e1,3.0,4.0,0.0
A-42e5e1,Company_118,DevTools,US,09-07-2024,ads,Pro,1,False,1,S-9f7b07,A-42e5e1,28-11-2024,31-12-2026,Pro,10,490,5880,False,False,False,False,annual,False,29.0,1804.0,4.0,A-42e5e1,3.0,4.0,0.0
A-7d514c,Company_119,HealthTech,DE,03-02-2024,organic,Enterprise,17,False,0,S-9e6a18,A-7d514c,06-11-2024,31-12-2026,Pro,21,1029,12348,False,True,False,False,monthly,False,31.0,7523.0,1.0,A-7d514c,3.0,1.6666666666666667,0.0
A-7d514c,Company_119,HealthTech,DE,03-02-2024,organic,Enterprise,17,False,0,S-d97ff1,A-7d514c,20-03-2024,31-12-2026,Basic,17,323,3876,False,False,False,False,monthly,True,28.0,9614.0,7.0,A-7d514c,3.0,1.6666666666666667,0.0
A-7d514c,Company_119,HealthTech,DE,03-02-2024,organic,Enterprise,17,False,0,S-67474a,A-7d514c,13-06-2024,31-12-2026,Pro,17,833,9996,False,False,False,False,monthly,True,37.0,7626.0,2.0,A-7d514c,3.0,1.6666666666666667,0.0
A-7d514c,Company_119,HealthTech,DE,03-02-2024,organic,Enterprise,17,False,0,S-9dcfb5,A-7d514c,07-09-2024,31-12-2026,Enterprise,17,3383,40596,False,False,False,False,annual,True,39.0,16260.0,6.0,A-7d514c,3.0,1.6666666666666667,0.0
A-7d514c,Company_119,HealthTech,DE,03-02-2024,organic,Enterprise,17,False,0,S-8a46fe,A-7d514c,05-12-2024,31-12-2026,Enterprise,17,3383,40596,False,False,False,False,monthly,True,143.0,36314.0,2.0,A-7d514c,3.0,1.6666666666666667,0.0
A-7d514c,Company_119,HealthTech,DE,03-02-2024,organic,Enterprise,17,False,0,S-abddce,A-7d514c,01-07-2024,12-11-2024,Enterprise,43,8557,102684,False,False,False,True,monthly,True,72.0,18004.0,9.0,A-7d514c,3.0,1.6666666666666667,0.0
A-7d514c,Company_119,HealthTech,DE,03-02-2024,organic,Enterprise,17,False,0,S-ee3466,A-7d514c,13-02-2024,31-12-2026,Enterprise,17,0,0,True,True,False,False,monthly,True,60.0,20815.0,0.0,A-7d514c,3.0,1.6666666666666667,0.0
A-7d514c,Company_119,HealthTech,DE,03-02-2024,organic,Enterprise,17,False,0,S-cfca40,A-7d514c,01-04-2024,31-12-2026,Enterprise,34,6766,81192,False,False,False,False,monthly,True,74.0,27353.0,2.0,A-7d514c,3.0,1.6666666666666667,0.0
A-7d514c,Company_119,HealthTech,DE,03-02-2024,organic,Enterprise,17,False,0,S-dfad0a,A-7d514c,08-09-2024,31-12-2026,Basic,17,0,0,True,False,False,False,monthly,True,18.0,3198.0,1.0,A-7d514c,3.0,1.6666666666666667,0.0
A-65aeb5,Company_120,DevTools,US,25-01-2024,partner,Pro,9,False,0,S-b7deea,A-65aeb5,22-03-2024,03-12-2024,Enterprise,63,12537,150444,False,False,False,True,monthly,True,21.0,8551.0,0.0,A-65aeb5,2.0,2.5,0.0
A-65aeb5,Company_120,DevTools,US,25-01-2024,partner,Pro,9,False,0,S-239429,A-65aeb5,11-05-2024,31-12-2026,Enterprise,9,0,0,True,False,False,False,monthly,True,12.0,228.0,0.0,A-65aeb5,2.0,2.5,0.0
A-65aeb5,Company_120,DevTools,US,25-01-2024,partner,Pro,9,False,0,S-6ce221,A-65aeb5,10-10-2024,03-12-2024,Basic,9,171,2052,False,False,False,True,annual,True,83.0,15119.0,8.0,A-65aeb5,2.0,2.5,0.0
A-65aeb5,Company_120,DevTools,US,25-01-2024,partner,Pro,9,False,0,S-64d514,A-65aeb5,06-09-2024,31-12-2026,Enterprise,56,11144,133728,False,False,False,False,annual,False,43.0,22183.0,1.0,A-65aeb5,2.0,2.5,0.0
A-65aeb5,Company_120,DevTools,US,25-01-2024,partner,Pro,9,False,0,S-f2b79f,A-65aeb5,08-05-2024,31-12-2026,Pro,9,441,5292,False,False,True,False,monthly,False,27.0,7139.0,5.0,A-65aeb5,2.0,2.5,0.0
A-65aeb5,Company_120,DevTools,US,25-01-2024,partner,Pro,9,False,0,S-606747,A-65aeb5,04-08-2024,31-12-2026,Enterprise,9,1791,21492,False,False,False,False,monthly,True,58.0,9061.0,3.0,A-65aeb5,2.0,2.5,0.0
A-65aeb5,Company_120,DevTools,US,25-01-2024,partner,Pro,9,False,0,S-c2eeba,A-65aeb5,02-02-2024,31-12-2026,Basic,9,171,2052,False,False,False,False,monthly,False,89.0,20177.0,4.0,A-65aeb5,2.0,2.5,0.0
A-65aeb5,Company_120,DevTools,US,25-01-2024,partner,Pro,9,False,0,S-23dab0,A-65aeb5,30-09-2024,31-12-2026,Pro,9,441,5292,False,False,False,False,annual,True,45.0,12672.0,7.0,A-65aeb5,2.0,2.5,0.0
A-65aeb5,Company_120,DevTools,US,25-01-2024,partner,Pro,9,False,0,S-41d741,A-65aeb5,23-08-2024,31-12-2026,Basic,28,532,6384,False,False,False,False,annual,True,69.0,20656.0,5.0,A-65aeb5,2.0,2.5,0.0
A-65aeb5,Company_120,DevTools,US,25-01-2024,partner,Pro,9,False,0,S-a25ed2,A-65aeb5,19-08-2024,25-09-2024,Enterprise,9,1791,21492,False,False,False,True,monthly,True,27.0,7248.0,3.0,A-65aeb5,2.0,2.5,0.0
A-65aeb5,Company_120,DevTools,US,25-01-2024,partner,Pro,9,False,0,S-43c737,A-65aeb5,01-09-2024,31-12-2026,Enterprise,9,1791,21492,False,False,False,False,annual,True,16.0,8279.0,0.0,A-65aeb5,2.0,2.5,0.0
A-65aeb5,Company_120,DevTools,US,25-01-2024,partner,Pro,9,False,0,S-4b15c4,A-65aeb5,01-08-2024,31-12-2026,Enterprise,18,3582,42984,False,False,False,False,annual,True,43.0,16721.0,4.0,A-65aeb5,2.0,2.5,0.0
A-e2cd1b,Company_121,DevTools,US,04-02-2024,other,Enterprise,15,False,0,S-42218c,A-e2cd1b,30-07-2024,31-12-2026,Pro,45,2205,26460,False,False,False,False,monthly,True,52.0,21892.0,0.0,A-e2cd1b,5.0,3.2,0.0
A-e2cd1b,Company_121,DevTools,US,04-02-2024,other,Enterprise,15,False,0,S-e090ae,A-e2cd1b,25-05-2024,31-12-2026,Enterprise,15,2985,35820,False,False,False,False,annual,True,69.0,19232.0,1.0,A-e2cd1b,5.0,3.2,0.0
A-e2cd1b,Company_121,DevTools,US,04-02-2024,other,Enterprise,15,False,0,S-462547,A-e2cd1b,07-12-2024,31-12-2026,Basic,119,2261,27132,False,False,False,False,annual,True,68.0,24197.0,4.0,A-e2cd1b,5.0,3.2,0.0
A-e2cd1b,Company_121,DevTools,US,04-02-2024,other,Enterprise,15,False,0,S-3e24ed,A-e2cd1b,22-02-2024,31-12-2026,Basic,44,836,10032,False,False,False,False,monthly,True,70.0,15362.0,0.0,A-e2cd1b,5.0,3.2,0.0
A-e2cd1b,Company_121,DevTools,US,04-02-2024,other,Enterprise,15,False,0,S-02a3aa,A-e2cd1b,24-06-2024,31-12-2026,Basic,15,0,0,True,False,False,False,annual,True,66.0,22100.0,7.0,A-e2cd1b,5.0,3.2,0.0
A-e2cd1b,Company_121,DevTools,US,04-02-2024,other,Enterprise,15,False,0,S-3d6648,A-e2cd1b,05-10-2024,31-12-2026,Enterprise,15,0,0,True,False,False,False,monthly,True,32.0,7394.0,0.0,A-e2cd1b,5.0,3.2,0.0
A-e2cd1b,Company_121,DevTools,US,04-02-2024,other,Enterprise,15,False,0,S-f132ab,A-e2cd1b,29-04-2024,31-12-2026,Pro,15,735,8820,False,False,False,False,annual,True,53.0,11289.0,3.0,A-e2cd1b,5.0,3.2,0.0
A-e2cd1b,Company_121,DevTools,US,04-02-2024,other,Enterprise,15,False,0,S-3f18be,A-e2cd1b,26-12-2024,31-12-2026,Enterprise,16,3184,38208,False,False,False,False,annual,True,10.0,2175.0,3.0,A-e2cd1b,5.0,3.2,0.0
A-e2cd1b,Company_121,DevTools,US,04-02-2024,other,Enterprise,15,False,0,S-465825,A-e2cd1b,20-11-2024,31-12-2026,Basic,18,342,4104,False,True,False,False,monthly,True,45.0,14402.0,0.0,A-e2cd1b,5.0,3.2,0.0
A-180abf,Company_122,DevTools,US,14-08-2023,event,Pro,64,False,1,S-0b0ffa,A-180abf,17-01-2024,19-04-2024,Basic,64,0,0,True,False,False,True,annual,True,28.0,7980.0,0.0,A-180abf,3.0,1.0,0.0
A-180abf,Company_122,DevTools,US,14-08-2023,event,Pro,64,False,1,S-fa05d7,A-180abf,10-07-2024,31-12-2026,Basic,64,1216,14592,False,False,False,False,monthly,True,82.0,20062.0,3.0,A-180abf,3.0,1.0,0.0
A-180abf,Company_122,DevTools,US,14-08-2023,event,Pro,64,False,1,S-e9395e,A-180abf,20-12-2024,31-12-2026,Pro,64,3136,37632,False,True,False,False,monthly,True,11.0,2046.0,0.0,A-180abf,3.0,1.0,0.0
A-180abf,Company_122,DevTools,US,14-08-2023,event,Pro,64,False,1,S-0aba5b,A-180abf,16-12-2024,31-12-2026,Pro,64,0,0,True,False,False,False,monthly,True,68.0,15632.0,1.0,A-180abf,3.0,1.0,0.0
A-180abf,Company_122,DevTools,US,14-08-2023,event,Pro,64,False,1,S-612bfb,A-180abf,16-04-2024,31-12-2026,Enterprise,64,12736,152832,False,True,False,False,annual,True,106.0,41482.0,5.0,A-180abf,3.0,1.0,0.0
A-180abf,Company_122,DevTools,US,14-08-2023,event,Pro,64,False,1,S-8b0498,A-180abf,19-02-2024,31-12-2026,Pro,64,3136,37632,False,False,False,False,monthly,False,34.0,6054.0,2.0,A-180abf,3.0,1.0,0.0
A-180abf,Company_122,DevTools,US,14-08-2023,event,Pro,64,False,1,S-b262a1,A-180abf,09-11-2024,31-12-2026,Basic,64,1216,14592,False,False,False,False,annual,True,39.0,2588.0,6.0,A-180abf,3.0,1.0,0.0
A-180abf,Company_122,DevTools,US,14-08-2023,event,Pro,64,False,1,S-a5a40b,A-180abf,16-09-2023,06-11-2023,Enterprise,64,12736,152832,False,False,False,True,annual,False,98.0,35569.0,8.0,A-180abf,3.0,1.0,0.0
A-180abf,Company_122,DevTools,US,14-08-2023,event,Pro,64,False,1,S-85f2ab,A-180abf,17-12-2024,31-12-2026,Pro,64,3136,37632,False,False,False,False,monthly,True,33.0,4837.0,3.0,A-180abf,3.0,1.0,0.0
A-f17767,Company_123,DevTools,US,30-01-2023,event,Enterprise,1,True,1,S-59dc4b,A-f17767,17-09-2023,31-12-2026,Pro,26,1274,15288,False,True,True,False,monthly,True,67.0,35026.0,6.0,A-f17767,3.0,2.6666666666666665,1.0
A-f17767,Company_123,DevTools,US,30-01-2023,event,Enterprise,1,True,1,S-d725da,A-f17767,15-02-2024,31-12-2026,Pro,22,1078,12936,False,False,False,False,annual,True,0.0,0.0,0.0,A-f17767,3.0,2.6666666666666665,1.0
A-f17767,Company_123,DevTools,US,30-01-2023,event,Enterprise,1,True,1,S-3ad7c4,A-f17767,03-01-2024,28-01-2024,Pro,11,539,6468,False,True,False,True,monthly,True,18.0,4783.0,0.0,A-f17767,3.0,2.6666666666666665,1.0
A-f17767,Company_123,DevTools,US,30-01-2023,event,Enterprise,1,True,1,S-91b63c,A-f17767,07-12-2023,31-12-2026,Enterprise,39,7761,93132,False,False,False,False,annual,True,58.0,21175.0,0.0,A-f17767,3.0,2.6666666666666665,1.0
A-f17767,Company_123,DevTools,US,30-01-2023,event,Enterprise,1,True,1,S-f8357e,A-f17767,01-11-2023,31-12-2026,Basic,2,38,456,False,False,False,False,monthly,True,83.0,21238.0,5.0,A-f17767,3.0,2.6666666666666665,1.0
A-f17767,Company_123,DevTools,US,30-01-2023,event,Enterprise,1,True,1,S-50334b,A-f17767,21-08-2024,31-12-2026,Pro,12,588,7056,False,False,False,False,monthly,True,86.0,11781.0,6.0,A-f17767,3.0,2.6666666666666665,1.0
A-f17767,Company_123,DevTools,US,30-01-2023,event,Enterprise,1,True,1,S-7de656,A-f17767,15-02-2023,25-08-2023,Pro,14,686,8232,False,False,False,True,annual,True,53.0,14405.0,3.0,A-f17767,3.0,2.6666666666666665,1.0
A-f17767,Company_123,DevTools,US,30-01-2023,event,Enterprise,1,True,1,S-b479cd,A-f17767,30-07-2023,31-12-2026,Pro,9,441,5292,False,False,False,False,monthly,True,50.0,8160.0,3.0,A-f17767,3.0,2.6666666666666665,1.0
A-f17767,Company_123,DevTools,US,30-01-2023,event,Enterprise,1,True,1,S-1f8215,A-f17767,10-12-2024,31-12-2026,Pro,15,735,8820,False,False,False,False,annual,True,0.0,0.0,0.0,A-f17767,3.0,2.6666666666666665,1.0
A-f17767,Company_123,DevTools,US,30-01-2023,event,Enterprise,1,True,1,S-64d203,A-f17767,20-03-2024,31-12-2026,Pro,9,441,5292,False,False,False,False,monthly,True,40.0,16167.0,9.0,A-f17767,3.0,2.6666666666666665,1.0
A-f17767,Company_123,DevTools,US,30-01-2023,event,Enterprise,1,True,1,S-778307,A-f17767,15-11-2023,31-12-2026,Pro,23,1127,13524,False,False,False,False,monthly,True,45.0,14522.0,3.0,A-f17767,3.0,2.6666666666666665,1.0
A-f17767,Company_123,DevTools,US,30-01-2023,event,Enterprise,1,True,1,S-d61866,A-f17767,22-03-2023,31-12-2026,Enterprise,6,1194,14328,False,True,False,False,monthly,True,48.0,10575.0,0.0,A-f17767,3.0,2.6666666666666665,1.0
A-f17767,Company_123,DevTools,US,30-01-2023,event,Enterprise,1,True,1,S-0b8b0c,A-f17767,03-08-2024,31-12-2026,Enterprise,1,199,2388,False,False,False,False,monthly,False,85.0,22360.0,0.0,A-f17767,3.0,2.6666666666666665,1.0
A-f17767,Company_123,DevTools,US,30-01-2023,event,Enterprise,1,True,1,S-93ab2d,A-f17767,02-05-2023,31-12-2026,Basic,2,38,456,False,False,False,False,annual,True,80.0,28785.0,3.0,A-f17767,3.0,2.6666666666666665,1.0
A-5a184f,Company_124,DevTools,DE,19-06-2023,other,Enterprise,1,False,1,S-8a4156,A-5a184f,31-08-2023,31-12-2026,Pro,19,0,0,True,False,False,False,annual,True,20.0,9741.0,3.0,A-5a184f,3.0,4.333333333333333,0.0
A-5a184f,Company_124,DevTools,DE,19-06-2023,other,Enterprise,1,False,1,S-0ba1fe,A-5a184f,15-01-2024,31-12-2026,Enterprise,46,9154,109848,False,False,True,False,monthly,True,90.0,25706.0,5.0,A-5a184f,3.0,4.333333333333333,0.0
A-5a184f,Company_124,DevTools,DE,19-06-2023,other,Enterprise,1,False,1,S-c2b60b,A-5a184f,20-10-2024,31-12-2026,Basic,1,19,228,False,False,False,False,annual,True,52.0,7436.0,1.0,A-5a184f,3.0,4.333333333333333,0.0
A-5a184f,Company_124,DevTools,DE,19-06-2023,other,Enterprise,1,False,1,S-4a8ce0,A-5a184f,21-01-2024,31-12-2026,Basic,6,114,1368,False,False,False,False,monthly,True,87.0,32645.0,2.0,A-5a184f,3.0,4.333333333333333,0.0
A-5a184f,Company_124,DevTools,DE,19-06-2023,other,Enterprise,1,False,1,S-e71f4a,A-5a184f,20-01-2024,31-12-2026,Basic,7,133,1596,False,False,False,False,monthly,True,57.0,22697.0,4.0,A-5a184f,3.0,4.333333333333333,0.0
A-5a184f,Company_124,DevTools,DE,19-06-2023,other,Enterprise,1,False,1,S-ec58ac,A-5a184f,30-11-2023,31-12-2026,Pro,41,2009,24108,False,False,False,False,annual,True,55.0,14216.0,5.0,A-5a184f,3.0,4.333333333333333,0.0
A-5a184f,Company_124,DevTools,DE,19-06-2023,other,Enterprise,1,False,1,S-44046d,A-5a184f,06-11-2024,13-12-2024,Basic,36,684,8208,False,False,False,True,annual,True,41.0,6942.0,1.0,A-5a184f,3.0,4.333333333333333,0.0
A-5a184f,Company_124,DevTools,DE,19-06-2023,other,Enterprise,1,False,1,S-2a53d5,A-5a184f,03-09-2023,31-12-2026,Basic,74,1406,16872,False,False,False,False,annual,True,73.0,22217.0,4.0,A-5a184f,3.0,4.333333333333333,0.0
A-5a184f,Company_124,DevTools,DE,19-06-2023,other,Enterprise,1,False,1,S-505f35,A-5a184f,02-12-2023,31-12-2026,Enterprise,22,4378,52536,False,False,False,False,annual,True,71.0,22292.0,3.0,A-5a184f,3.0,4.333333333333333,0.0
A-5a184f,Company_124,DevTools,DE,19-06-2023,other,Enterprise,1,False,1,S-ac2157,A-5a184f,14-04-2024,31-12-2026,Enterprise,14,2786,33432,False,False,False,False,monthly,True,41.0,11737.0,1.0,A-5a184f,3.0,4.333333333333333,0.0
A-7df7a7,Company_125,DevTools,US,28-01-2023,organic,Basic,7,False,1,S-413a1d,A-7df7a7,25-05-2024,31-12-2026,Enterprise,7,1393,16716,False,False,True,False,monthly,True,39.0,12657.0,1.0,A-7df7a7,3.0,4.0,1.0
A-7df7a7,Company_125,DevTools,US,28-01-2023,organic,Basic,7,False,1,S-7e2e5c,A-7df7a7,06-04-2024,31-12-2026,Basic,7,133,1596,False,False,False,False,monthly,False,65.0,14957.0,5.0,A-7df7a7,3.0,4.0,1.0
A-7df7a7,Company_125,DevTools,US,28-01-2023,organic,Basic,7,False,1,S-ab7022,A-7df7a7,03-03-2023,31-12-2026,Basic,85,0,0,True,False,False,False,monthly,True,76.0,20142.0,2.0,A-7df7a7,3.0,4.0,1.0
A-7df7a7,Company_125,DevTools,US,28-01-2023,organic,Basic,7,False,1,S-f93185,A-7df7a7,05-12-2024,31-12-2026,Enterprise,10,1990,23880,False,False,False,False,monthly,False,19.0,4061.0,2.0,A-7df7a7,3.0,4.0,1.0
A-7df7a7,Company_125,DevTools,US,28-01-2023,organic,Basic,7,False,1,S-08fc73,A-7df7a7,07-05-2024,31-12-2026,Enterprise,7,1393,16716,False,False,False,False,annual,True,124.0,29032.0,6.0,A-7df7a7,3.0,4.0,1.0
A-7df7a7,Company_125,DevTools,US,28-01-2023,organic,Basic,7,False,1,S-8486d2,A-7df7a7,28-12-2024,31-12-2026,Enterprise,30,5970,71640,False,False,False,False,annual,True,56.0,20231.0,6.0,A-7df7a7,3.0,4.0,1.0
A-7df7a7,Company_125,DevTools,US,28-01-2023,organic,Basic,7,False,1,S-5ed335,A-7df7a7,17-10-2023,18-01-2024,Enterprise,13,2587,31044,False,False,False,True,monthly,True,19.0,4701.0,4.0,A-7df7a7,3.0,4.0,1.0
A-7df7a7,Company_125,DevTools,US,28-01-2023,organic,Basic,7,False,1,S-0463f5,A-7df7a7,16-09-2023,31-12-2026,Pro,7,343,4116,False,False,False,False,monthly,True,19.0,8670.0,1.0,A-7df7a7,3.0,4.0,1.0
A-7df7a7,Company_125,DevTools,US,28-01-2023,organic,Basic,7,False,1,S-4206eb,A-7df7a7,07-09-2023,31-12-2026,Enterprise,13,2587,31044,False,False,False,False,monthly,True,96.0,32232.0,3.0,A-7df7a7,3.0,4.0,1.0
A-7df7a7,Company_125,DevTools,US,28-01-2023,organic,Basic,7,False,1,S-39c024,A-7df7a7,10-06-2023,31-12-2026,Pro,29,0,0,True,False,False,False,annual,True,59.0,16130.0,6.0,A-7df7a7,3.0,4.0,1.0
A-7df7a7,Company_125,DevTools,US,28-01-2023,organic,Basic,7,False,1,S-196c1e,A-7df7a7,04-11-2024,31-12-2026,Basic,7,133,1596,False,False,False,False,annual,True,126.0,37096.0,7.0,A-7df7a7,3.0,4.0,1.0
A-7df7a7,Company_125,DevTools,US,28-01-2023,organic,Basic,7,False,1,S-1facfc,A-7df7a7,04-03-2024,31-12-2026,Pro,7,343,4116,False,False,False,False,annual,True,45.0,16333.0,0.0,A-7df7a7,3.0,4.0,1.0
A-7df7a7,Company_125,DevTools,US,28-01-2023,organic,Basic,7,False,1,S-6676fa,A-7df7a7,05-02-2023,31-12-2026,Pro,7,343,4116,False,False,True,False,monthly,True,70.0,9128.0,2.0,A-7df7a7,3.0,4.0,1.0
A-7df7a7,Company_125,DevTools,US,28-01-2023,organic,Basic,7,False,1,S-61afee,A-7df7a7,26-06-2023,31-12-2026,Enterprise,45,8955,107460,False,False,False,False,monthly,False,40.0,13748.0,0.0,A-7df7a7,3.0,4.0,1.0
A-7df7a7,Company_125,DevTools,US,28-01-2023,organic,Basic,7,False,1,S-db7a77,A-7df7a7,13-12-2023,31-12-2026,Enterprise,15,2985,35820,False,False,False,False,annual,True,69.0,17693.0,2.0,A-7df7a7,3.0,4.0,1.0
A-1ac5e0,Company_126,DevTools,US,20-10-2024,event,Basic,33,False,1,S-766a62,A-1ac5e0,24-11-2024,31-12-2026,Enterprise,33,0,0,True,False,False,False,monthly,False,44.0,14194.0,0.0,A-1ac5e0,7.0,2.7142857142857144,0.0
A-1ac5e0,Company_126,DevTools,US,20-10-2024,event,Basic,33,False,1,S-c17a35,A-1ac5e0,25-11-2024,31-12-2026,Pro,33,1617,19404,False,False,False,False,monthly,False,84.0,24177.0,4.0,A-1ac5e0,7.0,2.7142857142857144,0.0
A-1ac5e0,Company_126,DevTools,US,20-10-2024,event,Basic,33,False,1,S-95cf94,A-1ac5e0,24-10-2024,31-12-2026,Basic,33,627,7524,False,False,False,False,annual,True,58.0,19266.0,2.0,A-1ac5e0,7.0,2.7142857142857144,0.0
A-1ac5e0,Company_126,DevTools,US,20-10-2024,event,Basic,33,False,1,S-ea2c98,A-1ac5e0,30-11-2024,31-12-2026,Pro,33,1617,19404,False,False,False,False,monthly,True,47.0,16784.0,2.0,A-1ac5e0,7.0,2.7142857142857144,0.0
A-1ac5e0,Company_126,DevTools,US,20-10-2024,event,Basic,33,False,1,S-e768f5,A-1ac5e0,19-11-2024,31-12-2026,Enterprise,33,6567,78804,False,False,False,False,annual,True,72.0,20757.0,2.0,A-1ac5e0,7.0,2.7142857142857144,0.0
A-1ac5e0,Company_126,DevTools,US,20-10-2024,event,Basic,33,False,1,S-53361d,A-1ac5e0,30-12-2024,31-12-2026,Enterprise,33,0,0,True,False,False,False,monthly,False,80.0,25124.0,6.0,A-1ac5e0,7.0,2.7142857142857144,0.0
A-1ac5e0,Company_126,DevTools,US,20-10-2024,event,Basic,33,False,1,S-5bbfe3,A-1ac5e0,29-11-2024,31-12-2026,Basic,33,627,7524,False,False,False,False,monthly,True,52.0,15575.0,4.0,A-1ac5e0,7.0,2.7142857142857144,0.0
A-1ac5e0,Company_126,DevTools,US,20-10-2024,event,Basic,33,False,1,S-519509,A-1ac5e0,15-11-2024,31-12-2026,Basic,33,627,7524,False,False,False,False,annual,False,54.0,14990.0,7.0,A-1ac5e0,7.0,2.7142857142857144,0.0
A-1ac5e0,Company_126,DevTools,US,20-10-2024,event,Basic,33,False,1,S-3829dc,A-1ac5e0,17-11-2024,31-12-2026,Enterprise,33,6567,78804,False,False,False,False,monthly,True,48.0,15049.0,3.0,A-1ac5e0,7.0,2.7142857142857144,0.0
A-1ac5e0,Company_126,DevTools,US,20-10-2024,event,Basic,33,False,1,S-f64908,A-1ac5e0,11-12-2024,31-12-2026,Basic,33,0,0,True,False,False,False,monthly,False,19.0,1988.0,1.0,A-1ac5e0,7.0,2.7142857142857144,0.0
A-52dd88,Company_127,Cybersecurity,US,21-02-2023,ads,Pro,23,False,0,S-10134d,A-52dd88,09-09-2024,31-12-2026,Enterprise,23,4577,54924,False,False,False,False,annual,True,39.0,19338.0,1.0,A-52dd88,1.0,0.0,0.0
A-52dd88,Company_127,Cybersecurity,US,21-02-2023,ads,Pro,23,False,0,S-5698bd,A-52dd88,26-03-2023,31-12-2026,Pro,26,1274,15288,False,False,False,False,monthly,False,51.0,17832.0,8.0,A-52dd88,1.0,0.0,0.0
A-52dd88,Company_127,Cybersecurity,US,21-02-2023,ads,Pro,23,False,0,S-5e6fc2,A-52dd88,12-12-2023,31-12-2026,Basic,23,437,5244,False,False,False,False,annual,True,88.0,26657.0,7.0,A-52dd88,1.0,0.0,0.0
A-52dd88,Company_127,Cybersecurity,US,21-02-2023,ads,Pro,23,False,0,S-e8488d,A-52dd88,02-08-2024,31-12-2026,Enterprise,26,5174,62088,False,False,False,False,monthly,False,56.0,20493.0,4.0,A-52dd88,1.0,0.0,0.0
A-52dd88,Company_127,Cybersecurity,US,21-02-2023,ads,Pro,23,False,0,S-a01486,A-52dd88,25-12-2023,31-12-2026,Basic,23,437,5244,False,False,False,False,annual,False,25.0,5300.0,0.0,A-52dd88,1.0,0.0,0.0
A-52dd88,Company_127,Cybersecurity,US,21-02-2023,ads,Pro,23,False,0,S-4920e0,A-52dd88,05-12-2023,31-12-2026,Basic,23,437,5244,False,False,False,False,annual,True,27.0,10227.0,0.0,A-52dd88,1.0,0.0,0.0
A-52dd88,Company_127,Cybersecurity,US,21-02-2023,ads,Pro,23,False,0,S-36480d,A-52dd88,04-12-2024,31-12-2026,Pro,30,1470,17640,False,False,False,False,annual,True,50.0,16937.0,0.0,A-52dd88,1.0,0.0,0.0
A-52dd88,Company_127,Cybersecurity,US,21-02-2023,ads,Pro,23,False,0,S-f8e69c,A-52dd88,10-10-2023,31-12-2026,Pro,23,1127,13524,False,False,False,False,monthly,True,35.0,14824.0,3.0,A-52dd88,1.0,0.0,0.0
A-52dd88,Company_127,Cybersecurity,US,21-02-2023,ads,Pro,23,False,0,S-39a8f1,A-52dd88,12-03-2024,31-12-2026,Pro,23,1127,13524,False,False,False,False,monthly,False,44.0,11904.0,0.0,A-52dd88,1.0,0.0,0.0
A-52dd88,Company_127,Cybersecurity,US,21-02-2023,ads,Pro,23,False,0,S-55d484,A-52dd88,15-12-2023,31-12-2026,Basic,23,0,0,True,False,False,False,annual,True,37.0,14644.0,4.0,A-52dd88,1.0,0.0,0.0
A-52dd88,Company_127,Cybersecurity,US,21-02-2023,ads,Pro,23,False,0,S-cb2ad3,A-52dd88,13-11-2024,31-12-2026,Basic,28,532,6384,False,True,False,False,annual,True,64.0,22667.0,6.0,A-52dd88,1.0,0.0,0.0
A-bece89,Company_128,Cybersecurity,IN,01-12-2023,event,Pro,26,False,0,S-334ceb,A-bece89,08-03-2024,31-12-2026,Basic,26,494,5928,False,False,False,False,monthly,False,46.0,5413.0,6.0,A-bece89,4.0,3.0,1.0
A-bece89,Company_128,Cybersecurity,IN,01-12-2023,event,Pro,26,False,0,S-763e52,A-bece89,20-05-2024,31-12-2026,Enterprise,26,5174,62088,False,True,False,False,annual,False,36.0,16470.0,2.0,A-bece89,4.0,3.0,1.0
A-bece89,Company_128,Cybersecurity,IN,01-12-2023,event,Pro,26,False,0,S-82848e,A-bece89,18-01-2024,31-12-2026,Enterprise,26,5174,62088,False,False,False,False,annual,True,29.0,10888.0,1.0,A-bece89,4.0,3.0,1.0
A-bece89,Company_128,Cybersecurity,IN,01-12-2023,event,Pro,26,False,0,S-42fb01,A-bece89,08-02-2024,31-12-2026,Pro,28,1372,16464,False,False,False,False,monthly,True,25.0,5453.0,3.0,A-bece89,4.0,3.0,1.0
A-bece89,Company_128,Cybersecurity,IN,01-12-2023,event,Pro,26,False,0,S-6e81f5,A-bece89,18-10-2024,31-12-2026,Pro,38,1862,22344,False,False,False,False,annual,True,22.0,4272.0,1.0,A-bece89,4.0,3.0,1.0
A-bece89,Company_128,Cybersecurity,IN,01-12-2023,event,Pro,26,False,0,S-004d19,A-bece89,03-03-2024,31-12-2026,Enterprise,26,5174,62088,False,False,False,False,annual,True,18.0,5616.0,0.0,A-bece89,4.0,3.0,1.0
A-029f69,Company_129,Cybersecurity,CA,07-03-2024,event,Basic,3,False,0,S-228457,A-029f69,24-05-2024,31-12-2026,Enterprise,24,4776,57312,False,False,False,False,annual,True,43.0,17978.0,1.0,A-029f69,2.0,1.5,0.0
A-029f69,Company_129,Cybersecurity,CA,07-03-2024,event,Basic,3,False,0,S-41871d,A-029f69,10-08-2024,31-12-2026,Enterprise,3,597,7164,False,False,False,False,annual,True,78.0,25128.0,6.0,A-029f69,2.0,1.5,0.0
A-029f69,Company_129,Cybersecurity,CA,07-03-2024,event,Basic,3,False,0,S-37d13a,A-029f69,11-08-2024,31-12-2026,Enterprise,15,0,0,True,False,False,False,annual,True,24.0,4366.0,0.0,A-029f69,2.0,1.5,0.0
A-029f69,Company_129,Cybersecurity,CA,07-03-2024,event,Basic,3,False,0,S-b250cc,A-029f69,08-11-2024,31-12-2026,Enterprise,3,597,7164,False,True,False,False,annual,True,86.0,22288.0,1.0,A-029f69,2.0,1.5,0.0
A-029f69,Company_129,Cybersecurity,CA,07-03-2024,event,Basic,3,False,0,S-e0bfb1,A-029f69,04-08-2024,23-08-2024,Pro,21,1029,12348,False,False,False,True,annual,False,56.0,15246.0,6.0,A-029f69,2.0,1.5,0.0
A-029f69,Company_129,Cybersecurity,CA,07-03-2024,event,Basic,3,False,0,S-2e8409,A-029f69,14-12-2024,31-12-2026,Pro,10,490,5880,False,False,False,False,annual,False,11.0,5522.0,0.0,A-029f69,2.0,1.5,0.0
A-029f69,Company_129,Cybersecurity,CA,07-03-2024,event,Basic,3,False,0,S-e07b30,A-029f69,13-11-2024,31-12-2026,Pro,3,147,1764,False,True,False,False,annual,True,27.0,8664.0,4.0,A-029f69,2.0,1.5,0.0
A-029f69,Company_129,Cybersecurity,CA,07-03-2024,event,Basic,3,False,0,S-b69fa2,A-029f69,09-09-2024,31-12-2026,Pro,27,1323,15876,False,False,False,False,monthly,False,21.0,7309.0,0.0,A-029f69,2.0,1.5,0.0
A-029f69,Company_129,Cybersecurity,CA,07-03-2024,event,Basic,3,False,0,S-3ceff3,A-029f69,14-09-2024,31-12-2026,Enterprise,15,2985,35820,False,False,False,False,annual,True,77.0,28241.0,10.0,A-029f69,2.0,1.5,0.0
A-029f69,Company_129,Cybersecurity,CA,07-03-2024,event,Basic,3,False,0,S-32e881,A-029f69,10-10-2024,16-11-2024,Pro,3,0,0,True,False,False,True,monthly,True,61.0,16730.0,1.0,A-029f69,2.0,1.5,0.0
A-029f69,Company_129,Cybersecurity,CA,07-03-2024,event,Basic,3,False,0,S-f967c2,A-029f69,10-12-2024,31-12-2026,Basic,7,133,1596,False,False,False,False,monthly,True,47.0,10534.0,5.0,A-029f69,2.0,1.5,0.0
A-029f69,Company_129,Cybersecurity,CA,07-03-2024,event,Basic,3,False,0,S-21c164,A-029f69,31-12-2024,31-12-2026,Basic,34,646,7752,False,False,False,False,annual,True,41.0,10914.0,0.0,A-029f69,2.0,1.5,0.0
A-029f69,Company_129,Cybersecurity,CA,07-03-2024,event,Basic,3,False,0,S-dcc1a5,A-029f69,09-05-2024,31-12-2026,Pro,26,1274,15288,False,False,False,False,annual,False,78.0,24662.0,4.0,A-029f69,2.0,1.5,0.0
A-029f69,Company_129,Cybersecurity,CA,07-03-2024,event,Basic,3,False,0,S-e6dee4,A-029f69,11-11-2024,31-12-2026,Pro,3,147,1764,False,False,False,False,annual,True,19.0,5488.0,0.0,A-029f69,2.0,1.5,0.0
A-029f69,Company_129,Cybersecurity,CA,07-03-2024,event,Basic,3,False,0,S-9eeb7e,A-029f69,02-12-2024,31-12-2026,Basic,11,209,2508,False,False,False,False,monthly,False,75.0,27548.0,1.0,A-029f69,2.0,1.5,0.0
A-029f69,Company_129,Cybersecurity,CA,07-03-2024,event,Basic,3,False,0,S-c2c197,A-029f69,15-09-2024,19-09-2024,Basic,15,285,3420,False,False,False,True,monthly,False,45.0,10657.0,3.0,A-029f69,2.0,1.5,0.0
A-5c046d,Company_130,EdTech,FR,06-07-2024,partner,Basic,93,False,0,S-bb1a91,A-5c046d,18-08-2024,31-12-2026,Basic,93,1767,21204,False,False,False,False,annual,True,60.0,19999.0,0.0,A-5c046d,1.0,3.0,0.0
A-5c046d,Company_130,EdTech,FR,06-07-2024,partner,Basic,93,False,0,S-11eef4,A-5c046d,23-07-2024,31-12-2026,Pro,93,4557,54684,False,False,False,False,annual,True,51.0,15866.0,2.0,A-5c046d,1.0,3.0,0.0
A-5c046d,Company_130,EdTech,FR,06-07-2024,partner,Basic,93,False,0,S-aced77,A-5c046d,20-12-2024,31-12-2026,Enterprise,93,18507,222084,False,False,False,False,annual,True,74.0,17524.0,10.0,A-5c046d,1.0,3.0,0.0
A-5c046d,Company_130,EdTech,FR,06-07-2024,partner,Basic,93,False,0,S-c85c63,A-5c046d,02-12-2024,31-12-2026,Basic,93,1767,21204,False,False,False,False,monthly,False,23.0,8552.0,2.0,A-5c046d,1.0,3.0,0.0
A-5c046d,Company_130,EdTech,FR,06-07-2024,partner,Basic,93,False,0,S-f2be88,A-5c046d,07-09-2024,31-12-2026,Enterprise,93,18507,222084,False,False,False,False,monthly,True,91.0,23085.0,1.0,A-5c046d,1.0,3.0,0.0
A-5c046d,Company_130,EdTech,FR,06-07-2024,partner,Basic,93,False,0,S-da3b68,A-5c046d,23-11-2024,31-12-2026,Enterprise,93,18507,222084,False,False,False,False,monthly,True,89.0,20537.0,3.0,A-5c046d,1.0,3.0,0.0
A-5c046d,Company_130,EdTech,FR,06-07-2024,partner,Basic,93,False,0,S-15afd8,A-5c046d,18-12-2024,31-12-2026,Enterprise,93,18507,222084,False,False,False,False,annual,True,44.0,12791.0,1.0,A-5c046d,1.0,3.0,0.0
A-5c046d,Company_130,EdTech,FR,06-07-2024,partner,Basic,93,False,0,S-68565b,A-5c046d,02-12-2024,31-12-2026,Basic,93,1767,21204,False,False,False,False,annual,False,43.0,9572.0,4.0,A-5c046d,1.0,3.0,0.0
A-fb186e,Company_131,EdTech,IN,27-10-2024,organic,Basic,29,False,0,S-d7d398,A-fb186e,28-12-2024,31-12-2026,Enterprise,29,0,0,True,False,False,False,annual,True,124.0,37040.0,3.0,A-fb186e,6.0,1.8333333333333333,0.0
A-fb186e,Company_131,EdTech,IN,27-10-2024,organic,Basic,29,False,0,S-7d9605,A-fb186e,16-11-2024,31-12-2026,Basic,33,0,0,True,False,False,False,annual,False,65.0,27661.0,3.0,A-fb186e,6.0,1.8333333333333333,0.0
A-fb186e,Company_131,EdTech,IN,27-10-2024,organic,Basic,29,False,0,S-0eba5a,A-fb186e,22-12-2024,31-12-2026,Enterprise,29,5771,69252,False,False,False,False,monthly,True,18.0,7469.0,1.0,A-fb186e,6.0,1.8333333333333333,0.0
A-ae052e,Company_132,FinTech,CA,11-09-2023,other,Basic,39,False,0,S-195cd5,A-ae052e,28-11-2024,06-12-2024,Pro,40,1960,23520,False,False,False,True,monthly,True,74.0,17438.0,3.0,A-ae052e,4.0,2.0,0.0
A-ae052e,Company_132,FinTech,CA,11-09-2023,other,Basic,39,False,0,S-c619d6,A-ae052e,02-09-2024,31-12-2026,Pro,39,1911,22932,False,False,False,False,annual,True,27.0,12069.0,1.0,A-ae052e,4.0,2.0,0.0
A-ae052e,Company_132,FinTech,CA,11-09-2023,other,Basic,39,False,0,S-2abab6,A-ae052e,22-01-2024,29-10-2024,Pro,39,0,0,True,False,True,True,monthly,True,70.0,28417.0,3.0,A-ae052e,4.0,2.0,0.0
A-ae052e,Company_132,FinTech,CA,11-09-2023,other,Basic,39,False,0,S-f4e174,A-ae052e,17-12-2024,31-12-2026,Basic,39,0,0,True,False,False,False,annual,True,72.0,15797.0,1.0,A-ae052e,4.0,2.0,0.0
A-ae052e,Company_132,FinTech,CA,11-09-2023,other,Basic,39,False,0,S-00ab51,A-ae052e,31-03-2024,31-12-2026,Pro,39,1911,22932,False,True,False,False,monthly,True,49.0,13374.0,2.0,A-ae052e,4.0,2.0,0.0
A-ae052e,Company_132,FinTech,CA,11-09-2023,other,Basic,39,False,0,S-76eded,A-ae052e,24-10-2024,11-12-2024,Pro,39,1911,22932,False,False,False,True,monthly,True,8.0,1288.0,2.0,A-ae052e,4.0,2.0,0.0
A-9f9299,Company_133,FinTech,US,02-09-2023,organic,Enterprise,28,True,0,S-b5643b,A-9f9299,11-06-2024,31-12-2026,Enterprise,28,5572,66864,False,False,False,False,annual,False,58.0,20209.0,6.0,A-9f9299,5.0,1.0,0.0
A-9f9299,Company_133,FinTech,US,02-09-2023,organic,Enterprise,28,True,0,S-93fab3,A-9f9299,10-11-2024,31-12-2024,Pro,28,1372,16464,False,False,False,True,annual,True,74.0,22836.0,5.0,A-9f9299,5.0,1.0,0.0
A-9f9299,Company_133,FinTech,US,02-09-2023,organic,Enterprise,28,True,0,S-ae1882,A-9f9299,25-10-2024,31-12-2026,Basic,61,1159,13908,False,False,False,False,monthly,False,21.0,6317.0,2.0,A-9f9299,5.0,1.0,0.0
A-9f9299,Company_133,FinTech,US,02-09-2023,organic,Enterprise,28,True,0,S-2c270f,A-9f9299,02-08-2024,31-12-2026,Enterprise,28,5572,66864,False,False,False,False,annual,False,92.0,31171.0,3.0,A-9f9299,5.0,1.0,0.0
A-9f9299,Company_133,FinTech,US,02-09-2023,organic,Enterprise,28,True,0,S-cf2b4a,A-9f9299,30-11-2023,15-08-2024,Pro,28,1372,16464,False,False,False,True,monthly,True,54.0,18276.0,9.0,A-9f9299,5.0,1.0,0.0
A-9f9299,Company_133,FinTech,US,02-09-2023,organic,Enterprise,28,True,0,S-4bb483,A-9f9299,06-10-2024,31-12-2026,Enterprise,28,5572,66864,False,False,False,False,monthly,True,40.0,14775.0,3.0,A-9f9299,5.0,1.0,0.0
A-9f9299,Company_133,FinTech,US,02-09-2023,organic,Enterprise,28,True,0,S-a66766,A-9f9299,09-03-2024,31-12-2026,Basic,28,532,6384,False,False,False,False,monthly,False,50.0,13540.0,4.0,A-9f9299,5.0,1.0,0.0
A-9f9299,Company_133,FinTech,US,02-09-2023,organic,Enterprise,28,True,0,S-32d56d,A-9f9299,27-11-2023,31-12-2026,Enterprise,28,5572,66864,False,False,False,False,annual,True,31.0,10487.0,1.0,A-9f9299,5.0,1.0,0.0
A-9f9299,Company_133,FinTech,US,02-09-2023,organic,Enterprise,28,True,0,S-4f21c1,A-9f9299,24-11-2023,20-07-2024,Enterprise,28,5572,66864,False,False,False,True,annual,True,45.0,11198.0,4.0,A-9f9299,5.0,1.0,0.0
A-9f9299,Company_133,FinTech,US,02-09-2023,organic,Enterprise,28,True,0,S-5e7357,A-9f9299,07-07-2024,31-12-2026,Pro,32,1568,18816,False,False,False,False,monthly,True,39.0,8052.0,0.0,A-9f9299,5.0,1.0,0.0
A-9f9299,Company_133,FinTech,US,02-09-2023,organic,Enterprise,28,True,0,S-5a2a05,A-9f9299,04-04-2024,31-12-2026,Basic,28,532,6384,False,False,False,False,monthly,True,90.0,18974.0,8.0,A-9f9299,5.0,1.0,0.0
A-9f9299,Company_133,FinTech,US,02-09-2023,organic,Enterprise,28,True,0,S-b93c11,A-9f9299,08-07-2024,31-12-2026,Basic,28,532,6384,False,False,False,False,monthly,False,126.0,49140.0,1.0,A-9f9299,5.0,1.0,0.0
A-9f9299,Company_133,FinTech,US,02-09-2023,organic,Enterprise,28,True,0,S-649bb6,A-9f9299,18-07-2024,31-12-2026,Enterprise,28,5572,66864,False,False,False,False,annual,False,60.0,23318.0,3.0,A-9f9299,5.0,1.0,0.0
A-9f9299,Company_133,FinTech,US,02-09-2023,organic,Enterprise,28,True,0,S-54df4c,A-9f9299,18-11-2024,31-12-2026,Pro,28,1372,16464,False,False,False,False,annual,True,11.0,2090.0,0.0,A-9f9299,5.0,1.0,0.0
A-9f9299,Company_133,FinTech,US,02-09-2023,organic,Enterprise,28,True,0,S-c41b43,A-9f9299,17-11-2024,31-12-2026,Basic,28,532,6384,False,False,False,False,monthly,True,39.0,8082.0,5.0,A-9f9299,5.0,1.0,0.0
A-96e141,Company_134,DevTools,UK,12-08-2023,partner,Basic,14,False,0,S-ceaca8,A-96e141,10-08-2024,31-12-2026,Enterprise,24,4776,57312,False,False,False,False,monthly,True,99.0,25435.0,3.0,A-96e141,5.0,2.6,0.0
A-96e141,Company_134,DevTools,UK,12-08-2023,partner,Basic,14,False,0,S-2d51ca,A-96e141,05-12-2023,31-12-2026,Pro,32,1568,18816,False,False,False,False,monthly,True,62.0,10022.0,2.0,A-96e141,5.0,2.6,0.0
A-96e141,Company_134,DevTools,UK,12-08-2023,partner,Basic,14,False,0,S-984423,A-96e141,21-08-2024,31-12-2026,Enterprise,25,4975,59700,False,False,False,False,monthly,True,20.0,8845.0,2.0,A-96e141,5.0,2.6,0.0
A-96e141,Company_134,DevTools,UK,12-08-2023,partner,Basic,14,False,0,S-a7ea10,A-96e141,05-08-2024,17-08-2024,Basic,15,285,3420,False,False,False,True,annual,True,64.0,16054.0,7.0,A-96e141,5.0,2.6,0.0
A-96e141,Company_134,DevTools,UK,12-08-2023,partner,Basic,14,False,0,S-9f57f5,A-96e141,04-05-2024,31-12-2026,Enterprise,14,2786,33432,False,False,False,False,monthly,True,26.0,4921.0,0.0,A-96e141,5.0,2.6,0.0
A-96e141,Company_134,DevTools,UK,12-08-2023,partner,Basic,14,False,0,S-06fb77,A-96e141,28-03-2024,31-12-2026,Pro,22,1078,12936,False,False,False,False,annual,True,39.0,11382.0,4.0,A-96e141,5.0,2.6,0.0
A-96e141,Company_134,DevTools,UK,12-08-2023,partner,Basic,14,False,0,S-e57fb8,A-96e141,14-10-2023,31-12-2026,Enterprise,40,0,0,True,False,False,False,monthly,True,36.0,4928.0,1.0,A-96e141,5.0,2.6,0.0
A-117171,Company_135,HealthTech,FR,12-09-2024,organic,Basic,45,False,1,S-f50afe,A-117171,11-11-2024,31-12-2026,Basic,45,855,10260,False,False,False,False,annual,True,53.0,12642.0,3.0,A-117171,6.0,1.8333333333333333,1.0
A-117171,Company_135,HealthTech,FR,12-09-2024,organic,Basic,45,False,1,S-2de283,A-117171,27-11-2024,31-12-2026,Pro,45,0,0,True,False,False,False,monthly,True,21.0,8693.0,3.0,A-117171,6.0,1.8333333333333333,1.0
A-117171,Company_135,HealthTech,FR,12-09-2024,organic,Basic,45,False,1,S-096835,A-117171,20-10-2024,31-12-2026,Enterprise,45,0,0,True,False,False,False,monthly,True,31.0,8790.0,2.0,A-117171,6.0,1.8333333333333333,1.0
A-117171,Company_135,HealthTech,FR,12-09-2024,organic,Basic,45,False,1,S-e71203,A-117171,02-10-2024,31-12-2026,Enterprise,45,8955,107460,False,False,True,False,monthly,True,54.0,16206.0,3.0,A-117171,6.0,1.8333333333333333,1.0
A-117171,Company_135,HealthTech,FR,12-09-2024,organic,Basic,45,False,1,S-1fb7ac,A-117171,14-12-2024,17-12-2024,Pro,45,2205,26460,False,False,False,True,annual,True,49.0,13533.0,0.0,A-117171,6.0,1.8333333333333333,1.0
A-313be3,Company_136,EdTech,US,15-11-2023,partner,Enterprise,47,True,0,S-7564e1,A-313be3,14-08-2024,31-12-2026,Enterprise,47,0,0,True,False,False,False,monthly,True,24.0,12308.0,3.0,A-313be3,4.0,1.25,1.0
A-313be3,Company_136,EdTech,US,15-11-2023,partner,Enterprise,47,True,0,S-70cc83,A-313be3,16-12-2024,31-12-2026,Pro,47,2303,27636,False,False,False,False,monthly,True,80.0,16548.0,7.0,A-313be3,4.0,1.25,1.0
A-313be3,Company_136,EdTech,US,15-11-2023,partner,Enterprise,47,True,0,S-0b6899,A-313be3,31-01-2024,31-12-2026,Enterprise,47,9353,112236,False,False,False,False,annual,False,32.0,16043.0,1.0,A-313be3,4.0,1.25,1.0
A-313be3,Company_136,EdTech,US,15-11-2023,partner,Enterprise,47,True,0,S-f5efe4,A-313be3,25-11-2023,31-12-2026,Enterprise,47,0,0,True,False,False,False,annual,True,62.0,22219.0,6.0,A-313be3,4.0,1.25,1.0
A-313be3,Company_136,EdTech,US,15-11-2023,partner,Enterprise,47,True,0,S-ac462f,A-313be3,03-12-2024,31-12-2026,Basic,47,0,0,True,False,False,False,monthly,True,54.0,15099.0,2.0,A-313be3,4.0,1.25,1.0
A-313be3,Company_136,EdTech,US,15-11-2023,partner,Enterprise,47,True,0,S-242e1b,A-313be3,25-08-2024,31-12-2026,Pro,47,2303,27636,False,True,False,False,annual,False,68.0,14257.0,6.0,A-313be3,4.0,1.25,1.0
A-313be3,Company_136,EdTech,US,15-11-2023,partner,Enterprise,47,True,0,S-c14566,A-313be3,11-12-2023,31-12-2026,Pro,47,2303,27636,False,False,False,False,annual,True,18.0,6528.0,0.0,A-313be3,4.0,1.25,1.0
A-313be3,Company_136,EdTech,US,15-11-2023,partner,Enterprise,47,True,0,S-db94ad,A-313be3,14-11-2024,31-12-2026,Enterprise,47,0,0,True,False,False,False,annual,True,53.0,16634.0,4.0,A-313be3,4.0,1.25,1.0
A-313be3,Company_136,EdTech,US,15-11-2023,partner,Enterprise,47,True,0,S-9f0371,A-313be3,03-07-2024,31-12-2026,Enterprise,47,0,0,True,False,False,False,annual,True,28.0,9198.0,2.0,A-313be3,4.0,1.25,1.0
A-313be3,Company_136,EdTech,US,15-11-2023,partner,Enterprise,47,True,0,S-b45a10,A-313be3,14-08-2024,31-12-2026,Pro,56,2744,32928,False,False,False,False,monthly,False,72.0,15068.0,6.0,A-313be3,4.0,1.25,1.0
A-313be3,Company_136,EdTech,US,15-11-2023,partner,Enterprise,47,True,0,S-9d8ac4,A-313be3,29-09-2024,31-12-2026,Basic,47,0,0,True,False,False,False,annual,True,69.0,20643.0,3.0,A-313be3,4.0,1.25,1.0
A-671f31,Company_137,DevTools,US,24-11-2024,ads,Basic,59,False,0,S-65ae02,A-671f31,14-12-2024,31-12-2026,Pro,59,2891,34692,False,False,False,False,annual,True,18.0,1807.0,2.0,A-671f31,7.0,3.0,0.0
A-671f31,Company_137,DevTools,US,24-11-2024,ads,Basic,59,False,0,S-c508b3,A-671f31,24-12-2024,31-12-2026,Enterprise,59,11741,140892,False,False,False,False,annual,False,13.0,2363.0,0.0,A-671f31,7.0,3.0,0.0
A-671f31,Company_137,DevTools,US,24-11-2024,ads,Basic,59,False,0,S-814624,A-671f31,28-12-2024,31-12-2026,Enterprise,82,0,0,True,False,True,False,annual,True,38.0,12068.0,6.0,A-671f31,7.0,3.0,0.0
A-671f31,Company_137,DevTools,US,24-11-2024,ads,Basic,59,False,0,S-330989,A-671f31,27-11-2024,31-12-2026,Pro,59,2891,34692,False,False,False,False,annual,True,45.0,11768.0,3.0,A-671f31,7.0,3.0,0.0
A-671f31,Company_137,DevTools,US,24-11-2024,ads,Basic,59,False,0,S-cb117a,A-671f31,07-12-2024,31-12-2026,Enterprise,59,11741,140892,False,False,False,False,annual,True,53.0,15443.0,5.0,A-671f31,7.0,3.0,0.0
A-671f31,Company_137,DevTools,US,24-11-2024,ads,Basic,59,False,0,S-68f388,A-671f31,27-11-2024,31-12-2026,Basic,59,1121,13452,False,False,False,False,monthly,True,0.0,0.0,0.0,A-671f31,7.0,3.0,0.0
A-bbc346,Company_138,FinTech,US,29-08-2024,partner,Enterprise,19,False,0,S-10bd09,A-bbc346,03-09-2024,31-12-2026,Basic,50,950,11400,False,False,False,False,annual,True,42.0,9279.0,0.0,A-bbc346,3.0,3.0,0.0
A-bbc346,Company_138,FinTech,US,29-08-2024,partner,Enterprise,19,False,0,S-a1d67e,A-bbc346,20-12-2024,31-12-2026,Pro,20,980,11760,False,False,False,False,annual,False,29.0,12744.0,1.0,A-bbc346,3.0,3.0,0.0
A-bbc346,Company_138,FinTech,US,29-08-2024,partner,Enterprise,19,False,0,S-cafa84,A-bbc346,16-09-2024,31-12-2026,Enterprise,19,3781,45372,False,False,False,False,annual,True,66.0,21584.0,6.0,A-bbc346,3.0,3.0,0.0
A-bbc346,Company_138,FinTech,US,29-08-2024,partner,Enterprise,19,False,0,S-504683,A-bbc346,24-11-2024,31-12-2026,Enterprise,19,3781,45372,False,False,False,False,annual,True,53.0,20808.0,5.0,A-bbc346,3.0,3.0,0.0
A-bbc346,Company_138,FinTech,US,29-08-2024,partner,Enterprise,19,False,0,S-56ed05,A-bbc346,24-12-2024,31-12-2026,Pro,19,0,0,True,False,True,False,annual,True,83.0,23461.0,10.0,A-bbc346,3.0,3.0,0.0
A-bbc346,Company_138,FinTech,US,29-08-2024,partner,Enterprise,19,False,0,S-44483e,A-bbc346,30-09-2024,22-10-2024,Enterprise,19,0,0,True,False,True,True,monthly,True,39.0,11668.0,0.0,A-bbc346,3.0,3.0,0.0
A-bbc346,Company_138,FinTech,US,29-08-2024,partner,Enterprise,19,False,0,S-43b6e9,A-bbc346,13-12-2024,31-12-2026,Enterprise,27,5373,64476,False,False,False,False,monthly,True,88.0,23895.0,5.0,A-bbc346,3.0,3.0,0.0
A-bbc346,Company_138,FinTech,US,29-08-2024,partner,Enterprise,19,False,0,S-913134,A-bbc346,29-11-2024,31-12-2026,Basic,40,760,9120,False,False,False,False,monthly,True,18.0,5076.0,0.0,A-bbc346,3.0,3.0,0.0
A-bbc346,Company_138,FinTech,US,29-08-2024,partner,Enterprise,19,False,0,S-2aafa6,A-bbc346,03-10-2024,31-12-2026,Enterprise,19,3781,45372,False,False,False,False,annual,True,67.0,8693.0,2.0,A-bbc346,3.0,3.0,0.0
A-bbc346,Company_138,FinTech,US,29-08-2024,partner,Enterprise,19,False,0,S-4d2bda,A-bbc346,27-09-2024,31-12-2026,Basic,19,0,0,True,True,False,False,annual,True,33.0,10417.0,3.0,A-bbc346,3.0,3.0,0.0
A-bbc346,Company_138,FinTech,US,29-08-2024,partner,Enterprise,19,False,0,S-ff681f,A-bbc346,31-08-2024,31-12-2026,Enterprise,19,3781,45372,False,True,False,False,annual,False,35.0,9685.0,3.0,A-bbc346,3.0,3.0,0.0
A-bbc346,Company_138,FinTech,US,29-08-2024,partner,Enterprise,19,False,0,S-495e57,A-bbc346,31-08-2024,26-10-2024,Pro,20,980,11760,False,True,False,True,annual,True,49.0,8029.0,0.0,A-bbc346,3.0,3.0,0.0
A-bbc346,Company_138,FinTech,US,29-08-2024,partner,Enterprise,19,False,0,S-618471,A-bbc346,20-10-2024,31-12-2026,Enterprise,45,8955,107460,False,False,False,False,monthly,True,48.0,14037.0,2.0,A-bbc346,3.0,3.0,0.0
A-c16101,Company_139,EdTech,IN,06-09-2024,other,Basic,7,False,0,S-720d62,A-c16101,05-10-2024,31-12-2026,Basic,53,1007,12084,False,False,False,False,monthly,True,68.0,16369.0,6.0,A-c16101,4.0,1.25,1.0
A-c16101,Company_139,EdTech,IN,06-09-2024,other,Basic,7,False,0,S-f74bdd,A-c16101,14-09-2024,31-12-2026,Enterprise,14,2786,33432,False,False,False,False,annual,True,38.0,18529.0,0.0,A-c16101,4.0,1.25,1.0
A-c16101,Company_139,EdTech,IN,06-09-2024,other,Basic,7,False,0,S-8c41e8,A-c16101,23-09-2024,31-12-2026,Basic,16,304,3648,False,True,False,False,annual,True,86.0,29092.0,6.0,A-c16101,4.0,1.25,1.0
A-c16101,Company_139,EdTech,IN,06-09-2024,other,Basic,7,False,0,S-2ee7ec,A-c16101,24-10-2024,31-12-2026,Basic,12,228,2736,False,False,False,False,monthly,True,82.0,29889.0,3.0,A-c16101,4.0,1.25,1.0
A-c16101,Company_139,EdTech,IN,06-09-2024,other,Basic,7,False,0,S-b152d6,A-c16101,25-12-2024,31-12-2026,Pro,7,343,4116,False,False,False,False,monthly,True,45.0,19863.0,6.0,A-c16101,4.0,1.25,1.0
A-c16101,Company_139,EdTech,IN,06-09-2024,other,Basic,7,False,0,S-7b3464,A-c16101,17-09-2024,31-12-2026,Enterprise,7,1393,16716,False,False,True,False,annual,False,37.0,8515.0,3.0,A-c16101,4.0,1.25,1.0
A-c16101,Company_139,EdTech,IN,06-09-2024,other,Basic,7,False,0,S-e477e9,A-c16101,06-09-2024,31-12-2026,Pro,7,343,4116,False,False,False,False,monthly,True,44.0,14078.0,1.0,A-c16101,4.0,1.25,1.0
A-c16101,Company_139,EdTech,IN,06-09-2024,other,Basic,7,False,0,S-9def16,A-c16101,10-12-2024,31-12-2026,Enterprise,22,4378,52536,False,False,False,False,monthly,True,66.0,18412.0,4.0,A-c16101,4.0,1.25,1.0
A-c16101,Company_139,EdTech,IN,06-09-2024,other,Basic,7,False,0,S-3cae45,A-c16101,18-10-2024,31-12-2026,Enterprise,7,1393,16716,False,False,False,False,annual,True,38.0,13523.0,0.0,A-c16101,4.0,1.25,1.0
A-c16101,Company_139,EdTech,IN,06-09-2024,other,Basic,7,False,0,S-00fb6e,A-c16101,22-10-2024,31-12-2026,Basic,13,247,2964,False,False,False,False,monthly,True,57.0,17714.0,0.0,A-c16101,4.0,1.25,1.0
A-50f3f7,Company_140,HealthTech,US,22-12-2023,partner,Basic,31,False,1,S-ff78bf,A-50f3f7,13-05-2024,31-12-2026,Pro,31,0,0,True,False,False,False,monthly,False,62.0,13374.0,5.0,A-50f3f7,6.0,2.5,1.0
A-50f3f7,Company_140,HealthTech,US,22-12-2023,partner,Basic,31,False,1,S-3e510d,A-50f3f7,27-06-2024,31-12-2026,Pro,31,1519,18228,False,False,True,False,annual,True,34.0,12316.0,2.0,A-50f3f7,6.0,2.5,1.0
A-50f3f7,Company_140,HealthTech,US,22-12-2023,partner,Basic,31,False,1,S-01bbfe,A-50f3f7,12-07-2024,31-12-2026,Pro,31,1519,18228,False,False,False,False,annual,True,19.0,3876.0,0.0,A-50f3f7,6.0,2.5,1.0
A-50f3f7,Company_140,HealthTech,US,22-12-2023,partner,Basic,31,False,1,S-44a7c3,A-50f3f7,23-10-2024,31-12-2026,Enterprise,31,6169,74028,False,False,False,False,monthly,True,67.0,21965.0,5.0,A-50f3f7,6.0,2.5,1.0
A-50f3f7,Company_140,HealthTech,US,22-12-2023,partner,Basic,31,False,1,S-688851,A-50f3f7,05-04-2024,31-12-2026,Basic,51,969,11628,False,False,False,False,annual,True,66.0,26204.0,1.0,A-50f3f7,6.0,2.5,1.0
A-50f3f7,Company_140,HealthTech,US,22-12-2023,partner,Basic,31,False,1,S-f020d4,A-50f3f7,17-12-2024,31-12-2026,Enterprise,31,6169,74028,False,False,False,False,annual,True,50.0,14622.0,6.0,A-50f3f7,6.0,2.5,1.0
A-50f3f7,Company_140,HealthTech,US,22-12-2023,partner,Basic,31,False,1,S-6b97b7,A-50f3f7,09-11-2024,31-12-2026,Enterprise,31,6169,74028,False,False,False,False,annual,True,84.0,25716.0,8.0,A-50f3f7,6.0,2.5,1.0
A-50f3f7,Company_140,HealthTech,US,22-12-2023,partner,Basic,31,False,1,S-2f2ba3,A-50f3f7,11-12-2024,31-12-2026,Enterprise,31,6169,74028,False,False,False,False,monthly,True,52.0,18899.0,7.0,A-50f3f7,6.0,2.5,1.0
A-50f3f7,Company_140,HealthTech,US,22-12-2023,partner,Basic,31,False,1,S-e21910,A-50f3f7,02-02-2024,31-12-2026,Basic,31,589,7068,False,False,False,False,monthly,True,50.0,14769.0,1.0,A-50f3f7,6.0,2.5,1.0
A-50f3f7,Company_140,HealthTech,US,22-12-2023,partner,Basic,31,False,1,S-495d33,A-50f3f7,24-07-2024,31-12-2026,Basic,31,589,7068,False,False,False,False,monthly,True,77.0,25998.0,4.0,A-50f3f7,6.0,2.5,1.0
A-50f3f7,Company_140,HealthTech,US,22-12-2023,partner,Basic,31,False,1,S-0185ce,A-50f3f7,01-06-2024,31-12-2026,Pro,31,0,0,True,False,False,False,annual,False,47.0,7371.0,3.0,A-50f3f7,6.0,2.5,1.0
A-50f3f7,Company_140,HealthTech,US,22-12-2023,partner,Basic,31,False,1,S-0e7e70,A-50f3f7,15-05-2024,31-12-2026,Pro,31,1519,18228,False,False,False,False,annual,True,18.0,2760.0,0.0,A-50f3f7,6.0,2.5,1.0
A-50f3f7,Company_140,HealthTech,US,22-12-2023,partner,Basic,31,False,1,S-6bf118,A-50f3f7,06-11-2024,31-12-2026,Basic,117,2223,26676,False,False,False,False,monthly,True,9.0,2286.0,0.0,A-50f3f7,6.0,2.5,1.0
A-50f3f7,Company_140,HealthTech,US,22-12-2023,partner,Basic,31,False,1,S-ae6295,A-50f3f7,06-05-2024,31-12-2026,Pro,31,1519,18228,False,False,True,False,annual,True,33.0,8760.0,3.0,A-50f3f7,6.0,2.5,1.0
A-50f3f7,Company_140,HealthTech,US,22-12-2023,partner,Basic,31,False,1,S-4b005c,A-50f3f7,05-01-2024,31-12-2026,Enterprise,45,8955,107460,False,False,False,False,annual,True,17.0,7977.0,0.0,A-50f3f7,6.0,2.5,1.0
A-7da956,Company_141,Cybersecurity,US,02-06-2024,event,Pro,13,True,0,S-ceb9bd,A-7da956,12-11-2024,31-12-2026,Pro,20,980,11760,False,False,False,False,annual,True,69.0,17801.0,1.0,A-7da956,3.0,1.6666666666666667,0.0
A-7da956,Company_141,Cybersecurity,US,02-06-2024,event,Pro,13,True,0,S-bb9299,A-7da956,16-10-2024,31-12-2026,Pro,13,0,0,True,False,False,False,annual,True,48.0,5883.0,2.0,A-7da956,3.0,1.6666666666666667,0.0
A-7da956,Company_141,Cybersecurity,US,02-06-2024,event,Pro,13,True,0,S-dfd629,A-7da956,15-06-2024,31-12-2026,Basic,26,0,0,True,False,False,False,annual,True,17.0,4262.0,3.0,A-7da956,3.0,1.6666666666666667,0.0
A-7da956,Company_141,Cybersecurity,US,02-06-2024,event,Pro,13,True,0,S-a55d16,A-7da956,23-07-2024,31-12-2026,Basic,13,247,2964,False,False,False,False,monthly,False,25.0,6419.0,0.0,A-7da956,3.0,1.6666666666666667,0.0
A-7da956,Company_141,Cybersecurity,US,02-06-2024,event,Pro,13,True,0,S-632337,A-7da956,26-09-2024,29-12-2024,Enterprise,14,2786,33432,False,False,False,True,monthly,True,43.0,10869.0,3.0,A-7da956,3.0,1.6666666666666667,0.0
A-7da956,Company_141,Cybersecurity,US,02-06-2024,event,Pro,13,True,0,S-d19da0,A-7da956,04-11-2024,31-12-2026,Basic,13,247,2964,False,False,False,False,annual,True,33.0,8509.0,0.0,A-7da956,3.0,1.6666666666666667,0.0
A-7da956,Company_141,Cybersecurity,US,02-06-2024,event,Pro,13,True,0,S-456d47,A-7da956,08-10-2024,31-12-2026,Enterprise,13,2587,31044,False,False,False,False,monthly,True,39.0,9855.0,3.0,A-7da956,3.0,1.6666666666666667,0.0
A-7da956,Company_141,Cybersecurity,US,02-06-2024,event,Pro,13,True,0,S-e1e2bf,A-7da956,24-09-2024,04-11-2024,Basic,13,247,2964,False,False,True,True,annual,True,24.0,13532.0,0.0,A-7da956,3.0,1.6666666666666667,0.0
A-7da956,Company_141,Cybersecurity,US,02-06-2024,event,Pro,13,True,0,S-510999,A-7da956,30-06-2024,31-12-2026,Enterprise,13,0,0,True,True,False,False,monthly,True,100.0,33915.0,5.0,A-7da956,3.0,1.6666666666666667,0.0
A-7da956,Company_141,Cybersecurity,US,02-06-2024,event,Pro,13,True,0,S-3c5dab,A-7da956,13-08-2024,31-12-2026,Basic,13,247,2964,False,False,False,False,monthly,True,47.0,10493.0,6.0,A-7da956,3.0,1.6666666666666667,0.0
A-7da956,Company_141,Cybersecurity,US,02-06-2024,event,Pro,13,True,0,S-808efb,A-7da956,16-11-2024,31-12-2026,Enterprise,15,2985,35820,False,False,True,False,monthly,True,15.0,3540.0,2.0,A-7da956,3.0,1.6666666666666667,0.0
A-7da956,Company_141,Cybersecurity,US,02-06-2024,event,Pro,13,True,0,S-9bc272,A-7da956,20-07-2024,31-12-2026,Pro,13,637,7644,False,False,False,False,annual,True,83.0,25353.0,10.0,A-7da956,3.0,1.6666666666666667,0.0
A-019782,Company_142,DevTools,FR,19-04-2023,event,Enterprise,11,False,0,S-2fd650,A-019782,04-12-2024,31-12-2026,Enterprise,15,0,0,True,False,False,False,annual,False,60.0,12901.0,2.0,A-019782,2.0,1.5,0.0
A-019782,Company_142,DevTools,FR,19-04-2023,event,Enterprise,11,False,0,S-b7f657,A-019782,28-08-2023,31-12-2026,Enterprise,13,2587,31044,False,False,False,False,annual,True,60.0,20577.0,3.0,A-019782,2.0,1.5,0.0
A-019782,Company_142,DevTools,FR,19-04-2023,event,Enterprise,11,False,0,S-f018e9,A-019782,25-06-2024,31-12-2026,Basic,14,266,3192,False,False,False,False,annual,True,97.0,37193.0,9.0,A-019782,2.0,1.5,0.0
A-019782,Company_142,DevTools,FR,19-04-2023,event,Enterprise,11,False,0,S-3ea3af,A-019782,16-05-2024,31-12-2026,Pro,11,539,6468,False,False,False,False,monthly,False,74.0,24901.0,1.0,A-019782,2.0,1.5,0.0
A-019782,Company_142,DevTools,FR,19-04-2023,event,Enterprise,11,False,0,S-7820a5,A-019782,16-08-2023,31-12-2026,Pro,15,735,8820,False,False,False,False,monthly,True,81.0,16572.0,6.0,A-019782,2.0,1.5,0.0
A-019782,Company_142,DevTools,FR,19-04-2023,event,Enterprise,11,False,0,S-3ec165,A-019782,19-08-2023,27-11-2023,Enterprise,16,3184,38208,False,False,False,True,annual,True,61.0,14015.0,1.0,A-019782,2.0,1.5,0.0
A-019782,Company_142,DevTools,FR,19-04-2023,event,Enterprise,11,False,0,S-b37d03,A-019782,08-06-2023,31-12-2026,Pro,17,833,9996,False,True,False,False,annual,True,48.0,8231.0,0.0,A-019782,2.0,1.5,0.0
A-019782,Company_142,DevTools,FR,19-04-2023,event,Enterprise,11,False,0,S-b6e44c,A-019782,26-10-2023,31-12-2026,Basic,11,209,2508,False,False,False,False,annual,False,59.0,21633.0,5.0,A-019782,2.0,1.5,0.0
A-019782,Company_142,DevTools,FR,19-04-2023,event,Enterprise,11,False,0,S-15662a,A-019782,22-02-2024,31-12-2026,Basic,11,0,0,True,False,False,False,annual,True,22.0,4825.0,3.0,A-019782,2.0,1.5,0.0
A-df10db,Company_143,DevTools,US,06-06-2023,other,Enterprise,2,True,0,S-3cc163,A-df10db,02-07-2024,31-12-2026,Basic,68,0,0,True,True,False,False,annual,False,60.0,16907.0,3.0,A-df10db,2.0,3.0,1.0
A-df10db,Company_143,DevTools,US,06-06-2023,other,Enterprise,2,True,0,S-fa7c1a,A-df10db,21-10-2024,31-12-2026,Enterprise,12,2388,28656,False,False,False,False,monthly,True,25.0,6177.0,7.0,A-df10db,2.0,3.0,1.0
A-df10db,Company_143,DevTools,US,06-06-2023,other,Enterprise,2,True,0,S-5b4149,A-df10db,23-10-2023,31-12-2026,Basic,7,133,1596,False,False,False,False,annual,True,53.0,13104.0,1.0,A-df10db,2.0,3.0,1.0
A-df10db,Company_143,DevTools,US,06-06-2023,other,Enterprise,2,True,0,S-5e8d9f,A-df10db,30-05-2024,31-12-2026,Enterprise,33,6567,78804,False,False,False,False,annual,True,93.0,28161.0,14.0,A-df10db,2.0,3.0,1.0
A-df10db,Company_143,DevTools,US,06-06-2023,other,Enterprise,2,True,0,S-52699f,A-df10db,25-08-2023,03-12-2024,Basic,14,266,3192,False,False,False,True,monthly,True,67.0,25083.0,2.0,A-df10db,2.0,3.0,1.0
A-df10db,Company_143,DevTools,US,06-06-2023,other,Enterprise,2,True,0,S-a525b3,A-df10db,05-12-2023,31-12-2026,Pro,7,343,4116,False,True,False,False,monthly,False,64.0,27768.0,0.0,A-df10db,2.0,3.0,1.0
A-df10db,Company_143,DevTools,US,06-06-2023,other,Enterprise,2,True,0,S-bbd26a,A-df10db,24-06-2024,31-12-2026,Basic,3,57,684,False,False,False,False,monthly,True,33.0,12988.0,5.0,A-df10db,2.0,3.0,1.0
A-df10db,Company_143,DevTools,US,06-06-2023,other,Enterprise,2,True,0,S-65d722,A-df10db,23-09-2023,31-12-2026,Basic,2,38,456,False,False,False,False,monthly,True,68.0,12786.0,0.0,A-df10db,2.0,3.0,1.0
A-df10db,Company_143,DevTools,US,06-06-2023,other,Enterprise,2,True,0,S-bbff6f,A-df10db,19-05-2024,31-12-2026,Pro,26,1274,15288,False,False,False,False,monthly,True,122.0,38127.0,2.0,A-df10db,2.0,3.0,1.0
A-df10db,Company_143,DevTools,US,06-06-2023,other,Enterprise,2,True,0,S-ea389c,A-df10db,08-09-2024,31-12-2026,Basic,14,266,3192,False,False,False,False,monthly,True,42.0,12825.0,2.0,A-df10db,2.0,3.0,1.0
A-df10db,Company_143,DevTools,US,06-06-2023,other,Enterprise,2,True,0,S-611bf8,A-df10db,08-09-2023,31-12-2026,Enterprise,2,398,4776,False,False,False,False,annual,True,70.0,21050.0,4.0,A-df10db,2.0,3.0,1.0
A-3932db,Company_144,HealthTech,CA,04-10-2023,other,Pro,19,True,1,S-409291,A-3932db,29-10-2024,31-12-2026,Pro,36,1764,21168,False,False,False,False,annual,True,74.0,24942.0,4.0,A-3932db,6.0,2.1666666666666665,0.0
A-3932db,Company_144,HealthTech,CA,04-10-2023,other,Pro,19,True,1,S-12902a,A-3932db,21-09-2024,31-12-2026,Enterprise,19,3781,45372,False,True,False,False,monthly,True,45.0,11610.0,2.0,A-3932db,6.0,2.1666666666666665,0.0
A-3932db,Company_144,HealthTech,CA,04-10-2023,other,Pro,19,True,1,S-81caea,A-3932db,15-02-2024,31-12-2026,Basic,19,361,4332,False,True,True,False,monthly,True,67.0,23322.0,6.0,A-3932db,6.0,2.1666666666666665,0.0
A-3932db,Company_144,HealthTech,CA,04-10-2023,other,Pro,19,True,1,S-7d8dde,A-3932db,29-11-2024,31-12-2026,Enterprise,35,6965,83580,False,False,False,False,monthly,True,43.0,14618.0,0.0,A-3932db,6.0,2.1666666666666665,0.0
A-3932db,Company_144,HealthTech,CA,04-10-2023,other,Pro,19,True,1,S-3d46f8,A-3932db,10-12-2023,31-12-2026,Basic,23,437,5244,False,False,False,False,monthly,True,31.0,5423.0,2.0,A-3932db,6.0,2.1666666666666665,0.0
A-3932db,Company_144,HealthTech,CA,04-10-2023,other,Pro,19,True,1,S-9bf1a0,A-3932db,06-03-2024,31-12-2026,Basic,41,779,9348,False,False,False,False,monthly,True,40.0,18843.0,5.0,A-3932db,6.0,2.1666666666666665,0.0
A-3932db,Company_144,HealthTech,CA,04-10-2023,other,Pro,19,True,1,S-8464b6,A-3932db,24-07-2024,10-08-2024,Pro,58,0,0,True,False,False,True,monthly,True,12.0,3378.0,0.0,A-3932db,6.0,2.1666666666666665,0.0
A-3932db,Company_144,HealthTech,CA,04-10-2023,other,Pro,19,True,1,S-697d16,A-3932db,31-12-2024,31-12-2026,Enterprise,19,0,0,True,False,False,False,monthly,True,44.0,13980.0,0.0,A-3932db,6.0,2.1666666666666665,0.0
A-3932db,Company_144,HealthTech,CA,04-10-2023,other,Pro,19,True,1,S-c0d979,A-3932db,19-09-2024,31-12-2026,Enterprise,19,0,0,True,False,False,False,annual,True,78.0,18847.0,9.0,A-3932db,6.0,2.1666666666666665,0.0
A-4f18f0,Company_145,DevTools,CA,21-04-2024,other,Pro,24,True,0,S-d9ad28,A-4f18f0,28-04-2024,31-12-2026,Pro,24,1176,14112,False,False,False,False,monthly,False,45.0,19294.0,1.0,A-4f18f0,5.0,3.2,0.0
A-4f18f0,Company_145,DevTools,CA,21-04-2024,other,Pro,24,True,0,S-9ed535,A-4f18f0,04-10-2024,31-12-2026,Enterprise,24,4776,57312,False,False,False,False,annual,True,42.0,12658.0,5.0,A-4f18f0,5.0,3.2,0.0
A-4f18f0,Company_145,DevTools,CA,21-04-2024,other,Pro,24,True,0,S-1876fb,A-4f18f0,12-10-2024,31-12-2026,Enterprise,59,11741,140892,False,False,False,False,monthly,False,48.0,16959.0,4.0,A-4f18f0,5.0,3.2,0.0
A-4f18f0,Company_145,DevTools,CA,21-04-2024,other,Pro,24,True,0,S-7f92bd,A-4f18f0,04-06-2024,10-08-2024,Basic,24,456,5472,False,False,True,True,monthly,True,38.0,12555.0,2.0,A-4f18f0,5.0,3.2,0.0
A-4f18f0,Company_145,DevTools,CA,21-04-2024,other,Pro,24,True,0,S-afa2a9,A-4f18f0,26-07-2024,31-12-2026,Enterprise,24,4776,57312,False,False,False,False,annual,True,40.0,15078.0,1.0,A-4f18f0,5.0,3.2,0.0
A-4f18f0,Company_145,DevTools,CA,21-04-2024,other,Pro,24,True,0,S-21b68e,A-4f18f0,25-04-2024,31-12-2026,Enterprise,25,0,0,True,False,False,False,monthly,True,87.0,25857.0,4.0,A-4f18f0,5.0,3.2,0.0
A-4f18f0,Company_145,DevTools,CA,21-04-2024,other,Pro,24,True,0,S-541d7a,A-4f18f0,05-09-2024,11-10-2024,Pro,24,0,0,True,False,False,True,annual,False,9.0,4590.0,0.0,A-4f18f0,5.0,3.2,0.0
A-4f18f0,Company_145,DevTools,CA,21-04-2024,other,Pro,24,True,0,S-7db513,A-4f18f0,01-06-2024,31-12-2026,Enterprise,24,4776,57312,False,False,False,False,monthly,True,45.0,14281.0,0.0,A-4f18f0,5.0,3.2,0.0
A-4f18f0,Company_145,DevTools,CA,21-04-2024,other,Pro,24,True,0,S-f2e134,A-4f18f0,09-08-2024,07-10-2024,Basic,25,475,5700,False,False,False,True,monthly,True,60.0,6573.0,3.0,A-4f18f0,5.0,3.2,0.0
A-4f18f0,Company_145,DevTools,CA,21-04-2024,other,Pro,24,True,0,S-4260ed,A-4f18f0,15-07-2024,31-12-2026,Basic,24,456,5472,False,False,False,False,annual,True,19.0,7986.0,0.0,A-4f18f0,5.0,3.2,0.0
A-4f18f0,Company_145,DevTools,CA,21-04-2024,other,Pro,24,True,0,S-1c7a41,A-4f18f0,20-12-2024,31-12-2026,Basic,24,456,5472,False,False,False,False,monthly,True,30.0,11901.0,0.0,A-4f18f0,5.0,3.2,0.0
A-4f18f0,Company_145,DevTools,CA,21-04-2024,other,Pro,24,True,0,S-00bb84,A-4f18f0,07-07-2024,31-12-2026,Pro,24,1176,14112,False,False,False,False,annual,True,81.0,20319.0,5.0,A-4f18f0,5.0,3.2,0.0
A-4c6f11,Company_146,FinTech,CA,27-11-2023,organic,Pro,24,True,1,S-d322a2,A-4c6f11,01-08-2024,31-12-2026,Basic,24,456,5472,False,False,False,False,monthly,True,66.0,22277.0,4.0,A-4c6f11,3.0,4.333333333333333,0.0
A-4c6f11,Company_146,FinTech,CA,27-11-2023,organic,Pro,24,True,1,S-37b6b2,A-4c6f11,10-05-2024,31-12-2026,Pro,24,1176,14112,False,False,False,False,annual,False,48.0,14723.0,0.0,A-4c6f11,3.0,4.333333333333333,0.0
A-4c6f11,Company_146,FinTech,CA,27-11-2023,organic,Pro,24,True,1,S-911e27,A-4c6f11,14-07-2024,31-12-2026,Basic,35,665,7980,False,False,False,False,monthly,False,48.0,19698.0,0.0,A-4c6f11,3.0,4.333333333333333,0.0
A-4c6f11,Company_146,FinTech,CA,27-11-2023,organic,Pro,24,True,1,S-b4d224,A-4c6f11,31-05-2024,31-12-2026,Basic,27,513,6156,False,False,True,False,annual,True,42.0,15120.0,0.0,A-4c6f11,3.0,4.333333333333333,0.0
A-4c6f11,Company_146,FinTech,CA,27-11-2023,organic,Pro,24,True,1,S-f1826f,A-4c6f11,30-03-2024,31-12-2026,Enterprise,24,4776,57312,False,False,False,False,monthly,True,64.0,13037.0,0.0,A-4c6f11,3.0,4.333333333333333,0.0
A-8ae05d,Company_147,FinTech,IN,06-04-2024,other,Enterprise,86,False,0,S-be601b,A-8ae05d,07-07-2024,31-12-2026,Basic,86,1634,19608,False,False,False,False,monthly,True,34.0,17791.0,0.0,A-8ae05d,1.0,4.0,0.0
A-8ae05d,Company_147,FinTech,IN,06-04-2024,other,Enterprise,86,False,0,S-a1d3ad,A-8ae05d,09-06-2024,31-12-2026,Basic,86,0,0,True,False,False,False,monthly,True,10.0,5950.0,0.0,A-8ae05d,1.0,4.0,0.0
A-8ae05d,Company_147,FinTech,IN,06-04-2024,other,Enterprise,86,False,0,S-55db9e,A-8ae05d,19-08-2024,31-12-2026,Basic,86,1634,19608,False,False,False,False,annual,False,36.0,11408.0,5.0,A-8ae05d,1.0,4.0,0.0
A-8ae05d,Company_147,FinTech,IN,06-04-2024,other,Enterprise,86,False,0,S-a54fb2,A-8ae05d,01-06-2024,31-12-2026,Basic,86,1634,19608,False,False,False,False,annual,False,38.0,10229.0,1.0,A-8ae05d,1.0,4.0,0.0
A-8ae05d,Company_147,FinTech,IN,06-04-2024,other,Enterprise,86,False,0,S-f74e00,A-8ae05d,02-12-2024,31-12-2026,Pro,86,4214,50568,False,False,False,False,monthly,True,17.0,7239.0,0.0,A-8ae05d,1.0,4.0,0.0
A-8ae05d,Company_147,FinTech,IN,06-04-2024,other,Enterprise,86,False,0,S-f4b648,A-8ae05d,27-11-2024,28-12-2024,Enterprise,86,17114,205368,False,False,False,True,annual,True,31.0,11219.0,0.0,A-8ae05d,1.0,4.0,0.0
A-8ae05d,Company_147,FinTech,IN,06-04-2024,other,Enterprise,86,False,0,S-b8c3e6,A-8ae05d,13-12-2024,31-12-2026,Enterprise,86,0,0,True,False,False,False,monthly,True,37.0,13610.0,4.0,A-8ae05d,1.0,4.0,0.0
A-b78bf8,Company_148,DevTools,US,15-11-2024,event,Pro,33,False,0,S-75e469,A-b78bf8,28-12-2024,31-12-2026,Pro,33,1617,19404,False,False,False,False,monthly,True,25.0,3947.0,1.0,A-b78bf8,5.0,4.2,0.0
A-b78bf8,Company_148,DevTools,US,15-11-2024,event,Pro,33,False,0,S-b18ae9,A-b78bf8,14-12-2024,31-12-2026,Pro,33,1617,19404,False,False,False,False,monthly,True,69.0,19733.0,0.0,A-b78bf8,5.0,4.2,0.0
A-b78bf8,Company_148,DevTools,US,15-11-2024,event,Pro,33,False,0,S-4b5470,A-b78bf8,17-11-2024,31-12-2026,Enterprise,33,6567,78804,False,False,False,False,monthly,True,40.0,11357.0,0.0,A-b78bf8,5.0,4.2,0.0
A-b78bf8,Company_148,DevTools,US,15-11-2024,event,Pro,33,False,0,S-cd0f21,A-b78bf8,08-12-2024,31-12-2026,Enterprise,49,9751,117012,False,True,True,False,annual,True,90.0,30603.0,6.0,A-b78bf8,5.0,4.2,0.0
A-b78bf8,Company_148,DevTools,US,15-11-2024,event,Pro,33,False,0,S-a9b8a2,A-b78bf8,25-11-2024,31-12-2026,Pro,33,1617,19404,False,False,False,False,annual,True,91.0,23985.0,1.0,A-b78bf8,5.0,4.2,0.0
A-b78bf8,Company_148,DevTools,US,15-11-2024,event,Pro,33,False,0,S-4f3461,A-b78bf8,18-12-2024,31-12-2026,Enterprise,33,0,0,True,False,False,False,monthly,True,19.0,7968.0,1.0,A-b78bf8,5.0,4.2,0.0
A-b78bf8,Company_148,DevTools,US,15-11-2024,event,Pro,33,False,0,S-012ab9,A-b78bf8,04-12-2024,31-12-2026,Basic,33,627,7524,False,False,False,False,monthly,True,64.0,16978.0,2.0,A-b78bf8,5.0,4.2,0.0
A-b78bf8,Company_148,DevTools,US,15-11-2024,event,Pro,33,False,0,S-cc30c5,A-b78bf8,17-11-2024,31-12-2026,Basic,33,627,7524,False,False,False,False,monthly,True,23.0,9231.0,0.0,A-b78bf8,5.0,4.2,0.0
A-eafc6e,Company_149,DevTools,US,06-07-2023,partner,Pro,27,False,1,S-a1d6ad,A-eafc6e,01-09-2024,31-12-2026,Pro,27,1323,15876,False,False,False,False,monthly,True,53.0,16538.0,3.0,A-eafc6e,1.0,0.0,0.0
A-eafc6e,Company_149,DevTools,US,06-07-2023,partner,Pro,27,False,1,S-672f1b,A-eafc6e,08-08-2023,31-12-2026,Pro,27,1323,15876,False,False,False,False,monthly,True,28.0,4635.0,0.0,A-eafc6e,1.0,0.0,0.0
A-eafc6e,Company_149,DevTools,US,06-07-2023,partner,Pro,27,False,1,S-9225ac,A-eafc6e,28-09-2024,31-12-2026,Pro,31,0,0,True,False,False,False,annual,True,55.0,18647.0,0.0,A-eafc6e,1.0,0.0,0.0
A-eafc6e,Company_149,DevTools,US,06-07-2023,partner,Pro,27,False,1,S-779baa,A-eafc6e,30-10-2024,31-12-2026,Basic,30,0,0,True,False,False,False,monthly,True,51.0,20087.0,4.0,A-eafc6e,1.0,0.0,0.0
A-eafc6e,Company_149,DevTools,US,06-07-2023,partner,Pro,27,False,1,S-3e5a20,A-eafc6e,17-07-2024,31-12-2026,Basic,76,1444,17328,False,False,False,False,monthly,False,49.0,7612.0,6.0,A-eafc6e,1.0,0.0,0.0
A-eafc6e,Company_149,DevTools,US,06-07-2023,partner,Pro,27,False,1,S-802cc6,A-eafc6e,15-11-2023,31-12-2026,Enterprise,34,6766,81192,False,False,False,False,annual,True,41.0,17582.0,2.0,A-eafc6e,1.0,0.0,0.0
A-eafc6e,Company_149,DevTools,US,06-07-2023,partner,Pro,27,False,1,S-909b7f,A-eafc6e,16-08-2024,31-12-2026,Enterprise,27,5373,64476,False,False,False,False,monthly,True,23.0,5117.0,0.0,A-eafc6e,1.0,0.0,0.0
A-37f969,Company_150,HealthTech,IN,14-10-2023,partner,Enterprise,30,False,0,S-ed32c7,A-37f969,24-10-2023,31-12-2026,Pro,30,1470,17640,False,False,False,False,annual,False,36.0,16800.0,0.0,A-37f969,5.0,2.2,1.0
A-37f969,Company_150,HealthTech,IN,14-10-2023,partner,Enterprise,30,False,0,S-e6f639,A-37f969,02-12-2023,31-12-2026,Pro,30,1470,17640,False,False,False,False,monthly,True,27.0,10235.0,0.0,A-37f969,5.0,2.2,1.0
A-37f969,Company_150,HealthTech,IN,14-10-2023,partner,Enterprise,30,False,0,S-c2168a,A-37f969,22-08-2024,31-12-2026,Basic,30,570,6840,False,False,False,False,monthly,True,54.0,14803.0,6.0,A-37f969,5.0,2.2,1.0
A-37f969,Company_150,HealthTech,IN,14-10-2023,partner,Enterprise,30,False,0,S-969aac,A-37f969,14-05-2024,31-12-2026,Enterprise,30,5970,71640,False,False,False,False,monthly,False,11.0,1573.0,0.0,A-37f969,5.0,2.2,1.0
A-37f969,Company_150,HealthTech,IN,14-10-2023,partner,Enterprise,30,False,0,S-5eeb46,A-37f969,05-06-2024,31-12-2026,Basic,30,570,6840,False,False,False,False,annual,True,77.0,23456.0,4.0,A-37f969,5.0,2.2,1.0
A-37f969,Company_150,HealthTech,IN,14-10-2023,partner,Enterprise,30,False,0,S-3947da,A-37f969,12-09-2024,31-12-2026,Enterprise,30,5970,71640,False,True,False,False,annual,True,59.0,22789.0,3.0,A-37f969,5.0,2.2,1.0
A-37f969,Company_150,HealthTech,IN,14-10-2023,partner,Enterprise,30,False,0,S-6403db,A-37f969,02-11-2023,31-12-2026,Basic,51,969,11628,False,False,False,False,monthly,True,8.0,768.0,0.0,A-37f969,5.0,2.2,1.0
A-37f969,Company_150,HealthTech,IN,14-10-2023,partner,Enterprise,30,False,0,S-3bb28f,A-37f969,20-01-2024,31-12-2026,Enterprise,30,5970,71640,False,True,False,False,monthly,True,40.0,17428.0,1.0,A-37f969,5.0,2.2,1.0
A-10b8f2,Company_151,HealthTech,DE,11-01-2023,organic,Basic,47,True,0,S-49a9aa,A-10b8f2,16-06-2023,31-12-2026,Basic,51,969,11628,False,False,False,False,annual,True,21.0,1995.0,2.0,A-10b8f2,3.0,4.333333333333333,0.0
A-10b8f2,Company_151,HealthTech,DE,11-01-2023,organic,Basic,47,True,0,S-d4cc9b,A-10b8f2,03-10-2023,31-12-2026,Pro,54,2646,31752,False,False,False,False,annual,True,16.0,7274.0,0.0,A-10b8f2,3.0,4.333333333333333,0.0
A-10b8f2,Company_151,HealthTech,DE,11-01-2023,organic,Basic,47,True,0,S-5e558a,A-10b8f2,07-10-2023,31-12-2026,Enterprise,47,9353,112236,False,False,False,False,annual,True,51.0,19687.0,0.0,A-10b8f2,3.0,4.333333333333333,0.0
A-10b8f2,Company_151,HealthTech,DE,11-01-2023,organic,Basic,47,True,0,S-bff3b5,A-10b8f2,22-03-2024,31-12-2026,Pro,47,2303,27636,False,False,False,False,monthly,False,47.0,10689.0,0.0,A-10b8f2,3.0,4.333333333333333,0.0
A-10b8f2,Company_151,HealthTech,DE,11-01-2023,organic,Basic,47,True,0,S-3ff7bb,A-10b8f2,15-08-2024,31-12-2026,Basic,47,0,0,True,True,False,False,monthly,True,43.0,17320.0,3.0,A-10b8f2,3.0,4.333333333333333,0.0
A-10b8f2,Company_151,HealthTech,DE,11-01-2023,organic,Basic,47,True,0,S-7ea264,A-10b8f2,10-04-2024,31-12-2026,Enterprise,47,9353,112236,False,False,False,False,annual,True,7.0,2863.0,2.0,A-10b8f2,3.0,4.333333333333333,0.0
A-10b8f2,Company_151,HealthTech,DE,11-01-2023,organic,Basic,47,True,0,S-4a2fc6,A-10b8f2,05-08-2023,31-12-2026,Basic,47,0,0,True,False,False,False,annual,True,65.0,21075.0,5.0,A-10b8f2,3.0,4.333333333333333,0.0
A-10b8f2,Company_151,HealthTech,DE,11-01-2023,organic,Basic,47,True,0,S-4a89a7,A-10b8f2,19-04-2023,31-12-2026,Basic,47,893,10716,False,False,False,False,monthly,False,35.0,7056.0,1.0,A-10b8f2,3.0,4.333333333333333,0.0
A-10b8f2,Company_151,HealthTech,DE,11-01-2023,organic,Basic,47,True,0,S-1cefc9,A-10b8f2,16-12-2024,31-12-2026,Pro,48,2352,28224,False,False,False,False,annual,True,51.0,16804.0,1.0,A-10b8f2,3.0,4.333333333333333,0.0
A-10b8f2,Company_151,HealthTech,DE,11-01-2023,organic,Basic,47,True,0,S-fa9b43,A-10b8f2,05-02-2023,31-12-2026,Basic,47,0,0,True,False,False,False,annual,False,48.0,15221.0,1.0,A-10b8f2,3.0,4.333333333333333,0.0
A-10b8f2,Company_151,HealthTech,DE,11-01-2023,organic,Basic,47,True,0,S-2a73e2,A-10b8f2,29-01-2024,31-12-2026,Basic,47,893,10716,False,False,False,False,annual,False,122.0,37399.0,3.0,A-10b8f2,3.0,4.333333333333333,0.0
A-10b8f2,Company_151,HealthTech,DE,11-01-2023,organic,Basic,47,True,0,S-4e563b,A-10b8f2,26-04-2024,31-12-2026,Basic,103,1957,23484,False,False,False,False,annual,True,54.0,15800.0,5.0,A-10b8f2,3.0,4.333333333333333,0.0
A-439b2f,Company_152,DevTools,US,21-02-2024,ads,Enterprise,1,False,1,S-94cfff,A-439b2f,16-04-2024,18-05-2024,Pro,22,0,0,True,False,False,True,annual,True,53.0,18171.0,0.0,A-439b2f,3.0,0.0,0.0
A-439b2f,Company_152,DevTools,US,21-02-2024,ads,Enterprise,1,False,1,S-ea3d54,A-439b2f,30-05-2024,31-12-2026,Enterprise,1,199,2388,False,False,False,False,monthly,False,43.0,9216.0,2.0,A-439b2f,3.0,0.0,0.0
A-439b2f,Company_152,DevTools,US,21-02-2024,ads,Enterprise,1,False,1,S-0a765d,A-439b2f,03-07-2024,31-12-2026,Basic,4,76,912,False,False,False,False,monthly,True,9.0,5346.0,3.0,A-439b2f,3.0,0.0,0.0
A-439b2f,Company_152,DevTools,US,21-02-2024,ads,Enterprise,1,False,1,S-e48c4d,A-439b2f,09-03-2024,31-12-2026,Basic,7,133,1596,False,False,False,False,annual,True,29.0,5550.0,0.0,A-439b2f,3.0,0.0,0.0
A-439b2f,Company_152,DevTools,US,21-02-2024,ads,Enterprise,1,False,1,S-83ee75,A-439b2f,27-12-2024,31-12-2026,Pro,26,1274,15288,False,True,False,False,monthly,True,11.0,3380.0,0.0,A-439b2f,3.0,0.0,0.0
A-439b2f,Company_152,DevTools,US,21-02-2024,ads,Enterprise,1,False,1,S-dab0d8,A-439b2f,16-05-2024,31-12-2026,Basic,6,114,1368,False,False,False,False,annual,True,26.0,12608.0,0.0,A-439b2f,3.0,0.0,0.0
A-544d0a,Company_153,DevTools,US,02-05-2024,organic,Basic,2,True,0,S-c9f8c1,A-544d0a,23-07-2024,31-12-2026,Enterprise,5,995,11940,False,False,True,False,monthly,True,28.0,6860.0,1.0,A-544d0a,2.0,4.0,1.0
A-544d0a,Company_153,DevTools,US,02-05-2024,organic,Basic,2,True,0,S-c5723e,A-544d0a,27-06-2024,31-12-2026,Basic,11,209,2508,False,False,False,False,annual,True,43.0,17583.0,1.0,A-544d0a,2.0,4.0,1.0
A-544d0a,Company_153,DevTools,US,02-05-2024,organic,Basic,2,True,0,S-4f2ca8,A-544d0a,24-09-2024,31-12-2026,Enterprise,64,12736,152832,False,False,False,False,annual,True,82.0,14687.0,2.0,A-544d0a,2.0,4.0,1.0
A-544d0a,Company_153,DevTools,US,02-05-2024,organic,Basic,2,True,0,S-246f9c,A-544d0a,27-10-2024,31-12-2026,Pro,6,294,3528,False,False,True,False,monthly,True,41.0,11991.0,2.0,A-544d0a,2.0,4.0,1.0
A-544d0a,Company_153,DevTools,US,02-05-2024,organic,Basic,2,True,0,S-88bc66,A-544d0a,24-05-2024,31-12-2026,Pro,43,2107,25284,False,False,False,False,monthly,False,22.0,1892.0,0.0,A-544d0a,2.0,4.0,1.0
A-544d0a,Company_153,DevTools,US,02-05-2024,organic,Basic,2,True,0,S-4bfab2,A-544d0a,07-12-2024,31-12-2026,Basic,2,38,456,False,False,False,False,monthly,True,60.0,22165.0,0.0,A-544d0a,2.0,4.0,1.0
A-544d0a,Company_153,DevTools,US,02-05-2024,organic,Basic,2,True,0,S-7134c2,A-544d0a,02-09-2024,31-12-2026,Pro,29,1421,17052,False,False,False,False,annual,False,68.0,26439.0,6.0,A-544d0a,2.0,4.0,1.0
A-544d0a,Company_153,DevTools,US,02-05-2024,organic,Basic,2,True,0,S-1577c3,A-544d0a,29-11-2024,31-12-2026,Basic,3,0,0,True,False,False,False,monthly,True,0.0,0.0,0.0,A-544d0a,2.0,4.0,1.0
A-544d0a,Company_153,DevTools,US,02-05-2024,organic,Basic,2,True,0,S-778c7e,A-544d0a,19-12-2024,31-12-2026,Enterprise,2,398,4776,False,True,False,False,annual,False,55.0,19442.0,6.0,A-544d0a,2.0,4.0,1.0
A-544d0a,Company_153,DevTools,US,02-05-2024,organic,Basic,2,True,0,S-1f2b1a,A-544d0a,22-06-2024,31-12-2026,Pro,6,294,3528,False,False,False,False,monthly,True,111.0,31767.0,4.0,A-544d0a,2.0,4.0,1.0
A-ba6516,Company_154,FinTech,US,29-10-2023,ads,Pro,27,False,0,S-cff5a2,A-ba6516,10-01-2024,31-12-2026,Enterprise,27,5373,64476,False,False,False,False,monthly,True,0.0,0.0,0.0,A-ba6516,6.0,2.6666666666666665,0.0
A-ba6516,Company_154,FinTech,US,29-10-2023,ads,Pro,27,False,0,S-fa5301,A-ba6516,14-03-2024,31-12-2026,Pro,55,0,0,True,False,False,False,monthly,False,40.0,12770.0,1.0,A-ba6516,6.0,2.6666666666666665,0.0
A-ba6516,Company_154,FinTech,US,29-10-2023,ads,Pro,27,False,0,S-e73303,A-ba6516,28-06-2024,31-12-2026,Enterprise,38,7562,90744,False,False,False,False,monthly,True,46.0,13665.0,3.0,A-ba6516,6.0,2.6666666666666665,0.0
A-ba6516,Company_154,FinTech,US,29-10-2023,ads,Pro,27,False,0,S-df91b0,A-ba6516,04-10-2024,31-12-2026,Basic,27,513,6156,False,False,True,False,monthly,False,57.0,25083.0,1.0,A-ba6516,6.0,2.6666666666666665,0.0
A-ba6516,Company_154,FinTech,US,29-10-2023,ads,Pro,27,False,0,S-8c8905,A-ba6516,18-05-2024,31-12-2026,Enterprise,27,5373,64476,False,False,False,False,annual,True,44.0,16228.0,6.0,A-ba6516,6.0,2.6666666666666665,0.0
A-ba6516,Company_154,FinTech,US,29-10-2023,ads,Pro,27,False,0,S-2f0291,A-ba6516,24-11-2024,31-12-2026,Enterprise,27,5373,64476,False,False,False,False,annual,True,67.0,19835.0,0.0,A-ba6516,6.0,2.6666666666666665,0.0
A-ba6516,Company_154,FinTech,US,29-10-2023,ads,Pro,27,False,0,S-bc2633,A-ba6516,03-11-2024,31-12-2026,Pro,27,1323,15876,False,False,False,False,monthly,True,96.0,34225.0,1.0,A-ba6516,6.0,2.6666666666666665,0.0
A-ba6516,Company_154,FinTech,US,29-10-2023,ads,Pro,27,False,0,S-393c51,A-ba6516,02-04-2024,31-12-2026,Basic,27,513,6156,False,False,True,False,annual,True,73.0,24375.0,2.0,A-ba6516,6.0,2.6666666666666665,0.0
A-ba6516,Company_154,FinTech,US,29-10-2023,ads,Pro,27,False,0,S-fc01ba,A-ba6516,14-09-2024,31-12-2026,Pro,35,0,0,True,False,True,False,monthly,True,59.0,17824.0,1.0,A-ba6516,6.0,2.6666666666666665,0.0
A-ba6516,Company_154,FinTech,US,29-10-2023,ads,Pro,27,False,0,S-5e6790,A-ba6516,17-03-2024,31-12-2026,Pro,27,1323,15876,False,False,False,False,monthly,False,39.0,10251.0,7.0,A-ba6516,6.0,2.6666666666666665,0.0
A-ba6516,Company_154,FinTech,US,29-10-2023,ads,Pro,27,False,0,S-303f63,A-ba6516,03-04-2024,31-12-2026,Basic,27,513,6156,False,False,False,False,monthly,True,59.0,16082.0,6.0,A-ba6516,6.0,2.6666666666666665,0.0
A-ba6516,Company_154,FinTech,US,29-10-2023,ads,Pro,27,False,0,S-ff93b5,A-ba6516,10-05-2024,31-12-2026,Basic,27,0,0,True,False,False,False,annual,True,45.0,17500.0,2.0,A-ba6516,6.0,2.6666666666666665,0.0
A-ba6516,Company_154,FinTech,US,29-10-2023,ads,Pro,27,False,0,S-c14073,A-ba6516,30-01-2024,31-12-2026,Basic,27,513,6156,False,True,False,False,annual,True,17.0,5716.0,2.0,A-ba6516,6.0,2.6666666666666665,0.0
A-712426,Company_155,HealthTech,US,10-11-2024,other,Enterprise,9,False,0,S-038c7d,A-712426,10-11-2024,31-12-2026,Basic,9,0,0,True,False,False,False,monthly,True,34.0,13047.0,0.0,A-712426,6.0,3.6666666666666665,0.0
A-712426,Company_155,HealthTech,US,10-11-2024,other,Enterprise,9,False,0,S-9b623b,A-712426,08-12-2024,31-12-2026,Enterprise,13,2587,31044,False,False,False,False,annual,True,89.0,40661.0,3.0,A-712426,6.0,3.6666666666666665,0.0
A-712426,Company_155,HealthTech,US,10-11-2024,other,Enterprise,9,False,0,S-0c42bc,A-712426,16-12-2024,31-12-2026,Pro,9,441,5292,False,False,False,False,annual,True,67.0,13870.0,4.0,A-712426,6.0,3.6666666666666665,0.0
A-712426,Company_155,HealthTech,US,10-11-2024,other,Enterprise,9,False,0,S-af8f54,A-712426,28-11-2024,26-12-2024,Enterprise,9,1791,21492,False,False,False,True,monthly,True,87.0,19158.0,4.0,A-712426,6.0,3.6666666666666665,0.0
A-712426,Company_155,HealthTech,US,10-11-2024,other,Enterprise,9,False,0,S-ce0d60,A-712426,17-11-2024,31-12-2026,Pro,14,686,8232,False,False,False,False,annual,True,66.0,18961.0,0.0,A-712426,6.0,3.6666666666666665,0.0
A-712426,Company_155,HealthTech,US,10-11-2024,other,Enterprise,9,False,0,S-da78bb,A-712426,17-11-2024,31-12-2026,Basic,9,171,2052,False,False,False,False,monthly,True,17.0,6928.0,3.0,A-712426,6.0,3.6666666666666665,0.0
A-712426,Company_155,HealthTech,US,10-11-2024,other,Enterprise,9,False,0,S-fcd231,A-712426,31-12-2024,31-12-2026,Enterprise,63,0,0,True,False,False,False,annual,True,22.0,6145.0,0.0,A-712426,6.0,3.6666666666666665,0.0
A-712426,Company_155,HealthTech,US,10-11-2024,other,Enterprise,9,False,0,S-82a67a,A-712426,11-12-2024,13-12-2024,Pro,15,735,8820,False,False,False,True,annual,True,49.0,13096.0,5.0,A-712426,6.0,3.6666666666666665,0.0
A-712426,Company_155,HealthTech,US,10-11-2024,other,Enterprise,9,False,0,S-1dfdd0,A-712426,30-12-2024,31-12-2026,Basic,13,247,2964,False,False,False,False,monthly,True,50.0,7813.0,0.0,A-712426,6.0,3.6666666666666665,0.0
A-712426,Company_155,HealthTech,US,10-11-2024,other,Enterprise,9,False,0,S-896e2f,A-712426,28-11-2024,31-12-2026,Pro,18,882,10584,False,True,False,False,annual,True,42.0,18006.0,0.0,A-712426,6.0,3.6666666666666665,0.0
A-712426,Company_155,HealthTech,US,10-11-2024,other,Enterprise,9,False,0,S-6ea0ad,A-712426,15-12-2024,31-12-2026,Pro,13,637,7644,False,True,False,False,monthly,True,35.0,11980.0,2.0,A-712426,6.0,3.6666666666666665,0.0
A-712426,Company_155,HealthTech,US,10-11-2024,other,Enterprise,9,False,0,S-c53808,A-712426,08-12-2024,31-12-2026,Pro,12,588,7056,False,False,False,False,monthly,True,42.0,15362.0,1.0,A-712426,6.0,3.6666666666666665,0.0
A-712426,Company_155,HealthTech,US,10-11-2024,other,Enterprise,9,False,0,S-a3129d,A-712426,07-12-2024,31-12-2026,Enterprise,18,0,0,True,False,False,False,annual,True,11.0,4950.0,0.0,A-712426,6.0,3.6666666666666665,0.0
A-712426,Company_155,HealthTech,US,10-11-2024,other,Enterprise,9,False,0,S-9fa60e,A-712426,15-12-2024,31-12-2026,Basic,9,171,2052,False,False,False,False,annual,True,0.0,0.0,0.0,A-712426,6.0,3.6666666666666665,0.0
A-712426,Company_155,HealthTech,US,10-11-2024,other,Enterprise,9,False,0,S-a0e1dc,A-712426,19-12-2024,31-12-2026,Basic,119,2261,27132,False,False,False,False,monthly,True,85.0,24704.0,9.0,A-712426,6.0,3.6666666666666665,0.0
A-038089,Company_156,DevTools,FR,19-12-2023,other,Pro,5,False,1,S-fc86d6,A-038089,27-06-2024,31-12-2026,Pro,5,245,2940,False,False,False,False,annual,True,90.0,24292.0,8.0,A-038089,6.0,1.8333333333333333,0.0
A-038089,Company_156,DevTools,FR,19-12-2023,other,Pro,5,False,1,S-c3472f,A-038089,23-07-2024,31-12-2026,Pro,36,1764,21168,False,False,False,False,monthly,True,81.0,27804.0,3.0,A-038089,6.0,1.8333333333333333,0.0
A-038089,Company_156,DevTools,FR,19-12-2023,other,Pro,5,False,1,S-7003c5,A-038089,30-12-2024,31-12-2026,Basic,5,95,1140,False,False,False,False,annual,True,39.0,11577.0,4.0,A-038089,6.0,1.8333333333333333,0.0
A-afa505,Company_157,DevTools,US,27-12-2023,partner,Basic,70,True,0,S-a04ba5,A-afa505,02-06-2024,31-12-2026,Enterprise,70,13930,167160,False,False,False,False,annual,True,82.0,22866.0,2.0,A-afa505,4.0,1.5,1.0
A-afa505,Company_157,DevTools,US,27-12-2023,partner,Basic,70,True,0,S-4305f1,A-afa505,08-01-2024,31-12-2026,Pro,70,3430,41160,False,False,False,False,monthly,True,43.0,16335.0,4.0,A-afa505,4.0,1.5,1.0
A-afa505,Company_157,DevTools,US,27-12-2023,partner,Basic,70,True,0,S-4291f7,A-afa505,19-11-2024,31-12-2026,Enterprise,70,13930,167160,False,True,False,False,monthly,False,55.0,15422.0,4.0,A-afa505,4.0,1.5,1.0
A-afa505,Company_157,DevTools,US,27-12-2023,partner,Basic,70,True,0,S-db0f41,A-afa505,26-07-2024,31-12-2026,Enterprise,70,13930,167160,False,False,False,False,monthly,False,44.0,16244.0,3.0,A-afa505,4.0,1.5,1.0
A-afa505,Company_157,DevTools,US,27-12-2023,partner,Basic,70,True,0,S-5d5250,A-afa505,12-08-2024,31-12-2026,Pro,70,3430,41160,False,False,True,False,monthly,True,37.0,13892.0,7.0,A-afa505,4.0,1.5,1.0
A-afa505,Company_157,DevTools,US,27-12-2023,partner,Basic,70,True,0,S-a84e2b,A-afa505,14-08-2024,31-12-2026,Pro,70,0,0,True,True,False,False,monthly,False,57.0,22891.0,3.0,A-afa505,4.0,1.5,1.0
A-afa505,Company_157,DevTools,US,27-12-2023,partner,Basic,70,True,0,S-29c16b,A-afa505,24-07-2024,06-10-2024,Pro,70,3430,41160,False,False,False,True,monthly,True,19.0,3353.0,1.0,A-afa505,4.0,1.5,1.0
A-afa505,Company_157,DevTools,US,27-12-2023,partner,Basic,70,True,0,S-3df6ee,A-afa505,10-05-2024,31-12-2026,Enterprise,70,13930,167160,False,False,False,False,monthly,True,108.0,27898.0,3.0,A-afa505,4.0,1.5,1.0
A-afa505,Company_157,DevTools,US,27-12-2023,partner,Basic,70,True,0,S-0359cf,A-afa505,10-02-2024,31-12-2026,Pro,70,0,0,True,False,False,False,annual,False,62.0,23772.0,1.0,A-afa505,4.0,1.5,1.0
A-d5a319,Company_158,FinTech,US,04-05-2023,other,Enterprise,15,False,1,S-13a948,A-d5a319,24-07-2024,31-12-2026,Enterprise,15,2985,35820,False,True,False,False,monthly,False,34.0,14123.0,2.0,A-d5a319,1.0,4.0,1.0
A-d5a319,Company_158,FinTech,US,04-05-2023,other,Enterprise,15,False,1,S-3f82bc,A-d5a319,30-10-2023,31-12-2026,Basic,15,0,0,True,False,True,False,monthly,True,45.0,8390.0,5.0,A-d5a319,1.0,4.0,1.0
A-d5a319,Company_158,FinTech,US,04-05-2023,other,Enterprise,15,False,1,S-f0fe0a,A-d5a319,22-08-2024,31-12-2026,Pro,24,1176,14112,False,False,False,False,monthly,True,71.0,30680.0,4.0,A-d5a319,1.0,4.0,1.0
A-d5a319,Company_158,FinTech,US,04-05-2023,other,Enterprise,15,False,1,S-477317,A-d5a319,01-01-2024,31-12-2026,Enterprise,70,13930,167160,False,True,False,False,annual,True,43.0,12970.0,3.0,A-d5a319,1.0,4.0,1.0
A-d5a319,Company_158,FinTech,US,04-05-2023,other,Enterprise,15,False,1,S-46b63b,A-d5a319,29-09-2024,31-12-2026,Enterprise,31,6169,74028,False,False,True,False,monthly,True,24.0,8774.0,1.0,A-d5a319,1.0,4.0,1.0
A-d5a319,Company_158,FinTech,US,04-05-2023,other,Enterprise,15,False,1,S-7052a5,A-d5a319,15-11-2023,31-12-2026,Basic,16,304,3648,False,False,False,False,annual,True,102.0,38866.0,3.0,A-d5a319,1.0,4.0,1.0
A-d5a319,Company_158,FinTech,US,04-05-2023,other,Enterprise,15,False,1,S-4d260c,A-d5a319,27-06-2023,31-12-2026,Pro,15,0,0,True,False,False,False,annual,True,54.0,18924.0,12.0,A-d5a319,1.0,4.0,1.0
A-d5a319,Company_158,FinTech,US,04-05-2023,other,Enterprise,15,False,1,S-165850,A-d5a319,25-09-2023,31-12-2026,Pro,15,735,8820,False,False,False,False,annual,True,45.0,16579.0,0.0,A-d5a319,1.0,4.0,1.0
A-d5a319,Company_158,FinTech,US,04-05-2023,other,Enterprise,15,False,1,S-9f479f,A-d5a319,01-12-2023,31-12-2026,Basic,17,323,3876,False,True,False,False,monthly,False,62.0,24225.0,7.0,A-d5a319,1.0,4.0,1.0
A-d5a319,Company_158,FinTech,US,04-05-2023,other,Enterprise,15,False,1,S-c787e2,A-d5a319,05-11-2024,31-12-2026,Enterprise,45,8955,107460,False,False,False,False,annual,True,42.0,12537.0,2.0,A-d5a319,1.0,4.0,1.0
A-d5a319,Company_158,FinTech,US,04-05-2023,other,Enterprise,15,False,1,S-e66253,A-d5a319,19-11-2024,31-12-2026,Enterprise,15,2985,35820,False,False,False,False,annual,True,37.0,13009.0,2.0,A-d5a319,1.0,4.0,1.0
A-d5a319,Company_158,FinTech,US,04-05-2023,other,Enterprise,15,False,1,S-71466f,A-d5a319,16-01-2024,31-12-2026,Basic,15,285,3420,False,False,False,False,annual,True,45.0,13578.0,2.0,A-d5a319,1.0,4.0,1.0
A-f97b9a,Company_159,FinTech,US,09-07-2023,event,Pro,16,False,0,S-78ba09,A-f97b9a,30-11-2024,31-12-2026,Pro,54,2646,31752,False,True,False,False,annual,False,27.0,10175.0,0.0,A-f97b9a,7.0,1.5714285714285714,0.0
A-f97b9a,Company_159,FinTech,US,09-07-2023,event,Pro,16,False,0,S-1ad713,A-f97b9a,19-06-2024,31-12-2026,Enterprise,16,3184,38208,False,False,False,False,annual,True,52.0,23134.0,4.0,A-f97b9a,7.0,1.5714285714285714,0.0
A-f97b9a,Company_159,FinTech,US,09-07-2023,event,Pro,16,False,0,S-4cff80,A-f97b9a,24-12-2023,31-12-2026,Enterprise,16,0,0,True,False,False,False,monthly,True,95.0,31429.0,4.0,A-f97b9a,7.0,1.5714285714285714,0.0
A-f97b9a,Company_159,FinTech,US,09-07-2023,event,Pro,16,False,0,S-4d8612,A-f97b9a,10-09-2023,31-12-2026,Enterprise,16,0,0,True,False,False,False,monthly,False,64.0,11969.0,3.0,A-f97b9a,7.0,1.5714285714285714,0.0
A-f97b9a,Company_159,FinTech,US,09-07-2023,event,Pro,16,False,0,S-b38152,A-f97b9a,14-04-2024,31-12-2026,Enterprise,30,5970,71640,False,False,False,False,annual,True,30.0,10563.0,1.0,A-f97b9a,7.0,1.5714285714285714,0.0
A-f97b9a,Company_159,FinTech,US,09-07-2023,event,Pro,16,False,0,S-865af3,A-f97b9a,07-11-2024,31-12-2026,Pro,16,0,0,True,False,False,False,annual,False,38.0,12836.0,2.0,A-f97b9a,7.0,1.5714285714285714,0.0
A-f97b9a,Company_159,FinTech,US,09-07-2023,event,Pro,16,False,0,S-f83811,A-f97b9a,06-07-2024,31-12-2026,Basic,16,304,3648,False,False,False,False,annual,True,9.0,648.0,0.0,A-f97b9a,7.0,1.5714285714285714,0.0
A-f97b9a,Company_159,FinTech,US,09-07-2023,event,Pro,16,False,0,S-6a8046,A-f97b9a,26-12-2023,31-12-2026,Enterprise,19,3781,45372,False,False,False,False,monthly,True,52.0,19057.0,8.0,A-f97b9a,7.0,1.5714285714285714,0.0
A-f97b9a,Company_159,FinTech,US,09-07-2023,event,Pro,16,False,0,S-d8f67e,A-f97b9a,11-06-2024,31-12-2026,Enterprise,36,7164,85968,False,False,False,False,monthly,True,61.0,13333.0,6.0,A-f97b9a,7.0,1.5714285714285714,0.0
A-f97b9a,Company_159,FinTech,US,09-07-2023,event,Pro,16,False,0,S-5a1d20,A-f97b9a,08-12-2024,31-12-2026,Pro,16,784,9408,False,False,False,False,annual,True,71.0,19765.0,3.0,A-f97b9a,7.0,1.5714285714285714,0.0
A-f97b9a,Company_159,FinTech,US,09-07-2023,event,Pro,16,False,0,S-f33b5f,A-f97b9a,22-08-2024,31-12-2026,Basic,65,0,0,True,False,False,False,annual,True,62.0,20332.0,2.0,A-f97b9a,7.0,1.5714285714285714,0.0
A-2f6a32,Company_160,HealthTech,US,26-08-2024,organic,Basic,19,False,0,S-936732,A-2f6a32,28-11-2024,06-12-2024,Pro,19,931,11172,False,False,False,True,annual,True,55.0,22924.0,1.0,A-2f6a32,2.0,3.5,0.0
A-2f6a32,Company_160,HealthTech,US,26-08-2024,organic,Basic,19,False,0,S-55d53c,A-2f6a32,08-12-2024,31-12-2026,Basic,19,361,4332,False,False,False,False,annual,True,83.0,21604.0,8.0,A-2f6a32,2.0,3.5,0.0
A-2f6a32,Company_160,HealthTech,US,26-08-2024,organic,Basic,19,False,0,S-a1e688,A-2f6a32,10-11-2024,31-12-2026,Basic,47,893,10716,False,False,False,False,annual,True,13.0,5601.0,2.0,A-2f6a32,2.0,3.5,0.0
A-2f6a32,Company_160,HealthTech,US,26-08-2024,organic,Basic,19,False,0,S-cf55da,A-2f6a32,16-09-2024,31-12-2026,Basic,19,0,0,True,False,False,False,monthly,True,67.0,21870.0,4.0,A-2f6a32,2.0,3.5,0.0
A-2f6a32,Company_160,HealthTech,US,26-08-2024,organic,Basic,19,False,0,S-89c7ff,A-2f6a32,13-10-2024,31-12-2026,Pro,33,1617,19404,False,False,False,False,annual,True,86.0,22973.0,3.0,A-2f6a32,2.0,3.5,0.0
A-2f6a32,Company_160,HealthTech,US,26-08-2024,organic,Basic,19,False,0,S-3c52a6,A-2f6a32,25-09-2024,16-11-2024,Basic,19,361,4332,False,False,False,True,annual,True,38.0,16502.0,2.0,A-2f6a32,2.0,3.5,0.0
A-2f6a32,Company_160,HealthTech,US,26-08-2024,organic,Basic,19,False,0,S-6d51c5,A-2f6a32,25-10-2024,31-12-2026,Pro,23,1127,13524,False,False,False,False,annual,True,67.0,21362.0,3.0,A-2f6a32,2.0,3.5,0.0
A-2f6a32,Company_160,HealthTech,US,26-08-2024,organic,Basic,19,False,0,S-54d8cf,A-2f6a32,13-10-2024,31-12-2026,Basic,19,361,4332,False,False,False,False,monthly,True,52.0,17866.0,5.0,A-2f6a32,2.0,3.5,0.0
A-2f6a32,Company_160,HealthTech,US,26-08-2024,organic,Basic,19,False,0,S-f4e6c0,A-2f6a32,16-11-2024,31-12-2026,Basic,19,0,0,True,False,False,False,monthly,True,60.0,18993.0,9.0,A-2f6a32,2.0,3.5,0.0
A-2f6a32,Company_160,HealthTech,US,26-08-2024,organic,Basic,19,False,0,S-1526b7,A-2f6a32,24-11-2024,31-12-2026,Pro,19,931,11172,False,True,False,False,annual,True,95.0,32418.0,8.0,A-2f6a32,2.0,3.5,0.0
A-2f6a32,Company_160,HealthTech,US,26-08-2024,organic,Basic,19,False,0,S-dc3e11,A-2f6a32,01-12-2024,31-12-2026,Pro,19,931,11172,False,False,False,False,monthly,True,38.0,5170.0,1.0,A-2f6a32,2.0,3.5,0.0
A-856b1e,Company_161,FinTech,US,31-10-2023,partner,Basic,19,False,0,S-e3c3c8,A-856b1e,30-12-2023,31-12-2026,Pro,25,1225,14700,False,True,False,False,monthly,False,7.0,427.0,0.0,A-856b1e,5.0,0.0,1.0
A-856b1e,Company_161,FinTech,US,31-10-2023,partner,Basic,19,False,0,S-7f5316,A-856b1e,17-10-2024,31-12-2026,Basic,19,0,0,True,False,False,False,monthly,True,71.0,26738.0,6.0,A-856b1e,5.0,0.0,1.0
A-856b1e,Company_161,FinTech,US,31-10-2023,partner,Basic,19,False,0,S-c455ec,A-856b1e,02-11-2023,31-12-2026,Pro,19,931,11172,False,False,False,False,monthly,True,66.0,13276.0,6.0,A-856b1e,5.0,0.0,1.0
A-856b1e,Company_161,FinTech,US,31-10-2023,partner,Basic,19,False,0,S-7791c3,A-856b1e,13-01-2024,31-12-2026,Pro,19,931,11172,False,False,False,False,monthly,True,47.0,10501.0,3.0,A-856b1e,5.0,0.0,1.0
A-856b1e,Company_161,FinTech,US,31-10-2023,partner,Basic,19,False,0,S-56c529,A-856b1e,17-12-2023,31-12-2026,Pro,30,1470,17640,False,False,False,False,monthly,True,12.0,5064.0,6.0,A-856b1e,5.0,0.0,1.0
A-856b1e,Company_161,FinTech,US,31-10-2023,partner,Basic,19,False,0,S-c1c6ca,A-856b1e,03-02-2024,31-12-2026,Pro,36,1764,21168,False,False,False,False,monthly,True,27.0,7412.0,3.0,A-856b1e,5.0,0.0,1.0
A-17939a,Company_162,HealthTech,US,26-12-2024,organic,Basic,1,False,0,S-65dbf3,A-17939a,28-12-2024,31-12-2026,Basic,36,684,8208,False,False,False,False,monthly,True,25.0,9045.0,0.0,A-17939a,7.0,2.5714285714285716,0.0
A-17939a,Company_162,HealthTech,US,26-12-2024,organic,Basic,1,False,0,S-a4b1af,A-17939a,26-12-2024,31-12-2026,Enterprise,13,2587,31044,False,False,False,False,monthly,True,42.0,9942.0,2.0,A-17939a,7.0,2.5714285714285716,0.0
A-17939a,Company_162,HealthTech,US,26-12-2024,organic,Basic,1,False,0,S-b57a5e,A-17939a,30-12-2024,31-12-2026,Basic,20,380,4560,False,False,False,False,annual,True,44.0,8609.0,1.0,A-17939a,7.0,2.5714285714285716,0.0
A-17939a,Company_162,HealthTech,US,26-12-2024,organic,Basic,1,False,0,S-2a6e4a,A-17939a,30-12-2024,31-12-2026,Pro,31,1519,18228,False,False,False,False,annual,False,39.0,15647.0,4.0,A-17939a,7.0,2.5714285714285716,0.0
A-17939a,Company_162,HealthTech,US,26-12-2024,organic,Basic,1,False,0,S-4c7591,A-17939a,30-12-2024,31-12-2026,Pro,28,1372,16464,False,False,False,False,monthly,True,19.0,6590.0,2.0,A-17939a,7.0,2.5714285714285716,0.0
A-17939a,Company_162,HealthTech,US,26-12-2024,organic,Basic,1,False,0,S-8707e7,A-17939a,31-12-2024,31-12-2026,Basic,14,266,3192,False,False,False,False,annual,True,23.0,7275.0,5.0,A-17939a,7.0,2.5714285714285716,0.0
A-17939a,Company_162,HealthTech,US,26-12-2024,organic,Basic,1,False,0,S-d19216,A-17939a,28-12-2024,29-12-2024,Basic,86,1634,19608,False,False,False,True,monthly,True,67.0,22286.0,8.0,A-17939a,7.0,2.5714285714285716,0.0
A-17939a,Company_162,HealthTech,US,26-12-2024,organic,Basic,1,False,0,S-b8d2f6,A-17939a,28-12-2024,30-12-2024,Basic,19,0,0,True,False,False,True,monthly,True,43.0,9748.0,5.0,A-17939a,7.0,2.5714285714285716,0.0
A-17939a,Company_162,HealthTech,US,26-12-2024,organic,Basic,1,False,0,S-3c9178,A-17939a,29-12-2024,31-12-2026,Basic,11,209,2508,False,False,False,False,monthly,False,47.0,10648.0,5.0,A-17939a,7.0,2.5714285714285716,0.0
A-17939a,Company_162,HealthTech,US,26-12-2024,organic,Basic,1,False,0,S-06447b,A-17939a,27-12-2024,31-12-2026,Pro,1,49,588,False,False,False,False,annual,True,31.0,9863.0,4.0,A-17939a,7.0,2.5714285714285716,0.0
A-17939a,Company_162,HealthTech,US,26-12-2024,organic,Basic,1,False,0,S-9c1bcb,A-17939a,28-12-2024,31-12-2026,Basic,51,969,11628,False,False,False,False,monthly,True,60.0,12072.0,7.0,A-17939a,7.0,2.5714285714285716,0.0
A-d27f50,Company_163,Cybersecurity,UK,20-07-2024,ads,Enterprise,44,False,0,S-3cc352,A-d27f50,06-08-2024,31-12-2026,Pro,44,2156,25872,False,False,False,False,monthly,True,12.0,2856.0,0.0,A-d27f50,4.0,3.75,0.0
A-d27f50,Company_163,Cybersecurity,UK,20-07-2024,ads,Enterprise,44,False,0,S-b6d200,A-d27f50,19-12-2024,31-12-2026,Basic,44,836,10032,False,False,False,False,monthly,True,31.0,8239.0,2.0,A-d27f50,4.0,3.75,0.0
A-d27f50,Company_163,Cybersecurity,UK,20-07-2024,ads,Enterprise,44,False,0,S-050a91,A-d27f50,06-08-2024,31-12-2026,Basic,45,855,10260,False,False,False,False,annual,True,48.0,18133.0,4.0,A-d27f50,4.0,3.75,0.0
A-d27f50,Company_163,Cybersecurity,UK,20-07-2024,ads,Enterprise,44,False,0,S-dcd084,A-d27f50,05-12-2024,09-12-2024,Enterprise,48,9552,114624,False,False,False,True,annual,True,54.0,14632.0,7.0,A-d27f50,4.0,3.75,0.0
A-d27f50,Company_163,Cybersecurity,UK,20-07-2024,ads,Enterprise,44,False,0,S-4a90fd,A-d27f50,26-08-2024,31-12-2026,Pro,44,2156,25872,False,False,False,False,annual,False,39.0,16696.0,2.0,A-d27f50,4.0,3.75,0.0
A-d27f50,Company_163,Cybersecurity,UK,20-07-2024,ads,Enterprise,44,False,0,S-f84a6f,A-d27f50,22-07-2024,14-10-2024,Enterprise,44,8756,105072,False,False,False,True,monthly,True,12.0,2664.0,0.0,A-d27f50,4.0,3.75,0.0
A-d27f50,Company_163,Cybersecurity,UK,20-07-2024,ads,Enterprise,44,False,0,S-a918f3,A-d27f50,05-12-2024,31-12-2026,Enterprise,44,8756,105072,False,False,False,False,monthly,True,79.0,28388.0,5.0,A-d27f50,4.0,3.75,0.0
A-d27f50,Company_163,Cybersecurity,UK,20-07-2024,ads,Enterprise,44,False,0,S-87ebe6,A-d27f50,20-10-2024,31-12-2026,Enterprise,44,8756,105072,False,False,False,False,monthly,False,63.0,17627.0,2.0,A-d27f50,4.0,3.75,0.0
A-d27f50,Company_163,Cybersecurity,UK,20-07-2024,ads,Enterprise,44,False,0,S-6f488b,A-d27f50,29-12-2024,29-12-2024,Basic,44,836,10032,False,False,False,True,annual,False,23.0,9887.0,1.0,A-d27f50,4.0,3.75,0.0
A-d27f50,Company_163,Cybersecurity,UK,20-07-2024,ads,Enterprise,44,False,0,S-e2f1fd,A-d27f50,02-12-2024,31-12-2026,Pro,44,0,0,True,False,False,False,monthly,True,50.0,26587.0,1.0,A-d27f50,4.0,3.75,0.0
A-d27f50,Company_163,Cybersecurity,UK,20-07-2024,ads,Enterprise,44,False,0,S-ae093b,A-d27f50,29-11-2024,31-12-2026,Enterprise,44,0,0,True,False,False,False,monthly,True,23.0,6132.0,4.0,A-d27f50,4.0,3.75,0.0
A-d27f50,Company_163,Cybersecurity,UK,20-07-2024,ads,Enterprise,44,False,0,S-26da35,A-d27f50,09-12-2024,31-12-2026,Pro,44,2156,25872,False,True,False,False,annual,True,47.0,18260.0,3.0,A-d27f50,4.0,3.75,0.0
A-e36807,Company_164,EdTech,AU,17-05-2024,other,Pro,6,False,0,S-de5d6e,A-e36807,25-09-2024,31-12-2026,Basic,26,494,5928,False,False,False,False,monthly,True,42.0,13354.0,2.0,A-e36807,2.0,4.5,0.0
A-e36807,Company_164,EdTech,AU,17-05-2024,other,Pro,6,False,0,S-441ab2,A-e36807,07-07-2024,31-12-2026,Basic,25,0,0,True,False,False,False,annual,True,30.0,4910.0,5.0,A-e36807,2.0,4.5,0.0
A-e36807,Company_164,EdTech,AU,17-05-2024,other,Pro,6,False,0,S-36f26c,A-e36807,17-12-2024,31-12-2026,Basic,63,1197,14364,False,False,False,False,monthly,True,43.0,20493.0,4.0,A-e36807,2.0,4.5,0.0
A-e36807,Company_164,EdTech,AU,17-05-2024,other,Pro,6,False,0,S-92795b,A-e36807,01-06-2024,31-12-2026,Basic,81,1539,18468,False,False,False,False,monthly,False,42.0,15366.0,3.0,A-e36807,2.0,4.5,0.0
A-e36807,Company_164,EdTech,AU,17-05-2024,other,Pro,6,False,0,S-ef00f5,A-e36807,06-09-2024,31-12-2026,Basic,6,114,1368,False,False,False,False,annual,True,47.0,14422.0,3.0,A-e36807,2.0,4.5,0.0
A-e36807,Company_164,EdTech,AU,17-05-2024,other,Pro,6,False,0,S-003647,A-e36807,23-12-2024,31-12-2026,Enterprise,9,1791,21492,False,False,False,False,monthly,True,71.0,13018.0,3.0,A-e36807,2.0,4.5,0.0
A-e36807,Company_164,EdTech,AU,17-05-2024,other,Pro,6,False,0,S-904886,A-e36807,20-06-2024,09-08-2024,Pro,38,1862,22344,False,False,False,True,annual,False,58.0,24727.0,1.0,A-e36807,2.0,4.5,0.0
A-e36807,Company_164,EdTech,AU,17-05-2024,other,Pro,6,False,0,S-683c6b,A-e36807,21-11-2024,31-12-2026,Enterprise,14,2786,33432,False,False,False,False,annual,True,37.0,12198.0,3.0,A-e36807,2.0,4.5,0.0
A-e36807,Company_164,EdTech,AU,17-05-2024,other,Pro,6,False,0,S-6f43f7,A-e36807,22-07-2024,31-12-2026,Enterprise,14,2786,33432,False,False,False,False,annual,True,40.0,10808.0,0.0,A-e36807,2.0,4.5,0.0
A-e36807,Company_164,EdTech,AU,17-05-2024,other,Pro,6,False,0,S-fd3d2d,A-e36807,06-10-2024,31-12-2026,Enterprise,40,0,0,True,False,False,False,monthly,True,36.0,11553.0,3.0,A-e36807,2.0,4.5,0.0
A-ff79f2,Company_165,DevTools,US,25-04-2024,ads,Basic,8,False,1,S-4f0027,A-ff79f2,31-12-2024,31-12-2024,Enterprise,19,3781,45372,False,False,False,True,annual,True,64.0,24272.0,2.0,A-ff79f2,2.0,0.0,0.0
A-ff79f2,Company_165,DevTools,US,25-04-2024,ads,Basic,8,False,1,S-d635a2,A-ff79f2,29-05-2024,31-12-2026,Basic,12,228,2736,False,False,False,False,annual,True,91.0,23851.0,2.0,A-ff79f2,2.0,0.0,0.0
A-ff79f2,Company_165,DevTools,US,25-04-2024,ads,Basic,8,False,1,S-b0af8f,A-ff79f2,17-10-2024,31-12-2026,Enterprise,8,0,0,True,False,False,False,monthly,True,31.0,12729.0,2.0,A-ff79f2,2.0,0.0,0.0
A-ff79f2,Company_165,DevTools,US,25-04-2024,ads,Basic,8,False,1,S-c192eb,A-ff79f2,19-10-2024,31-12-2026,Enterprise,83,16517,198204,False,False,False,False,monthly,True,35.0,13339.0,3.0,A-ff79f2,2.0,0.0,0.0
A-ff79f2,Company_165,DevTools,US,25-04-2024,ads,Basic,8,False,1,S-13d6d1,A-ff79f2,28-07-2024,31-12-2026,Pro,10,490,5880,False,False,False,False,monthly,False,35.0,8960.0,1.0,A-ff79f2,2.0,0.0,0.0
A-ff79f2,Company_165,DevTools,US,25-04-2024,ads,Basic,8,False,1,S-befdba,A-ff79f2,15-11-2024,19-11-2024,Basic,36,684,8208,False,False,False,True,annual,False,21.0,11875.0,0.0,A-ff79f2,2.0,0.0,0.0
A-ff79f2,Company_165,DevTools,US,25-04-2024,ads,Basic,8,False,1,S-cb100e,A-ff79f2,21-10-2024,31-12-2026,Basic,53,1007,12084,False,True,False,False,annual,True,21.0,7587.0,1.0,A-ff79f2,2.0,0.0,0.0
A-ff79f2,Company_165,DevTools,US,25-04-2024,ads,Basic,8,False,1,S-2ded06,A-ff79f2,25-12-2024,31-12-2026,Basic,31,589,7068,False,True,False,False,monthly,False,70.0,23866.0,1.0,A-ff79f2,2.0,0.0,0.0
A-ff79f2,Company_165,DevTools,US,25-04-2024,ads,Basic,8,False,1,S-28332f,A-ff79f2,16-09-2024,31-12-2026,Enterprise,23,4577,54924,False,False,False,False,monthly,True,25.0,7369.0,0.0,A-ff79f2,2.0,0.0,0.0
A-5b1bcd,Company_166,DevTools,US,16-09-2023,organic,Pro,73,False,0,S-795878,A-5b1bcd,19-03-2024,31-12-2026,Enterprise,73,14527,174324,False,False,False,False,annual,True,44.0,13493.0,2.0,A-5b1bcd,4.0,2.25,0.0
A-5b1bcd,Company_166,DevTools,US,16-09-2023,organic,Pro,73,False,0,S-aba835,A-5b1bcd,23-09-2023,02-11-2024,Basic,73,1387,16644,False,False,False,True,annual,True,76.0,23234.0,3.0,A-5b1bcd,4.0,2.25,0.0
A-5b1bcd,Company_166,DevTools,US,16-09-2023,organic,Pro,73,False,0,S-e36786,A-5b1bcd,10-01-2024,31-12-2026,Basic,73,1387,16644,False,False,False,False,monthly,True,60.0,14707.0,2.0,A-5b1bcd,4.0,2.25,0.0
A-5b1bcd,Company_166,DevTools,US,16-09-2023,organic,Pro,73,False,0,S-f0c747,A-5b1bcd,24-09-2024,31-12-2026,Enterprise,73,14527,174324,False,False,False,False,monthly,True,51.0,11201.0,3.0,A-5b1bcd,4.0,2.25,0.0
A-5b1bcd,Company_166,DevTools,US,16-09-2023,organic,Pro,73,False,0,S-13b606,A-5b1bcd,04-10-2024,31-12-2026,Pro,73,3577,42924,False,True,False,False,annual,True,53.0,10694.0,6.0,A-5b1bcd,4.0,2.25,0.0
A-5b1bcd,Company_166,DevTools,US,16-09-2023,organic,Pro,73,False,0,S-ee4c5c,A-5b1bcd,28-10-2023,31-12-2026,Enterprise,73,14527,174324,False,False,False,False,annual,True,85.0,22969.0,11.0,A-5b1bcd,4.0,2.25,0.0
A-5b1bcd,Company_166,DevTools,US,16-09-2023,organic,Pro,73,False,0,S-527d18,A-5b1bcd,15-10-2023,31-12-2026,Enterprise,73,14527,174324,False,False,False,False,monthly,True,68.0,24381.0,3.0,A-5b1bcd,4.0,2.25,0.0
A-5b1bcd,Company_166,DevTools,US,16-09-2023,organic,Pro,73,False,0,S-1b373c,A-5b1bcd,04-07-2024,31-12-2026,Pro,73,3577,42924,False,False,False,False,annual,False,48.0,14108.0,5.0,A-5b1bcd,4.0,2.25,0.0
A-5b1bcd,Company_166,DevTools,US,16-09-2023,organic,Pro,73,False,0,S-0a8200,A-5b1bcd,20-01-2024,31-12-2026,Enterprise,73,14527,174324,False,False,False,False,annual,True,89.0,24710.0,4.0,A-5b1bcd,4.0,2.25,0.0
A-5b1bcd,Company_166,DevTools,US,16-09-2023,organic,Pro,73,False,0,S-269b4a,A-5b1bcd,15-02-2024,31-12-2026,Enterprise,73,14527,174324,False,False,False,False,monthly,True,33.0,10774.0,0.0,A-5b1bcd,4.0,2.25,0.0
A-5b1bcd,Company_166,DevTools,US,16-09-2023,organic,Pro,73,False,0,S-53a9f7,A-5b1bcd,06-06-2024,31-12-2026,Pro,73,3577,42924,False,False,False,False,annual,True,54.0,16896.0,2.0,A-5b1bcd,4.0,2.25,0.0
A-5b1bcd,Company_166,DevTools,US,16-09-2023,organic,Pro,73,False,0,S-b553d7,A-5b1bcd,16-10-2024,31-12-2026,Enterprise,73,14527,174324,False,False,False,False,annual,True,70.0,22517.0,5.0,A-5b1bcd,4.0,2.25,0.0
A-5b1bcd,Company_166,DevTools,US,16-09-2023,organic,Pro,73,False,0,S-e9257d,A-5b1bcd,31-12-2024,31-12-2026,Pro,73,3577,42924,False,True,False,False,annual,False,56.0,10465.0,4.0,A-5b1bcd,4.0,2.25,0.0
A-5b1bcd,Company_166,DevTools,US,16-09-2023,organic,Pro,73,False,0,S-9c47f6,A-5b1bcd,13-04-2024,31-12-2026,Pro,73,0,0,True,False,False,False,annual,True,29.0,11108.0,2.0,A-5b1bcd,4.0,2.25,0.0
A-5b1bcd,Company_166,DevTools,US,16-09-2023,organic,Pro,73,False,0,S-62aa3c,A-5b1bcd,27-11-2023,31-12-2026,Enterprise,73,14527,174324,False,True,False,False,monthly,True,53.0,20027.0,2.0,A-5b1bcd,4.0,2.25,0.0
A-71615e,Company_167,EdTech,US,18-05-2024,organic,Basic,15,False,0,S-11e29d,A-71615e,13-10-2024,31-12-2026,Basic,32,608,7296,False,False,False,False,monthly,True,52.0,21504.0,6.0,A-71615e,1.0,0.0,0.0
A-71615e,Company_167,EdTech,US,18-05-2024,organic,Basic,15,False,0,S-07ace5,A-71615e,21-09-2024,31-12-2026,Enterprise,32,6368,76416,False,False,False,False,monthly,True,37.0,9217.0,0.0,A-71615e,1.0,0.0,0.0
A-71615e,Company_167,EdTech,US,18-05-2024,organic,Basic,15,False,0,S-f8bff8,A-71615e,20-07-2024,31-12-2026,Basic,15,285,3420,False,False,False,False,annual,True,26.0,8686.0,2.0,A-71615e,1.0,0.0,0.0
A-71615e,Company_167,EdTech,US,18-05-2024,organic,Basic,15,False,0,S-820711,A-71615e,05-11-2024,31-12-2026,Enterprise,60,11940,143280,False,False,False,False,annual,False,66.0,23360.0,1.0,A-71615e,1.0,0.0,0.0
A-71615e,Company_167,EdTech,US,18-05-2024,organic,Basic,15,False,0,S-d30894,A-71615e,27-06-2024,31-12-2026,Enterprise,15,2985,35820,False,False,False,False,annual,True,75.0,19613.0,6.0,A-71615e,1.0,0.0,0.0
A-71615e,Company_167,EdTech,US,18-05-2024,organic,Basic,15,False,0,S-a9a707,A-71615e,24-08-2024,31-12-2026,Pro,51,2499,29988,False,True,False,False,monthly,False,45.0,13010.0,0.0,A-71615e,1.0,0.0,0.0
A-71615e,Company_167,EdTech,US,18-05-2024,organic,Basic,15,False,0,S-d238c2,A-71615e,17-08-2024,31-12-2026,Enterprise,55,10945,131340,False,False,False,False,annual,True,22.0,10291.0,4.0,A-71615e,1.0,0.0,0.0
A-71615e,Company_167,EdTech,US,18-05-2024,organic,Basic,15,False,0,S-112733,A-71615e,21-10-2024,31-12-2026,Basic,15,285,3420,False,False,False,False,annual,False,76.0,16727.0,6.0,A-71615e,1.0,0.0,0.0
A-71615e,Company_167,EdTech,US,18-05-2024,organic,Basic,15,False,0,S-17fb4d,A-71615e,04-07-2024,31-12-2026,Enterprise,15,2985,35820,False,False,False,False,monthly,True,31.0,5450.0,2.0,A-71615e,1.0,0.0,0.0
A-71615e,Company_167,EdTech,US,18-05-2024,organic,Basic,15,False,0,S-4c4852,A-71615e,06-11-2024,31-12-2026,Basic,73,0,0,True,False,False,False,monthly,True,11.0,2706.0,2.0,A-71615e,1.0,0.0,0.0
A-71615e,Company_167,EdTech,US,18-05-2024,organic,Basic,15,False,0,S-cda242,A-71615e,10-10-2024,31-12-2026,Pro,22,1078,12936,False,True,False,False,annual,True,55.0,26766.0,3.0,A-71615e,1.0,0.0,0.0
A-71615e,Company_167,EdTech,US,18-05-2024,organic,Basic,15,False,0,S-85320b,A-71615e,21-08-2024,31-12-2026,Enterprise,15,0,0,True,True,False,False,monthly,True,87.0,25437.0,7.0,A-71615e,1.0,0.0,0.0
A-71615e,Company_167,EdTech,US,18-05-2024,organic,Basic,15,False,0,S-738d4a,A-71615e,06-12-2024,31-12-2026,Pro,15,735,8820,False,False,False,False,annual,True,37.0,12032.0,2.0,A-71615e,1.0,0.0,0.0
A-794a0b,Company_168,HealthTech,DE,02-06-2023,organic,Basic,23,False,0,S-938e4e,A-794a0b,02-06-2024,31-12-2026,Pro,23,0,0,True,False,False,False,annual,False,98.0,20152.0,12.0,0,0.0,0.0,0.0
A-794a0b,Company_168,HealthTech,DE,02-06-2023,organic,Basic,23,False,0,S-38ac0c,A-794a0b,05-07-2024,31-12-2026,Enterprise,31,6169,74028,False,False,False,False,monthly,True,55.0,13448.0,3.0,0,0.0,0.0,0.0
A-794a0b,Company_168,HealthTech,DE,02-06-2023,organic,Basic,23,False,0,S-16b6dc,A-794a0b,02-04-2024,31-12-2026,Pro,23,1127,13524,False,False,False,False,monthly,True,76.0,28014.0,3.0,0,0.0,0.0,0.0
A-794a0b,Company_168,HealthTech,DE,02-06-2023,organic,Basic,23,False,0,S-f7e37f,A-794a0b,07-08-2023,31-12-2026,Pro,23,0,0,True,False,False,False,annual,True,12.0,1680.0,0.0,0,0.0,0.0,0.0
A-794a0b,Company_168,HealthTech,DE,02-06-2023,organic,Basic,23,False,0,S-266ada,A-794a0b,24-06-2024,31-12-2026,Pro,23,1127,13524,False,False,False,False,monthly,True,28.0,13038.0,1.0,0,0.0,0.0,0.0
A-794a0b,Company_168,HealthTech,DE,02-06-2023,organic,Basic,23,False,0,S-509f0d,A-794a0b,05-02-2024,31-12-2026,Pro,35,1715,20580,False,False,False,False,monthly,True,59.0,14739.0,9.0,0,0.0,0.0,0.0
A-794a0b,Company_168,HealthTech,DE,02-06-2023,organic,Basic,23,False,0,S-973625,A-794a0b,18-12-2023,31-12-2026,Basic,23,437,5244,False,False,False,False,annual,False,19.0,3129.0,3.0,0,0.0,0.0,0.0
A-86902e,Company_169,HealthTech,IN,02-05-2023,other,Enterprise,34,False,0,S-13939b,A-86902e,21-07-2023,03-08-2024,Pro,34,0,0,True,False,False,True,monthly,True,91.0,27744.0,7.0,A-86902e,9.0,1.5555555555555556,0.0
A-86902e,Company_169,HealthTech,IN,02-05-2023,other,Enterprise,34,False,0,S-c317f9,A-86902e,24-11-2023,31-12-2026,Basic,34,646,7752,False,False,False,False,annual,True,99.0,37241.0,5.0,A-86902e,9.0,1.5555555555555556,0.0
A-86902e,Company_169,HealthTech,IN,02-05-2023,other,Enterprise,34,False,0,S-a245f6,A-86902e,28-12-2023,31-12-2026,Basic,34,646,7752,False,False,False,False,monthly,True,55.0,19782.0,0.0,A-86902e,9.0,1.5555555555555556,0.0
A-86902e,Company_169,HealthTech,IN,02-05-2023,other,Enterprise,34,False,0,S-e7b281,A-86902e,05-05-2024,31-12-2026,Pro,34,1666,19992,False,False,False,False,monthly,True,41.0,16172.0,0.0,A-86902e,9.0,1.5555555555555556,0.0
A-86902e,Company_169,HealthTech,IN,02-05-2023,other,Enterprise,34,False,0,S-94fc5d,A-86902e,30-07-2023,31-12-2026,Basic,34,0,0,True,False,False,False,monthly,True,91.0,26994.0,6.0,A-86902e,9.0,1.5555555555555556,0.0
A-86902e,Company_169,HealthTech,IN,02-05-2023,other,Enterprise,34,False,0,S-52b9a9,A-86902e,12-04-2024,31-12-2026,Enterprise,34,6766,81192,False,True,False,False,annual,True,42.0,10779.0,0.0,A-86902e,9.0,1.5555555555555556,0.0
A-86902e,Company_169,HealthTech,IN,02-05-2023,other,Enterprise,34,False,0,S-f110db,A-86902e,22-06-2024,31-12-2026,Enterprise,34,6766,81192,False,False,False,False,monthly,True,81.0,34612.0,1.0,A-86902e,9.0,1.5555555555555556,0.0
A-86902e,Company_169,HealthTech,IN,02-05-2023,other,Enterprise,34,False,0,S-b83d8d,A-86902e,11-12-2024,31-12-2026,Enterprise,34,6766,81192,False,False,False,False,annual,True,45.0,9484.0,9.0,A-86902e,9.0,1.5555555555555556,0.0
A-86902e,Company_169,HealthTech,IN,02-05-2023,other,Enterprise,34,False,0,S-e60430,A-86902e,26-12-2023,31-12-2026,Enterprise,61,12139,145668,False,True,False,False,annual,False,50.0,9033.0,3.0,A-86902e,9.0,1.5555555555555556,0.0
A-86902e,Company_169,HealthTech,IN,02-05-2023,other,Enterprise,34,False,0,S-117d65,A-86902e,30-11-2024,31-12-2026,Basic,34,646,7752,False,False,False,False,annual,True,33.0,10488.0,5.0,A-86902e,9.0,1.5555555555555556,0.0
A-0532a9,Company_170,FinTech,IN,25-09-2024,event,Pro,19,False,0,S-601bbe,A-0532a9,26-11-2024,31-12-2026,Pro,21,1029,12348,False,True,False,False,monthly,False,74.0,25310.0,1.0,A-0532a9,8.0,0.375,0.0
A-0532a9,Company_170,FinTech,IN,25-09-2024,event,Pro,19,False,0,S-fe753c,A-0532a9,23-11-2024,31-12-2026,Basic,19,361,4332,False,False,False,False,monthly,True,26.0,10517.0,2.0,A-0532a9,8.0,0.375,0.0
A-0532a9,Company_170,FinTech,IN,25-09-2024,event,Pro,19,False,0,S-eff018,A-0532a9,02-10-2024,31-12-2026,Pro,19,931,11172,False,False,True,False,annual,True,69.0,21726.0,0.0,A-0532a9,8.0,0.375,0.0
A-0532a9,Company_170,FinTech,IN,25-09-2024,event,Pro,19,False,0,S-951c06,A-0532a9,26-09-2024,31-12-2026,Basic,19,361,4332,False,False,False,False,annual,True,52.0,16061.0,8.0,A-0532a9,8.0,0.375,0.0
A-0532a9,Company_170,FinTech,IN,25-09-2024,event,Pro,19,False,0,S-29597a,A-0532a9,17-10-2024,31-12-2026,Enterprise,27,5373,64476,False,False,False,False,annual,False,76.0,20874.0,10.0,A-0532a9,8.0,0.375,0.0
A-0532a9,Company_170,FinTech,IN,25-09-2024,event,Pro,19,False,0,S-eec4d5,A-0532a9,10-12-2024,31-12-2026,Basic,19,361,4332,False,False,False,False,annual,True,36.0,8455.0,1.0,A-0532a9,8.0,0.375,0.0
A-0532a9,Company_170,FinTech,IN,25-09-2024,event,Pro,19,False,0,S-54b286,A-0532a9,20-12-2024,31-12-2026,Pro,26,1274,15288,False,True,False,False,monthly,False,43.0,2849.0,0.0,A-0532a9,8.0,0.375,0.0
A-0532a9,Company_170,FinTech,IN,25-09-2024,event,Pro,19,False,0,S-dd80e4,A-0532a9,24-11-2024,31-12-2026,Enterprise,21,4179,50148,False,True,False,False,annual,True,33.0,10526.0,2.0,A-0532a9,8.0,0.375,0.0
A-0532a9,Company_170,FinTech,IN,25-09-2024,event,Pro,19,False,0,S-99af79,A-0532a9,05-10-2024,31-12-2026,Basic,19,361,4332,False,False,False,False,annual,False,50.0,20488.0,3.0,A-0532a9,8.0,0.375,0.0
A-0532a9,Company_170,FinTech,IN,25-09-2024,event,Pro,19,False,0,S-c1f8e1,A-0532a9,26-12-2024,31-12-2026,Pro,19,931,11172,False,True,False,False,annual,False,60.0,20986.0,3.0,A-0532a9,8.0,0.375,0.0
A-9779ad,Company_171,Cybersecurity,AU,29-03-2024,event,Pro,40,True,1,S-5cb8a6,A-9779ad,14-08-2024,31-12-2026,Pro,40,1960,23520,False,False,False,False,monthly,False,29.0,4125.0,0.0,A-9779ad,3.0,1.6666666666666667,0.0
A-9779ad,Company_171,Cybersecurity,AU,29-03-2024,event,Pro,40,True,1,S-79bf38,A-9779ad,29-07-2024,31-12-2026,Enterprise,40,7960,95520,False,False,False,False,monthly,True,37.0,9825.0,4.0,A-9779ad,3.0,1.6666666666666667,0.0
A-9779ad,Company_171,Cybersecurity,AU,29-03-2024,event,Pro,40,True,1,S-f4d491,A-9779ad,09-05-2024,31-12-2026,Enterprise,40,7960,95520,False,False,False,False,monthly,True,46.0,16472.0,6.0,A-9779ad,3.0,1.6666666666666667,0.0
A-9779ad,Company_171,Cybersecurity,AU,29-03-2024,event,Pro,40,True,1,S-0638dc,A-9779ad,07-04-2024,31-12-2026,Enterprise,40,7960,95520,False,False,False,False,annual,True,47.0,10090.0,3.0,A-9779ad,3.0,1.6666666666666667,0.0
A-9779ad,Company_171,Cybersecurity,AU,29-03-2024,event,Pro,40,True,1,S-6c3700,A-9779ad,24-06-2024,31-12-2026,Enterprise,40,7960,95520,False,False,False,False,annual,True,79.0,21605.0,4.0,A-9779ad,3.0,1.6666666666666667,0.0
A-9779ad,Company_171,Cybersecurity,AU,29-03-2024,event,Pro,40,True,1,S-bf9e6d,A-9779ad,23-10-2024,31-12-2026,Enterprise,40,7960,95520,False,False,False,False,annual,True,36.0,8555.0,0.0,A-9779ad,3.0,1.6666666666666667,0.0
A-9779ad,Company_171,Cybersecurity,AU,29-03-2024,event,Pro,40,True,1,S-5a26fc,A-9779ad,07-07-2024,31-12-2026,Pro,40,0,0,True,False,False,False,annual,False,48.0,13672.0,2.0,A-9779ad,3.0,1.6666666666666667,0.0
A-9779ad,Company_171,Cybersecurity,AU,29-03-2024,event,Pro,40,True,1,S-655049,A-9779ad,27-10-2024,31-12-2026,Basic,40,0,0,True,False,False,False,monthly,False,20.0,5900.0,1.0,A-9779ad,3.0,1.6666666666666667,0.0
A-9779ad,Company_171,Cybersecurity,AU,29-03-2024,event,Pro,40,True,1,S-37879d,A-9779ad,17-09-2024,31-12-2026,Pro,40,1960,23520,False,False,False,False,monthly,False,32.0,9469.0,3.0,A-9779ad,3.0,1.6666666666666667,0.0
A-9779ad,Company_171,Cybersecurity,AU,29-03-2024,event,Pro,40,True,1,S-0896bc,A-9779ad,16-12-2024,31-12-2026,Enterprise,40,7960,95520,False,False,False,False,monthly,False,39.0,9366.0,2.0,A-9779ad,3.0,1.6666666666666667,0.0
A-f45426,Company_172,HealthTech,US,05-08-2024,organic,Basic,9,False,0,S-b488bc,A-f45426,15-11-2024,31-12-2026,Pro,11,0,0,True,False,False,False,monthly,True,42.0,13786.0,6.0,A-f45426,3.0,1.3333333333333333,0.0
A-f45426,Company_172,HealthTech,US,05-08-2024,organic,Basic,9,False,0,S-e60306,A-f45426,10-12-2024,31-12-2026,Enterprise,46,9154,109848,False,False,False,False,annual,True,46.0,19339.0,7.0,A-f45426,3.0,1.3333333333333333,0.0
A-f45426,Company_172,HealthTech,US,05-08-2024,organic,Basic,9,False,0,S-a79d1f,A-f45426,23-09-2024,31-12-2026,Enterprise,9,0,0,True,False,False,False,monthly,True,79.0,26854.0,4.0,A-f45426,3.0,1.3333333333333333,0.0
A-f45426,Company_172,HealthTech,US,05-08-2024,organic,Basic,9,False,0,S-d31de5,A-f45426,22-11-2024,31-12-2026,Pro,17,833,9996,False,False,True,False,monthly,True,72.0,18625.0,5.0,A-f45426,3.0,1.3333333333333333,0.0
A-f45426,Company_172,HealthTech,US,05-08-2024,organic,Basic,9,False,0,S-70275b,A-f45426,09-08-2024,31-12-2026,Basic,20,380,4560,False,False,True,False,annual,True,55.0,22096.0,2.0,A-f45426,3.0,1.3333333333333333,0.0
A-f45426,Company_172,HealthTech,US,05-08-2024,organic,Basic,9,False,0,S-2126cd,A-f45426,29-12-2024,31-12-2026,Pro,9,441,5292,False,False,False,False,monthly,False,41.0,10589.0,3.0,A-f45426,3.0,1.3333333333333333,0.0
A-f45426,Company_172,HealthTech,US,05-08-2024,organic,Basic,9,False,0,S-79bb4c,A-f45426,21-09-2024,03-11-2024,Pro,11,539,6468,False,False,False,True,annual,False,81.0,22502.0,4.0,A-f45426,3.0,1.3333333333333333,0.0
A-f45426,Company_172,HealthTech,US,05-08-2024,organic,Basic,9,False,0,S-1c3a42,A-f45426,14-09-2024,31-12-2026,Enterprise,20,3980,47760,False,False,False,False,annual,True,53.0,13827.0,6.0,A-f45426,3.0,1.3333333333333333,0.0
A-f45426,Company_172,HealthTech,US,05-08-2024,organic,Basic,9,False,0,S-3ae2dd,A-f45426,05-08-2024,31-12-2026,Basic,57,0,0,True,False,False,False,annual,True,35.0,14423.0,4.0,A-f45426,3.0,1.3333333333333333,0.0
A-f45426,Company_172,HealthTech,US,05-08-2024,organic,Basic,9,False,0,S-4b26c5,A-f45426,27-09-2024,28-09-2024,Enterprise,9,1791,21492,False,False,False,True,monthly,True,59.0,13024.0,4.0,A-f45426,3.0,1.3333333333333333,0.0
A-f45426,Company_172,HealthTech,US,05-08-2024,organic,Basic,9,False,0,S-1299be,A-f45426,18-10-2024,31-12-2026,Basic,9,171,2052,False,False,True,False,monthly,False,61.0,16586.0,4.0,A-f45426,3.0,1.3333333333333333,0.0
A-c1e51e,Company_173,FinTech,US,02-10-2024,organic,Basic,3,False,0,S-8cd315,A-c1e51e,19-11-2024,31-12-2026,Enterprise,55,10945,131340,False,False,False,False,monthly,True,61.0,18286.0,0.0,A-c1e51e,5.0,3.2,0.0
A-c1e51e,Company_173,FinTech,US,02-10-2024,organic,Basic,3,False,0,S-222167,A-c1e51e,29-12-2024,31-12-2024,Basic,41,779,9348,False,False,False,True,annual,True,69.0,25879.0,5.0,A-c1e51e,5.0,3.2,0.0
A-c1e51e,Company_173,FinTech,US,02-10-2024,organic,Basic,3,False,0,S-9fa080,A-c1e51e,24-12-2024,31-12-2026,Enterprise,29,5771,69252,False,True,False,False,monthly,True,95.0,17156.0,16.0,A-c1e51e,5.0,3.2,0.0
A-c1e51e,Company_173,FinTech,US,02-10-2024,organic,Basic,3,False,0,S-ad45ea,A-c1e51e,11-12-2024,31-12-2026,Basic,19,361,4332,False,False,False,False,monthly,True,42.0,10251.0,1.0,A-c1e51e,5.0,3.2,0.0
A-c1e51e,Company_173,FinTech,US,02-10-2024,organic,Basic,3,False,0,S-03906f,A-c1e51e,28-11-2024,31-12-2026,Basic,25,475,5700,False,False,False,False,annual,True,38.0,6514.0,0.0,A-c1e51e,5.0,3.2,0.0
A-c1e51e,Company_173,FinTech,US,02-10-2024,organic,Basic,3,False,0,S-c7667c,A-c1e51e,02-11-2024,31-12-2026,Pro,10,490,5880,False,False,False,False,monthly,True,60.0,20811.0,7.0,A-c1e51e,5.0,3.2,0.0
A-c1e51e,Company_173,FinTech,US,02-10-2024,organic,Basic,3,False,0,S-7c2997,A-c1e51e,21-12-2024,31-12-2024,Pro,32,1568,18816,False,False,False,True,annual,True,21.0,9942.0,0.0,A-c1e51e,5.0,3.2,0.0
A-c1e51e,Company_173,FinTech,US,02-10-2024,organic,Basic,3,False,0,S-084930,A-c1e51e,08-12-2024,31-12-2026,Enterprise,3,597,7164,False,False,False,False,monthly,True,48.0,13479.0,2.0,A-c1e51e,5.0,3.2,0.0
A-c1e51e,Company_173,FinTech,US,02-10-2024,organic,Basic,3,False,0,S-e339fb,A-c1e51e,31-10-2024,18-12-2024,Enterprise,14,2786,33432,False,False,False,True,annual,True,36.0,13503.0,3.0,A-c1e51e,5.0,3.2,0.0
A-c1e51e,Company_173,FinTech,US,02-10-2024,organic,Basic,3,False,0,S-c545c8,A-c1e51e,20-10-2024,31-12-2026,Basic,7,133,1596,False,False,True,False,monthly,True,48.0,16407.0,2.0,A-c1e51e,5.0,3.2,0.0
A-fa3095,Company_174,FinTech,US,03-09-2023,ads,Basic,70,False,0,S-2923fc,A-fa3095,08-07-2024,31-12-2026,Enterprise,70,13930,167160,False,False,False,False,annual,True,87.0,27528.0,5.0,A-fa3095,5.0,2.0,0.0
A-fa3095,Company_174,FinTech,US,03-09-2023,ads,Basic,70,False,0,S-33db08,A-fa3095,30-12-2024,31-12-2026,Basic,70,1330,15960,False,False,False,False,annual,True,71.0,33715.0,3.0,A-fa3095,5.0,2.0,0.0
A-fa3095,Company_174,FinTech,US,03-09-2023,ads,Basic,70,False,0,S-17e05f,A-fa3095,18-12-2024,31-12-2026,Pro,70,3430,41160,False,False,False,False,annual,True,25.0,12466.0,8.0,A-fa3095,5.0,2.0,0.0
A-fa3095,Company_174,FinTech,US,03-09-2023,ads,Basic,70,False,0,S-783694,A-fa3095,18-12-2023,31-12-2026,Enterprise,70,13930,167160,False,False,False,False,annual,True,10.0,5210.0,0.0,A-fa3095,5.0,2.0,0.0
A-fa3095,Company_174,FinTech,US,03-09-2023,ads,Basic,70,False,0,S-2a928c,A-fa3095,16-12-2024,31-12-2026,Basic,70,1330,15960,False,False,False,False,monthly,True,73.0,16545.0,3.0,A-fa3095,5.0,2.0,0.0
A-fa3095,Company_174,FinTech,US,03-09-2023,ads,Basic,70,False,0,S-7bb339,A-fa3095,06-12-2023,31-12-2026,Enterprise,70,13930,167160,False,False,False,False,annual,True,89.0,25230.0,8.0,A-fa3095,5.0,2.0,0.0
A-fa3095,Company_174,FinTech,US,03-09-2023,ads,Basic,70,False,0,S-615487,A-fa3095,16-05-2024,31-12-2026,Basic,70,1330,15960,False,False,False,False,annual,True,44.0,12510.0,6.0,A-fa3095,5.0,2.0,0.0
A-fa3095,Company_174,FinTech,US,03-09-2023,ads,Basic,70,False,0,S-d7461b,A-fa3095,17-12-2023,31-12-2026,Pro,70,3430,41160,False,False,False,False,monthly,True,79.0,24247.0,2.0,A-fa3095,5.0,2.0,0.0
A-fa3095,Company_174,FinTech,US,03-09-2023,ads,Basic,70,False,0,S-8932ce,A-fa3095,18-12-2024,31-12-2026,Basic,70,1330,15960,False,False,False,False,monthly,True,23.0,8335.0,3.0,A-fa3095,5.0,2.0,0.0
A-fa3095,Company_174,FinTech,US,03-09-2023,ads,Basic,70,False,0,S-457294,A-fa3095,07-06-2024,31-12-2026,Enterprise,70,13930,167160,False,False,False,False,monthly,True,17.0,3769.0,0.0,A-fa3095,5.0,2.0,0.0
A-fa3095,Company_174,FinTech,US,03-09-2023,ads,Basic,70,False,0,S-6c4770,A-fa3095,18-09-2023,31-12-2026,Enterprise,70,0,0,True,False,False,False,monthly,True,45.0,20327.0,4.0,A-fa3095,5.0,2.0,0.0
A-fa3095,Company_174,FinTech,US,03-09-2023,ads,Basic,70,False,0,S-99c1c7,A-fa3095,04-06-2024,31-12-2026,Basic,70,1330,15960,False,False,False,False,annual,True,37.0,12218.0,0.0,A-fa3095,5.0,2.0,0.0
A-ad64c6,Company_175,DevTools,UK,23-02-2024,event,Pro,12,False,0,S-753a0a,A-ad64c6,15-06-2024,31-12-2026,Enterprise,28,5572,66864,False,False,False,False,annual,False,75.0,29996.0,2.0,A-ad64c6,4.0,1.25,0.0
A-ad64c6,Company_175,DevTools,UK,23-02-2024,event,Pro,12,False,0,S-23d802,A-ad64c6,24-07-2024,31-12-2026,Basic,54,0,0,True,False,False,False,monthly,True,9.0,2358.0,0.0,A-ad64c6,4.0,1.25,0.0
A-ad64c6,Company_175,DevTools,UK,23-02-2024,event,Pro,12,False,0,S-4695b8,A-ad64c6,15-08-2024,11-11-2024,Pro,12,588,7056,False,False,False,True,annual,True,74.0,29959.0,6.0,A-ad64c6,4.0,1.25,0.0
A-ad64c6,Company_175,DevTools,UK,23-02-2024,event,Pro,12,False,0,S-fcef74,A-ad64c6,08-09-2024,31-12-2026,Pro,12,588,7056,False,False,False,False,monthly,True,0.0,0.0,0.0,A-ad64c6,4.0,1.25,0.0
A-ad64c6,Company_175,DevTools,UK,23-02-2024,event,Pro,12,False,0,S-ed857b,A-ad64c6,07-03-2024,31-12-2026,Enterprise,12,2388,28656,False,False,False,False,monthly,False,32.0,9243.0,8.0,A-ad64c6,4.0,1.25,0.0
A-ad64c6,Company_175,DevTools,UK,23-02-2024,event,Pro,12,False,0,S-28e360,A-ad64c6,20-11-2024,31-12-2026,Enterprise,28,5572,66864,False,False,False,False,annual,True,25.0,8049.0,2.0,A-ad64c6,4.0,1.25,0.0
A-39b19f,Company_176,FinTech,US,03-02-2023,partner,Enterprise,1,False,0,S-0e4b0c,A-39b19f,28-02-2023,15-06-2023,Pro,24,1176,14112,False,False,True,True,annual,True,45.0,9063.0,1.0,A-39b19f,6.0,2.8333333333333335,1.0
A-39b19f,Company_176,FinTech,US,03-02-2023,partner,Enterprise,1,False,0,S-358daa,A-39b19f,04-09-2024,31-12-2026,Enterprise,24,0,0,True,False,False,False,annual,True,54.0,12846.0,6.0,A-39b19f,6.0,2.8333333333333335,1.0
A-39b19f,Company_176,FinTech,US,03-02-2023,partner,Enterprise,1,False,0,S-049328,A-39b19f,20-07-2023,31-12-2026,Pro,55,2695,32340,False,False,False,False,monthly,True,41.0,15254.0,1.0,A-39b19f,6.0,2.8333333333333335,1.0
A-39b19f,Company_176,FinTech,US,03-02-2023,partner,Enterprise,1,False,0,S-6904e6,A-39b19f,23-02-2023,31-12-2026,Pro,16,784,9408,False,False,False,False,monthly,True,59.0,15369.0,4.0,A-39b19f,6.0,2.8333333333333335,1.0
A-39b19f,Company_176,FinTech,US,03-02-2023,partner,Enterprise,1,False,0,S-0c03b0,A-39b19f,23-11-2023,31-12-2026,Pro,36,1764,21168,False,False,False,False,monthly,False,48.0,12913.0,1.0,A-39b19f,6.0,2.8333333333333335,1.0
A-39b19f,Company_176,FinTech,US,03-02-2023,partner,Enterprise,1,False,0,S-fced99,A-39b19f,03-10-2024,31-12-2026,Enterprise,42,0,0,True,False,False,False,monthly,True,40.0,4154.0,6.0,A-39b19f,6.0,2.8333333333333335,1.0
A-39b19f,Company_176,FinTech,US,03-02-2023,partner,Enterprise,1,False,0,S-233c23,A-39b19f,11-05-2024,31-12-2026,Pro,54,2646,31752,False,True,False,False,monthly,False,61.0,22601.0,2.0,A-39b19f,6.0,2.8333333333333335,1.0
A-39b19f,Company_176,FinTech,US,03-02-2023,partner,Enterprise,1,False,0,S-813cdc,A-39b19f,04-07-2023,31-12-2026,Pro,20,980,11760,False,False,False,False,annual,True,70.0,16760.0,3.0,A-39b19f,6.0,2.8333333333333335,1.0
A-39b19f,Company_176,FinTech,US,03-02-2023,partner,Enterprise,1,False,0,S-d7497b,A-39b19f,07-11-2024,31-12-2026,Basic,13,247,2964,False,False,False,False,monthly,True,20.0,5475.0,5.0,A-39b19f,6.0,2.8333333333333335,1.0
A-39b19f,Company_176,FinTech,US,03-02-2023,partner,Enterprise,1,False,0,S-dd73ac,A-39b19f,17-05-2024,31-12-2026,Enterprise,14,2786,33432,False,False,False,False,monthly,False,39.0,13543.0,7.0,A-39b19f,6.0,2.8333333333333335,1.0
A-39b19f,Company_176,FinTech,US,03-02-2023,partner,Enterprise,1,False,0,S-fb4fae,A-39b19f,25-03-2024,01-05-2024,Enterprise,41,8159,97908,False,False,False,True,monthly,True,53.0,7083.0,1.0,A-39b19f,6.0,2.8333333333333335,1.0
A-56962b,Company_177,EdTech,UK,09-04-2024,partner,Enterprise,163,False,0,S-c8fa77,A-56962b,28-08-2024,31-12-2026,Basic,163,3097,37164,False,False,False,False,monthly,True,28.0,7159.0,3.0,A-56962b,4.0,0.75,0.0
A-56962b,Company_177,EdTech,UK,09-04-2024,partner,Enterprise,163,False,0,S-c7190f,A-56962b,08-09-2024,31-12-2026,Pro,163,7987,95844,False,True,False,False,monthly,True,37.0,9749.0,6.0,A-56962b,4.0,0.75,0.0
A-56962b,Company_177,EdTech,UK,09-04-2024,partner,Enterprise,163,False,0,S-faee8b,A-56962b,15-05-2024,31-12-2026,Pro,163,0,0,True,False,False,False,monthly,False,55.0,13170.0,3.0,A-56962b,4.0,0.75,0.0
A-56962b,Company_177,EdTech,UK,09-04-2024,partner,Enterprise,163,False,0,S-4970c1,A-56962b,03-09-2024,31-12-2026,Basic,163,3097,37164,False,False,False,False,annual,True,26.0,10399.0,0.0,A-56962b,4.0,0.75,0.0
A-56962b,Company_177,EdTech,UK,09-04-2024,partner,Enterprise,163,False,0,S-e98121,A-56962b,15-12-2024,31-12-2026,Enterprise,163,32437,389244,False,False,False,False,monthly,True,61.0,18070.0,5.0,A-56962b,4.0,0.75,0.0
A-56962b,Company_177,EdTech,UK,09-04-2024,partner,Enterprise,163,False,0,S-95a570,A-56962b,20-11-2024,26-12-2024,Pro,163,0,0,True,False,False,True,monthly,True,25.0,10816.0,3.0,A-56962b,4.0,0.75,0.0
A-56962b,Company_177,EdTech,UK,09-04-2024,partner,Enterprise,163,False,0,S-86e45a,A-56962b,23-09-2024,31-12-2026,Pro,163,7987,95844,False,False,False,False,annual,True,39.0,12581.0,5.0,A-56962b,4.0,0.75,0.0
A-e60f9d,Company_178,FinTech,US,26-08-2024,other,Basic,29,False,0,S-74538d,A-e60f9d,13-11-2024,31-12-2026,Pro,46,2254,27048,False,False,False,False,annual,True,17.0,2702.0,0.0,A-e60f9d,2.0,0.0,0.0
A-e60f9d,Company_178,FinTech,US,26-08-2024,other,Basic,29,False,0,S-1bd2ec,A-e60f9d,25-12-2024,28-12-2024,Basic,38,722,8664,False,False,False,True,annual,True,57.0,17188.0,2.0,A-e60f9d,2.0,0.0,0.0
A-e60f9d,Company_178,FinTech,US,26-08-2024,other,Basic,29,False,0,S-9b2c95,A-e60f9d,24-11-2024,05-12-2024,Pro,29,0,0,True,False,False,True,annual,True,53.0,15541.0,2.0,A-e60f9d,2.0,0.0,0.0
A-e60f9d,Company_178,FinTech,US,26-08-2024,other,Basic,29,False,0,S-02ec76,A-e60f9d,17-09-2024,31-12-2026,Pro,29,1421,17052,False,False,False,False,monthly,True,78.0,17731.0,4.0,A-e60f9d,2.0,0.0,0.0
A-e60f9d,Company_178,FinTech,US,26-08-2024,other,Basic,29,False,0,S-4c0b7b,A-e60f9d,21-10-2024,31-12-2026,Basic,60,1140,13680,False,False,True,False,annual,True,45.0,14591.0,0.0,A-e60f9d,2.0,0.0,0.0
A-e60f9d,Company_178,FinTech,US,26-08-2024,other,Basic,29,False,0,S-172953,A-e60f9d,11-12-2024,31-12-2026,Basic,29,551,6612,False,False,False,False,monthly,True,65.0,12864.0,3.0,A-e60f9d,2.0,0.0,0.0
A-e60f9d,Company_178,FinTech,US,26-08-2024,other,Basic,29,False,0,S-102ebf,A-e60f9d,13-11-2024,31-12-2026,Enterprise,29,5771,69252,False,False,False,False,annual,False,33.0,4206.0,0.0,A-e60f9d,2.0,0.0,0.0
A-e60f9d,Company_178,FinTech,US,26-08-2024,other,Basic,29,False,0,S-3867d6,A-e60f9d,23-12-2024,31-12-2026,Pro,29,0,0,True,False,False,False,annual,True,12.0,2616.0,0.0,A-e60f9d,2.0,0.0,0.0
A-e60f9d,Company_178,FinTech,US,26-08-2024,other,Basic,29,False,0,S-3e3033,A-e60f9d,11-12-2024,31-12-2026,Pro,31,0,0,True,False,False,False,annual,True,31.0,13022.0,0.0,A-e60f9d,2.0,0.0,0.0
A-e60f9d,Company_178,FinTech,US,26-08-2024,other,Basic,29,False,0,S-a8299c,A-e60f9d,03-12-2024,31-12-2026,Enterprise,29,5771,69252,False,False,False,False,monthly,True,33.0,4454.0,1.0,A-e60f9d,2.0,0.0,0.0
A-e60f9d,Company_178,FinTech,US,26-08-2024,other,Basic,29,False,0,S-a0af0a,A-e60f9d,19-12-2024,31-12-2026,Enterprise,29,5771,69252,False,False,False,False,monthly,True,26.0,9809.0,3.0,A-e60f9d,2.0,0.0,0.0
A-e60f9d,Company_178,FinTech,US,26-08-2024,other,Basic,29,False,0,S-656302,A-e60f9d,11-10-2024,31-12-2026,Enterprise,29,5771,69252,False,False,False,False,monthly,True,45.0,7106.0,0.0,A-e60f9d,2.0,0.0,0.0
A-e60f9d,Company_178,FinTech,US,26-08-2024,other,Basic,29,False,0,S-089366,A-e60f9d,12-11-2024,31-12-2026,Basic,29,551,6612,False,False,False,False,annual,True,110.0,29410.0,6.0,A-e60f9d,2.0,0.0,0.0
A-e60f9d,Company_178,FinTech,US,26-08-2024,other,Basic,29,False,0,S-db7a97,A-e60f9d,11-11-2024,31-12-2026,Enterprise,48,9552,114624,False,False,True,False,monthly,True,21.0,5733.0,3.0,A-e60f9d,2.0,0.0,0.0
A-e60f9d,Company_178,FinTech,US,26-08-2024,other,Basic,29,False,0,S-0ffab0,A-e60f9d,18-10-2024,31-12-2026,Enterprise,58,11542,138504,False,False,False,False,annual,True,3.0,1614.0,0.0,A-e60f9d,2.0,0.0,0.0
A-88c6ca,Company_179,FinTech,DE,25-10-2024,ads,Basic,5,False,1,S-f89d8c,A-88c6ca,18-12-2024,31-12-2026,Pro,49,2401,28812,False,False,False,False,monthly,True,99.0,25124.0,2.0,A-88c6ca,1.0,0.0,0.0
A-88c6ca,Company_179,FinTech,DE,25-10-2024,ads,Basic,5,False,1,S-07f282,A-88c6ca,19-11-2024,31-12-2026,Enterprise,5,995,11940,False,False,False,False,monthly,True,84.0,17718.0,2.0,A-88c6ca,1.0,0.0,0.0
A-88c6ca,Company_179,FinTech,DE,25-10-2024,ads,Basic,5,False,1,S-76c7da,A-88c6ca,22-11-2024,31-12-2026,Enterprise,11,0,0,True,False,False,False,annual,True,44.0,16360.0,0.0,A-88c6ca,1.0,0.0,0.0
A-88c6ca,Company_179,FinTech,DE,25-10-2024,ads,Basic,5,False,1,S-eae773,A-88c6ca,03-12-2024,31-12-2026,Pro,11,539,6468,False,False,False,False,monthly,True,36.0,9799.0,2.0,A-88c6ca,1.0,0.0,0.0
A-88c6ca,Company_179,FinTech,DE,25-10-2024,ads,Basic,5,False,1,S-c2b710,A-88c6ca,01-11-2024,31-12-2026,Enterprise,5,995,11940,False,False,False,False,monthly,True,82.0,24152.0,9.0,A-88c6ca,1.0,0.0,0.0
A-88c6ca,Company_179,FinTech,DE,25-10-2024,ads,Basic,5,False,1,S-786ead,A-88c6ca,02-12-2024,31-12-2026,Pro,8,392,4704,False,False,False,False,monthly,True,23.0,8824.0,0.0,A-88c6ca,1.0,0.0,0.0
A-88c6ca,Company_179,FinTech,DE,25-10-2024,ads,Basic,5,False,1,S-866608,A-88c6ca,23-12-2024,31-12-2026,Pro,23,1127,13524,False,False,False,False,annual,True,78.0,28218.0,4.0,A-88c6ca,1.0,0.0,0.0
A-158f4e,Company_180,FinTech,IN,03-03-2023,other,Enterprise,61,False,0,S-9714fa,A-158f4e,19-02-2024,31-12-2026,Pro,61,2989,35868,False,False,False,False,annual,True,52.0,11737.0,4.0,A-158f4e,5.0,2.6,0.0
A-158f4e,Company_180,FinTech,IN,03-03-2023,other,Enterprise,61,False,0,S-4dae4c,A-158f4e,19-12-2023,31-12-2026,Pro,61,2989,35868,False,False,False,False,monthly,True,18.0,9362.0,0.0,A-158f4e,5.0,2.6,0.0
A-158f4e,Company_180,FinTech,IN,03-03-2023,other,Enterprise,61,False,0,S-f762a3,A-158f4e,22-03-2024,31-12-2026,Enterprise,61,12139,145668,False,False,False,False,annual,True,58.0,21147.0,3.0,A-158f4e,5.0,2.6,0.0
A-158f4e,Company_180,FinTech,IN,03-03-2023,other,Enterprise,61,False,0,S-61c27e,A-158f4e,02-06-2023,31-12-2026,Basic,61,1159,13908,False,False,False,False,monthly,True,69.0,18044.0,8.0,A-158f4e,5.0,2.6,0.0
A-158f4e,Company_180,FinTech,IN,03-03-2023,other,Enterprise,61,False,0,S-e2fd71,A-158f4e,29-11-2023,31-12-2026,Basic,61,1159,13908,False,False,False,False,monthly,True,39.0,11290.0,0.0,A-158f4e,5.0,2.6,0.0
A-158f4e,Company_180,FinTech,IN,03-03-2023,other,Enterprise,61,False,0,S-ce5e0e,A-158f4e,17-09-2023,31-12-2026,Pro,61,2989,35868,False,False,False,False,annual,True,29.0,9500.0,0.0,A-158f4e,5.0,2.6,0.0
A-158f4e,Company_180,FinTech,IN,03-03-2023,other,Enterprise,61,False,0,S-63c794,A-158f4e,11-10-2023,31-12-2026,Pro,61,2989,35868,False,False,False,False,annual,True,28.0,3245.0,2.0,A-158f4e,5.0,2.6,0.0
A-158f4e,Company_180,FinTech,IN,03-03-2023,other,Enterprise,61,False,0,S-3ad334,A-158f4e,23-11-2024,31-12-2026,Enterprise,61,12139,145668,False,False,False,False,monthly,True,42.0,11923.0,3.0,A-158f4e,5.0,2.6,0.0
A-158f4e,Company_180,FinTech,IN,03-03-2023,other,Enterprise,61,False,0,S-9f59fd,A-158f4e,03-09-2024,31-12-2026,Basic,61,1159,13908,False,False,False,False,annual,False,52.0,14688.0,2.0,A-158f4e,5.0,2.6,0.0
A-158f4e,Company_180,FinTech,IN,03-03-2023,other,Enterprise,61,False,0,S-f3ff07,A-158f4e,19-06-2023,15-05-2024,Basic,61,1159,13908,False,False,False,True,annual,False,27.0,4910.0,6.0,A-158f4e,5.0,2.6,0.0
A-158f4e,Company_180,FinTech,IN,03-03-2023,other,Enterprise,61,False,0,S-56834c,A-158f4e,30-08-2023,31-12-2026,Pro,61,0,0,True,False,False,False,monthly,True,19.0,7788.0,1.0,A-158f4e,5.0,2.6,0.0
A-158f4e,Company_180,FinTech,IN,03-03-2023,other,Enterprise,61,False,0,S-6cea1b,A-158f4e,18-11-2024,31-12-2026,Pro,61,2989,35868,False,False,False,False,monthly,True,20.0,824.0,0.0,A-158f4e,5.0,2.6,0.0
A-5b051a,Company_181,Cybersecurity,US,05-08-2024,event,Enterprise,22,False,0,S-6e0006,A-5b051a,18-09-2024,31-12-2026,Basic,22,418,5016,False,False,False,False,monthly,True,36.0,15832.0,0.0,A-5b051a,1.0,3.0,0.0
A-5b051a,Company_181,Cybersecurity,US,05-08-2024,event,Enterprise,22,False,0,S-0a70a3,A-5b051a,21-10-2024,24-12-2024,Basic,22,418,5016,False,False,False,True,annual,True,18.0,7605.0,1.0,A-5b051a,1.0,3.0,0.0
A-5b051a,Company_181,Cybersecurity,US,05-08-2024,event,Enterprise,22,False,0,S-ad31b0,A-5b051a,29-12-2024,31-12-2026,Pro,22,1078,12936,False,False,False,False,monthly,True,46.0,4777.0,7.0,A-5b051a,1.0,3.0,0.0
A-5b051a,Company_181,Cybersecurity,US,05-08-2024,event,Enterprise,22,False,0,S-9b493e,A-5b051a,23-11-2024,31-12-2026,Basic,22,418,5016,False,False,False,False,monthly,True,71.0,16650.0,9.0,A-5b051a,1.0,3.0,0.0
A-296d7c,Company_182,DevTools,DE,08-11-2023,other,Enterprise,2,False,0,S-0e499f,A-296d7c,17-08-2024,31-12-2026,Pro,16,784,9408,False,False,False,False,annual,False,20.0,8835.0,0.0,A-296d7c,5.0,3.0,0.0
A-296d7c,Company_182,DevTools,DE,08-11-2023,other,Enterprise,2,False,0,S-e77b1e,A-296d7c,30-01-2024,31-12-2026,Basic,6,114,1368,False,False,False,False,annual,True,68.0,22413.0,4.0,A-296d7c,5.0,3.0,0.0
A-296d7c,Company_182,DevTools,DE,08-11-2023,other,Enterprise,2,False,0,S-446c54,A-296d7c,05-11-2024,31-12-2026,Enterprise,2,398,4776,False,False,False,False,annual,True,54.0,18002.0,4.0,A-296d7c,5.0,3.0,0.0
A-296d7c,Company_182,DevTools,DE,08-11-2023,other,Enterprise,2,False,0,S-5ae105,A-296d7c,21-04-2024,31-12-2026,Basic,19,361,4332,False,False,False,False,monthly,True,76.0,27160.0,3.0,A-296d7c,5.0,3.0,0.0
A-296d7c,Company_182,DevTools,DE,08-11-2023,other,Enterprise,2,False,0,S-cdfe99,A-296d7c,26-11-2024,31-12-2026,Pro,6,294,3528,False,False,False,False,annual,True,41.0,18982.0,2.0,A-296d7c,5.0,3.0,0.0
A-296d7c,Company_182,DevTools,DE,08-11-2023,other,Enterprise,2,False,0,S-c01d79,A-296d7c,19-07-2024,31-12-2026,Basic,24,0,0,True,False,False,False,monthly,True,48.0,14480.0,5.0,A-296d7c,5.0,3.0,0.0
A-296d7c,Company_182,DevTools,DE,08-11-2023,other,Enterprise,2,False,0,S-71c55a,A-296d7c,08-06-2024,31-12-2026,Basic,2,38,456,False,False,False,False,annual,False,50.0,14881.0,0.0,A-296d7c,5.0,3.0,0.0
A-1619f8,Company_183,DevTools,US,20-05-2024,organic,Pro,29,False,0,S-ccc0fe,A-1619f8,28-11-2024,31-12-2026,Basic,29,551,6612,False,False,False,False,monthly,True,47.0,20620.0,3.0,A-1619f8,3.0,1.6666666666666667,0.0
A-1619f8,Company_183,DevTools,US,20-05-2024,organic,Pro,29,False,0,S-2aadef,A-1619f8,16-11-2024,31-12-2026,Pro,29,1421,17052,False,False,False,False,annual,True,61.0,20723.0,1.0,A-1619f8,3.0,1.6666666666666667,0.0
A-1619f8,Company_183,DevTools,US,20-05-2024,organic,Pro,29,False,0,S-3401bf,A-1619f8,09-06-2024,31-12-2026,Enterprise,55,10945,131340,False,False,False,False,annual,True,31.0,6534.0,2.0,A-1619f8,3.0,1.6666666666666667,0.0
A-1619f8,Company_183,DevTools,US,20-05-2024,organic,Pro,29,False,0,S-5de79e,A-1619f8,06-11-2024,31-12-2026,Basic,29,551,6612,False,True,False,False,annual,False,65.0,25619.0,5.0,A-1619f8,3.0,1.6666666666666667,0.0
A-1619f8,Company_183,DevTools,US,20-05-2024,organic,Pro,29,False,0,S-d232ad,A-1619f8,10-06-2024,31-12-2026,Pro,29,0,0,True,False,False,False,monthly,False,62.0,17553.0,4.0,A-1619f8,3.0,1.6666666666666667,0.0
A-1619f8,Company_183,DevTools,US,20-05-2024,organic,Pro,29,False,0,S-45ee20,A-1619f8,21-07-2024,31-12-2026,Basic,29,551,6612,False,False,False,False,monthly,True,93.0,29708.0,0.0,A-1619f8,3.0,1.6666666666666667,0.0
A-1619f8,Company_183,DevTools,US,20-05-2024,organic,Pro,29,False,0,S-f2da7f,A-1619f8,05-11-2024,31-12-2026,Enterprise,29,5771,69252,False,False,False,False,monthly,True,73.0,22030.0,11.0,A-1619f8,3.0,1.6666666666666667,0.0
A-a1b80b,Company_184,HealthTech,US,27-11-2023,organic,Basic,16,False,0,S-287914,A-a1b80b,15-08-2024,31-12-2026,Pro,16,784,9408,False,False,False,False,annual,True,67.0,15295.0,6.0,A-a1b80b,4.0,3.0,0.0
A-a1b80b,Company_184,HealthTech,US,27-11-2023,organic,Basic,16,False,0,S-27f7b2,A-a1b80b,03-04-2024,31-12-2026,Basic,38,722,8664,False,False,False,False,annual,True,60.0,14177.0,3.0,A-a1b80b,4.0,3.0,0.0
A-a1b80b,Company_184,HealthTech,US,27-11-2023,organic,Basic,16,False,0,S-791c64,A-a1b80b,07-11-2024,31-12-2026,Pro,16,0,0,True,False,False,False,annual,True,28.0,7942.0,0.0,A-a1b80b,4.0,3.0,0.0
A-a1b80b,Company_184,HealthTech,US,27-11-2023,organic,Basic,16,False,0,S-7785af,A-a1b80b,28-03-2024,31-12-2026,Enterprise,16,3184,38208,False,True,False,False,monthly,False,40.0,10118.0,0.0,A-a1b80b,4.0,3.0,0.0
A-a1b80b,Company_184,HealthTech,US,27-11-2023,organic,Basic,16,False,0,S-2ded36,A-a1b80b,08-09-2024,31-12-2026,Enterprise,16,3184,38208,False,True,False,False,annual,True,26.0,9554.0,5.0,A-a1b80b,4.0,3.0,0.0
A-a1b80b,Company_184,HealthTech,US,27-11-2023,organic,Basic,16,False,0,S-6e0edc,A-a1b80b,07-09-2024,31-12-2026,Enterprise,16,3184,38208,False,False,False,False,annual,True,25.0,6562.0,0.0,A-a1b80b,4.0,3.0,0.0
A-a1b80b,Company_184,HealthTech,US,27-11-2023,organic,Basic,16,False,0,S-29b014,A-a1b80b,15-07-2024,31-12-2026,Pro,36,1764,21168,False,False,False,False,annual,True,47.0,10238.0,7.0,A-a1b80b,4.0,3.0,0.0
A-a1b80b,Company_184,HealthTech,US,27-11-2023,organic,Basic,16,False,0,S-d841e4,A-a1b80b,28-06-2024,31-12-2026,Enterprise,16,3184,38208,False,True,False,False,annual,True,56.0,12979.0,3.0,A-a1b80b,4.0,3.0,0.0
A-a1b80b,Company_184,HealthTech,US,27-11-2023,organic,Basic,16,False,0,S-f9d635,A-a1b80b,11-03-2024,31-12-2026,Enterprise,52,10348,124176,False,False,False,False,monthly,False,34.0,11609.0,7.0,A-a1b80b,4.0,3.0,0.0
A-a1b80b,Company_184,HealthTech,US,27-11-2023,organic,Basic,16,False,0,S-33e4e2,A-a1b80b,19-09-2024,31-12-2026,Enterprise,16,3184,38208,False,False,True,False,annual,False,34.0,13191.0,0.0,A-a1b80b,4.0,3.0,0.0
A-a1b80b,Company_184,HealthTech,US,27-11-2023,organic,Basic,16,False,0,S-21d0ab,A-a1b80b,21-07-2024,31-12-2026,Basic,22,418,5016,False,False,False,False,monthly,True,30.0,14595.0,1.0,A-a1b80b,4.0,3.0,0.0
A-a1b80b,Company_184,HealthTech,US,27-11-2023,organic,Basic,16,False,0,S-333abd,A-a1b80b,05-07-2024,31-12-2026,Basic,16,304,3648,False,False,False,False,annual,True,67.0,15689.0,0.0,A-a1b80b,4.0,3.0,0.0
A-a1b80b,Company_184,HealthTech,US,27-11-2023,organic,Basic,16,False,0,S-410fd5,A-a1b80b,09-06-2024,31-12-2026,Basic,19,361,4332,False,False,False,False,annual,True,64.0,18394.0,6.0,A-a1b80b,4.0,3.0,0.0
A-a1b80b,Company_184,HealthTech,US,27-11-2023,organic,Basic,16,False,0,S-ce932b,A-a1b80b,24-08-2024,31-12-2026,Pro,16,784,9408,False,False,False,False,annual,False,76.0,27595.0,7.0,A-a1b80b,4.0,3.0,0.0
A-a1b80b,Company_184,HealthTech,US,27-11-2023,organic,Basic,16,False,0,S-966ce7,A-a1b80b,01-04-2024,31-12-2026,Enterprise,16,3184,38208,False,False,False,False,annual,True,33.0,11539.0,1.0,A-a1b80b,4.0,3.0,0.0
A-a1b80b,Company_184,HealthTech,US,27-11-2023,organic,Basic,16,False,0,S-4a0cb3,A-a1b80b,16-05-2024,04-08-2024,Enterprise,22,0,0,True,False,False,True,monthly,True,62.0,23133.0,2.0,A-a1b80b,4.0,3.0,0.0
A-139c3b,Company_185,HealthTech,US,21-11-2024,organic,Enterprise,10,True,1,S-a2afb0,A-139c3b,21-12-2024,31-12-2026,Enterprise,18,3582,42984,False,False,False,False,annual,False,67.0,24851.0,2.0,A-139c3b,9.0,2.0,0.0
A-139c3b,Company_185,HealthTech,US,21-11-2024,organic,Enterprise,10,True,1,S-05ad41,A-139c3b,12-12-2024,31-12-2026,Pro,41,2009,24108,False,False,False,False,monthly,False,66.0,14844.0,2.0,A-139c3b,9.0,2.0,0.0
A-139c3b,Company_185,HealthTech,US,21-11-2024,organic,Enterprise,10,True,1,S-80c24c,A-139c3b,26-11-2024,31-12-2024,Pro,17,833,9996,False,True,False,True,monthly,True,44.0,12381.0,0.0,A-139c3b,9.0,2.0,0.0
A-139c3b,Company_185,HealthTech,US,21-11-2024,organic,Enterprise,10,True,1,S-6fa3a3,A-139c3b,30-12-2024,31-12-2026,Pro,10,490,5880,False,False,False,False,annual,True,50.0,11567.0,3.0,A-139c3b,9.0,2.0,0.0
A-139c3b,Company_185,HealthTech,US,21-11-2024,organic,Enterprise,10,True,1,S-46ff9c,A-139c3b,27-11-2024,16-12-2024,Pro,28,1372,16464,False,False,False,True,monthly,True,28.0,4120.0,3.0,A-139c3b,9.0,2.0,0.0
A-139c3b,Company_185,HealthTech,US,21-11-2024,organic,Enterprise,10,True,1,S-dc1c10,A-139c3b,28-11-2024,31-12-2026,Basic,29,551,6612,False,False,False,False,annual,True,77.0,26474.0,3.0,A-139c3b,9.0,2.0,0.0
A-139c3b,Company_185,HealthTech,US,21-11-2024,organic,Enterprise,10,True,1,S-e1444a,A-139c3b,30-12-2024,31-12-2026,Basic,21,0,0,True,False,False,False,annual,True,78.0,31794.0,2.0,A-139c3b,9.0,2.0,0.0
A-139c3b,Company_185,HealthTech,US,21-11-2024,organic,Enterprise,10,True,1,S-99a404,A-139c3b,20-12-2024,31-12-2026,Basic,10,190,2280,False,False,False,False,annual,True,68.0,24570.0,1.0,A-139c3b,9.0,2.0,0.0
A-702032,Company_186,HealthTech,US,03-10-2023,ads,Pro,28,False,0,S-a7d379,A-702032,28-11-2024,31-12-2026,Basic,28,532,6384,False,False,False,False,monthly,True,50.0,12179.0,2.0,A-702032,4.0,1.5,0.0
A-702032,Company_186,HealthTech,US,03-10-2023,ads,Pro,28,False,0,S-9b12da,A-702032,13-12-2024,21-12-2024,Pro,28,1372,16464,False,False,False,True,annual,True,76.0,21217.0,4.0,A-702032,4.0,1.5,0.0
A-702032,Company_186,HealthTech,US,03-10-2023,ads,Pro,28,False,0,S-aa0c6b,A-702032,07-07-2024,23-10-2024,Basic,28,0,0,True,False,False,True,monthly,False,51.0,21684.0,3.0,A-702032,4.0,1.5,0.0
A-702032,Company_186,HealthTech,US,03-10-2023,ads,Pro,28,False,0,S-2de449,A-702032,24-04-2024,31-12-2026,Enterprise,28,5572,66864,False,False,False,False,annual,True,44.0,16195.0,3.0,A-702032,4.0,1.5,0.0
A-702032,Company_186,HealthTech,US,03-10-2023,ads,Pro,28,False,0,S-9c09cb,A-702032,10-12-2024,31-12-2026,Basic,28,532,6384,False,False,False,False,annual,True,35.0,7920.0,1.0,A-702032,4.0,1.5,0.0
A-702032,Company_186,HealthTech,US,03-10-2023,ads,Pro,28,False,0,S-51b3ed,A-702032,28-10-2024,31-12-2026,Basic,28,532,6384,False,True,False,False,annual,True,29.0,12581.0,2.0,A-702032,4.0,1.5,0.0
A-7a0d69,Company_187,DevTools,DE,15-06-2024,ads,Enterprise,4,True,1,S-22f503,A-7a0d69,06-09-2024,31-12-2026,Basic,6,114,1368,False,False,False,False,annual,True,24.0,10008.0,1.0,A-7a0d69,2.0,2.5,0.0
A-7a0d69,Company_187,DevTools,DE,15-06-2024,ads,Enterprise,4,True,1,S-42d724,A-7a0d69,01-08-2024,31-12-2026,Pro,4,0,0,True,False,False,False,annual,True,59.0,13977.0,4.0,A-7a0d69,2.0,2.5,0.0
A-7a0d69,Company_187,DevTools,DE,15-06-2024,ads,Enterprise,4,True,1,S-63606e,A-7a0d69,28-09-2024,31-12-2026,Pro,4,196,2352,False,True,False,False,monthly,True,30.0,13039.0,1.0,A-7a0d69,2.0,2.5,0.0
A-7a0d69,Company_187,DevTools,DE,15-06-2024,ads,Enterprise,4,True,1,S-708924,A-7a0d69,12-09-2024,31-12-2026,Basic,22,0,0,True,False,False,False,annual,True,40.0,13100.0,3.0,A-7a0d69,2.0,2.5,0.0
A-7a0d69,Company_187,DevTools,DE,15-06-2024,ads,Enterprise,4,True,1,S-1acdd2,A-7a0d69,12-10-2024,31-12-2026,Enterprise,26,5174,62088,False,False,False,False,monthly,True,92.0,21159.0,6.0,A-7a0d69,2.0,2.5,0.0
A-7a0d69,Company_187,DevTools,DE,15-06-2024,ads,Enterprise,4,True,1,S-c85167,A-7a0d69,16-09-2024,31-12-2026,Basic,15,285,3420,False,False,False,False,monthly,True,90.0,25193.0,4.0,A-7a0d69,2.0,2.5,0.0
A-7a0d69,Company_187,DevTools,DE,15-06-2024,ads,Enterprise,4,True,1,S-f039f9,A-7a0d69,10-12-2024,31-12-2026,Enterprise,16,3184,38208,False,False,False,False,monthly,True,52.0,14671.0,5.0,A-7a0d69,2.0,2.5,0.0
A-7a0d69,Company_187,DevTools,DE,15-06-2024,ads,Enterprise,4,True,1,S-c59d50,A-7a0d69,21-07-2024,31-12-2026,Basic,40,0,0,True,False,False,False,monthly,False,53.0,18192.0,0.0,A-7a0d69,2.0,2.5,0.0
A-7a0d69,Company_187,DevTools,DE,15-06-2024,ads,Enterprise,4,True,1,S-bf4ec8,A-7a0d69,20-08-2024,31-12-2026,Pro,15,735,8820,False,False,False,False,monthly,True,86.0,28360.0,4.0,A-7a0d69,2.0,2.5,0.0
A-7a0d69,Company_187,DevTools,DE,15-06-2024,ads,Enterprise,4,True,1,S-ff4e21,A-7a0d69,22-11-2024,31-12-2026,Pro,6,294,3528,False,True,False,False,annual,True,59.0,16119.0,3.0,A-7a0d69,2.0,2.5,0.0
A-7a0d69,Company_187,DevTools,DE,15-06-2024,ads,Enterprise,4,True,1,S-b4536d,A-7a0d69,20-11-2024,31-12-2026,Basic,20,380,4560,False,False,False,False,annual,True,21.0,5349.0,0.0,A-7a0d69,2.0,2.5,0.0
A-22d9d2,Company_188,DevTools,FR,22-03-2024,event,Pro,8,False,0,S-7f5d03,A-22d9d2,10-06-2024,31-12-2026,Pro,25,1225,14700,False,False,False,False,monthly,False,19.0,8702.0,0.0,A-22d9d2,6.0,2.6666666666666665,1.0
A-22d9d2,Company_188,DevTools,FR,22-03-2024,event,Pro,8,False,0,S-f9b284,A-22d9d2,02-07-2024,31-12-2026,Pro,8,392,4704,False,False,False,False,annual,True,36.0,7702.0,3.0,A-22d9d2,6.0,2.6666666666666665,1.0
A-22d9d2,Company_188,DevTools,FR,22-03-2024,event,Pro,8,False,0,S-142456,A-22d9d2,30-04-2024,06-09-2024,Basic,10,0,0,True,False,False,True,annual,True,70.0,21626.0,3.0,A-22d9d2,6.0,2.6666666666666665,1.0
A-22d9d2,Company_188,DevTools,FR,22-03-2024,event,Pro,8,False,0,S-cdcf4a,A-22d9d2,08-11-2024,31-12-2026,Enterprise,16,3184,38208,False,False,False,False,annual,False,107.0,32521.0,4.0,A-22d9d2,6.0,2.6666666666666665,1.0
A-22d9d2,Company_188,DevTools,FR,22-03-2024,event,Pro,8,False,0,S-3c853b,A-22d9d2,27-03-2024,31-12-2026,Basic,8,152,1824,False,False,False,False,monthly,True,38.0,7620.0,1.0,A-22d9d2,6.0,2.6666666666666665,1.0
A-22d9d2,Company_188,DevTools,FR,22-03-2024,event,Pro,8,False,0,S-455183,A-22d9d2,05-06-2024,31-12-2026,Pro,8,392,4704,False,False,False,False,monthly,True,88.0,29226.0,2.0,A-22d9d2,6.0,2.6666666666666665,1.0
A-22d9d2,Company_188,DevTools,FR,22-03-2024,event,Pro,8,False,0,S-d9d52b,A-22d9d2,09-08-2024,31-12-2026,Pro,30,1470,17640,False,False,False,False,annual,True,54.0,18844.0,11.0,A-22d9d2,6.0,2.6666666666666665,1.0
A-22d9d2,Company_188,DevTools,FR,22-03-2024,event,Pro,8,False,0,S-2f0815,A-22d9d2,14-10-2024,31-12-2026,Pro,8,392,4704,False,False,False,False,monthly,True,29.0,3776.0,3.0,A-22d9d2,6.0,2.6666666666666665,1.0
A-22d9d2,Company_188,DevTools,FR,22-03-2024,event,Pro,8,False,0,S-ca6962,A-22d9d2,01-04-2024,01-09-2024,Pro,58,2842,34104,False,True,False,True,monthly,True,85.0,29312.0,4.0,A-22d9d2,6.0,2.6666666666666665,1.0
A-22d9d2,Company_188,DevTools,FR,22-03-2024,event,Pro,8,False,0,S-7cf7c6,A-22d9d2,02-06-2024,31-12-2026,Pro,13,637,7644,False,False,False,False,annual,True,47.0,15599.0,0.0,A-22d9d2,6.0,2.6666666666666665,1.0
A-22d9d2,Company_188,DevTools,FR,22-03-2024,event,Pro,8,False,0,S-eed91a,A-22d9d2,17-12-2024,20-12-2024,Pro,32,1568,18816,False,False,True,True,monthly,True,46.0,17573.0,0.0,A-22d9d2,6.0,2.6666666666666665,1.0
A-22d9d2,Company_188,DevTools,FR,22-03-2024,event,Pro,8,False,0,S-5d6528,A-22d9d2,23-07-2024,31-12-2026,Enterprise,8,1592,19104,False,False,False,False,monthly,True,52.0,8645.0,6.0,A-22d9d2,6.0,2.6666666666666665,1.0
A-22d9d2,Company_188,DevTools,FR,22-03-2024,event,Pro,8,False,0,S-1ade0b,A-22d9d2,24-10-2024,31-12-2026,Pro,92,4508,54096,False,True,False,False,monthly,False,63.0,16288.0,4.0,A-22d9d2,6.0,2.6666666666666665,1.0
A-22d9d2,Company_188,DevTools,FR,22-03-2024,event,Pro,8,False,0,S-0aed9e,A-22d9d2,29-06-2024,31-12-2026,Pro,8,392,4704,False,False,False,False,annual,True,48.0,22245.0,2.0,A-22d9d2,6.0,2.6666666666666665,1.0
A-b9eed8,Company_189,Cybersecurity,US,23-02-2024,organic,Basic,11,False,0,S-4c82da,A-b9eed8,01-08-2024,31-12-2026,Pro,11,539,6468,False,False,False,False,monthly,False,59.0,14403.0,6.0,A-b9eed8,5.0,3.0,1.0
A-b9eed8,Company_189,Cybersecurity,US,23-02-2024,organic,Basic,11,False,0,S-05b080,A-b9eed8,21-06-2024,31-12-2026,Basic,11,209,2508,False,False,False,False,monthly,True,44.0,19545.0,4.0,A-b9eed8,5.0,3.0,1.0
A-b9eed8,Company_189,Cybersecurity,US,23-02-2024,organic,Basic,11,False,0,S-023f3c,A-b9eed8,16-03-2024,31-12-2026,Enterprise,15,2985,35820,False,False,False,False,annual,False,60.0,9342.0,6.0,A-b9eed8,5.0,3.0,1.0
A-b9eed8,Company_189,Cybersecurity,US,23-02-2024,organic,Basic,11,False,0,S-6c9ec4,A-b9eed8,30-11-2024,31-12-2026,Basic,18,342,4104,False,False,False,False,monthly,True,59.0,22447.0,2.0,A-b9eed8,5.0,3.0,1.0
A-b9eed8,Company_189,Cybersecurity,US,23-02-2024,organic,Basic,11,False,0,S-3037ab,A-b9eed8,27-08-2024,31-12-2026,Basic,17,323,3876,False,False,True,False,annual,True,47.0,18215.0,7.0,A-b9eed8,5.0,3.0,1.0
A-b9eed8,Company_189,Cybersecurity,US,23-02-2024,organic,Basic,11,False,0,S-08a5fd,A-b9eed8,24-10-2024,31-12-2026,Enterprise,34,6766,81192,False,False,False,False,monthly,True,45.0,7730.0,5.0,A-b9eed8,5.0,3.0,1.0
A-b9eed8,Company_189,Cybersecurity,US,23-02-2024,organic,Basic,11,False,0,S-7a6697,A-b9eed8,07-05-2024,31-12-2026,Pro,12,588,7056,False,False,True,False,annual,True,42.0,12260.0,4.0,A-b9eed8,5.0,3.0,1.0
A-b9eed8,Company_189,Cybersecurity,US,23-02-2024,organic,Basic,11,False,0,S-0c47cb,A-b9eed8,27-08-2024,31-12-2026,Basic,14,266,3192,False,False,False,False,annual,True,116.0,22869.0,4.0,A-b9eed8,5.0,3.0,1.0
A-b9eed8,Company_189,Cybersecurity,US,23-02-2024,organic,Basic,11,False,0,S-d407d0,A-b9eed8,04-11-2024,31-12-2026,Pro,11,539,6468,False,False,False,False,annual,True,56.0,20244.0,5.0,A-b9eed8,5.0,3.0,1.0
A-b9eed8,Company_189,Cybersecurity,US,23-02-2024,organic,Basic,11,False,0,S-ea9f08,A-b9eed8,14-07-2024,31-12-2026,Pro,13,637,7644,False,False,True,False,annual,True,60.0,13476.0,7.0,A-b9eed8,5.0,3.0,1.0
A-b9eed8,Company_189,Cybersecurity,US,23-02-2024,organic,Basic,11,False,0,S-a9ca9b,A-b9eed8,06-10-2024,31-12-2026,Enterprise,17,3383,40596,False,False,False,False,annual,True,35.0,7943.0,5.0,A-b9eed8,5.0,3.0,1.0
A-dfbd31,Company_190,DevTools,UK,04-12-2023,partner,Enterprise,14,False,0,S-163e64,A-dfbd31,08-11-2024,31-12-2026,Enterprise,62,12338,148056,False,False,False,False,monthly,True,42.0,17831.0,0.0,A-dfbd31,6.0,2.8333333333333335,0.0
A-dfbd31,Company_190,DevTools,UK,04-12-2023,partner,Enterprise,14,False,0,S-1cebf9,A-dfbd31,16-10-2024,31-12-2026,Pro,60,2940,35280,False,False,False,False,annual,True,16.0,3614.0,3.0,A-dfbd31,6.0,2.8333333333333335,0.0
A-dfbd31,Company_190,DevTools,UK,04-12-2023,partner,Enterprise,14,False,0,S-704195,A-dfbd31,29-04-2024,31-12-2026,Basic,14,266,3192,False,False,False,False,monthly,True,31.0,9144.0,0.0,A-dfbd31,6.0,2.8333333333333335,0.0
A-dfbd31,Company_190,DevTools,UK,04-12-2023,partner,Enterprise,14,False,0,S-2dbf26,A-dfbd31,10-12-2023,31-12-2026,Pro,14,0,0,True,False,False,False,annual,True,90.0,26914.0,2.0,A-dfbd31,6.0,2.8333333333333335,0.0
A-dfbd31,Company_190,DevTools,UK,04-12-2023,partner,Enterprise,14,False,0,S-f690b4,A-dfbd31,04-12-2024,31-12-2026,Pro,35,1715,20580,False,False,True,False,annual,True,53.0,19267.0,3.0,A-dfbd31,6.0,2.8333333333333335,0.0
A-dfbd31,Company_190,DevTools,UK,04-12-2023,partner,Enterprise,14,False,0,S-23a6c5,A-dfbd31,31-12-2023,31-12-2026,Enterprise,24,0,0,True,False,False,False,monthly,True,36.0,6964.0,0.0,A-dfbd31,6.0,2.8333333333333335,0.0
A-dfbd31,Company_190,DevTools,UK,04-12-2023,partner,Enterprise,14,False,0,S-91c435,A-dfbd31,09-12-2024,31-12-2026,Basic,14,266,3192,False,False,False,False,monthly,True,58.0,7323.0,2.0,A-dfbd31,6.0,2.8333333333333335,0.0
A-dfbd31,Company_190,DevTools,UK,04-12-2023,partner,Enterprise,14,False,0,S-e8eb5c,A-dfbd31,17-09-2024,31-12-2026,Pro,43,2107,25284,False,True,False,False,monthly,True,28.0,11047.0,2.0,A-dfbd31,6.0,2.8333333333333335,0.0
A-dfbd31,Company_190,DevTools,UK,04-12-2023,partner,Enterprise,14,False,0,S-373c6e,A-dfbd31,15-10-2024,31-12-2026,Pro,14,686,8232,False,False,False,False,monthly,True,44.0,14948.0,2.0,A-dfbd31,6.0,2.8333333333333335,0.0
A-dfbd31,Company_190,DevTools,UK,04-12-2023,partner,Enterprise,14,False,0,S-ca74fe,A-dfbd31,30-07-2024,31-12-2026,Pro,14,686,8232,False,False,False,False,annual,False,40.0,15028.0,0.0,A-dfbd31,6.0,2.8333333333333335,0.0
A-dfbd31,Company_190,DevTools,UK,04-12-2023,partner,Enterprise,14,False,0,S-8b0950,A-dfbd31,15-02-2024,31-12-2026,Enterprise,14,2786,33432,False,False,False,False,monthly,False,37.0,11973.0,0.0,A-dfbd31,6.0,2.8333333333333335,0.0
A-dfbd31,Company_190,DevTools,UK,04-12-2023,partner,Enterprise,14,False,0,S-efe3f6,A-dfbd31,27-04-2024,31-12-2026,Pro,17,833,9996,False,False,False,False,monthly,True,23.0,6591.0,0.0,A-dfbd31,6.0,2.8333333333333335,0.0
A-dfbd31,Company_190,DevTools,UK,04-12-2023,partner,Enterprise,14,False,0,S-74bda1,A-dfbd31,17-06-2024,31-12-2026,Basic,14,0,0,True,False,False,False,annual,False,39.0,11174.0,3.0,A-dfbd31,6.0,2.8333333333333335,0.0
A-dfbd31,Company_190,DevTools,UK,04-12-2023,partner,Enterprise,14,False,0,S-5f8ad0,A-dfbd31,08-08-2024,31-12-2026,Basic,24,456,5472,False,False,False,False,annual,True,62.0,20455.0,2.0,A-dfbd31,6.0,2.8333333333333335,0.0
A-8e47ca,Company_191,HealthTech,US,15-02-2024,organic,Pro,19,False,0,S-9871f4,A-8e47ca,05-03-2024,31-12-2026,Basic,19,361,4332,False,False,False,False,monthly,True,33.0,14565.0,3.0,A-8e47ca,5.0,1.6,1.0
A-8e47ca,Company_191,HealthTech,US,15-02-2024,organic,Pro,19,False,0,S-93dc0e,A-8e47ca,03-11-2024,09-12-2024,Enterprise,25,4975,59700,False,False,False,True,monthly,True,52.0,20234.0,3.0,A-8e47ca,5.0,1.6,1.0
A-8e47ca,Company_191,HealthTech,US,15-02-2024,organic,Pro,19,False,0,S-ec242e,A-8e47ca,26-04-2024,31-12-2026,Enterprise,31,6169,74028,False,False,False,False,monthly,True,26.0,7828.0,2.0,A-8e47ca,5.0,1.6,1.0
A-8e47ca,Company_191,HealthTech,US,15-02-2024,organic,Pro,19,False,0,S-8fb49f,A-8e47ca,20-05-2024,31-12-2026,Enterprise,20,3980,47760,False,False,False,False,monthly,True,33.0,3873.0,4.0,A-8e47ca,5.0,1.6,1.0
A-8e47ca,Company_191,HealthTech,US,15-02-2024,organic,Pro,19,False,0,S-d53c0a,A-8e47ca,28-03-2024,31-12-2026,Enterprise,19,3781,45372,False,True,False,False,annual,False,52.0,19493.0,1.0,A-8e47ca,5.0,1.6,1.0
A-8e47ca,Company_191,HealthTech,US,15-02-2024,organic,Pro,19,False,0,S-0459a1,A-8e47ca,29-04-2024,31-12-2026,Enterprise,19,3781,45372,False,False,False,False,monthly,False,86.0,24248.0,12.0,A-8e47ca,5.0,1.6,1.0
A-8e47ca,Company_191,HealthTech,US,15-02-2024,organic,Pro,19,False,0,S-440dde,A-8e47ca,21-07-2024,31-12-2026,Basic,19,361,4332,False,False,False,False,annual,True,49.0,7927.0,5.0,A-8e47ca,5.0,1.6,1.0
A-8e47ca,Company_191,HealthTech,US,15-02-2024,organic,Pro,19,False,0,S-af5ec3,A-8e47ca,23-08-2024,31-12-2026,Enterprise,19,3781,45372,False,False,False,False,monthly,True,68.0,22985.0,2.0,A-8e47ca,5.0,1.6,1.0
A-8e47ca,Company_191,HealthTech,US,15-02-2024,organic,Pro,19,False,0,S-16dfaf,A-8e47ca,27-02-2024,31-12-2026,Pro,19,931,11172,False,False,False,False,annual,True,42.0,12344.0,3.0,A-8e47ca,5.0,1.6,1.0
A-4437e4,Company_192,Cybersecurity,US,16-09-2023,event,Enterprise,3,False,0,S-72b4f2,A-4437e4,06-02-2024,31-12-2026,Pro,49,2401,28812,False,False,False,False,annual,True,33.0,10434.0,7.0,A-4437e4,6.0,1.0,2.0
A-4437e4,Company_192,Cybersecurity,US,16-09-2023,event,Enterprise,3,False,0,S-80a6a6,A-4437e4,07-12-2024,31-12-2026,Enterprise,3,597,7164,False,False,False,False,annual,True,60.0,21958.0,1.0,A-4437e4,6.0,1.0,2.0
A-4437e4,Company_192,Cybersecurity,US,16-09-2023,event,Enterprise,3,False,0,S-e9dc6e,A-4437e4,15-08-2024,31-12-2026,Pro,38,1862,22344,False,False,False,False,annual,True,54.0,14065.0,1.0,A-4437e4,6.0,1.0,2.0
A-4437e4,Company_192,Cybersecurity,US,16-09-2023,event,Enterprise,3,False,0,S-88a47f,A-4437e4,23-12-2024,31-12-2026,Basic,9,171,2052,False,False,False,False,annual,True,45.0,14841.0,1.0,A-4437e4,6.0,1.0,2.0
A-4437e4,Company_192,Cybersecurity,US,16-09-2023,event,Enterprise,3,False,0,S-8e719f,A-4437e4,16-08-2024,31-12-2026,Basic,11,209,2508,False,False,False,False,annual,True,71.0,20830.0,4.0,A-4437e4,6.0,1.0,2.0
A-4437e4,Company_192,Cybersecurity,US,16-09-2023,event,Enterprise,3,False,0,S-193d88,A-4437e4,12-10-2024,31-12-2026,Enterprise,6,1194,14328,False,True,True,False,annual,True,83.0,25676.0,6.0,A-4437e4,6.0,1.0,2.0
A-4437e4,Company_192,Cybersecurity,US,16-09-2023,event,Enterprise,3,False,0,S-9acc7f,A-4437e4,10-07-2024,31-12-2026,Enterprise,16,3184,38208,False,False,False,False,monthly,True,58.0,22564.0,2.0,A-4437e4,6.0,1.0,2.0
A-4437e4,Company_192,Cybersecurity,US,16-09-2023,event,Enterprise,3,False,0,S-150c71,A-4437e4,17-08-2024,31-12-2026,Enterprise,11,2189,26268,False,True,False,False,monthly,True,81.0,29587.0,3.0,A-4437e4,6.0,1.0,2.0
A-4437e4,Company_192,Cybersecurity,US,16-09-2023,event,Enterprise,3,False,0,S-05555d,A-4437e4,20-07-2024,31-12-2026,Enterprise,16,3184,38208,False,True,False,False,annual,True,57.0,24928.0,6.0,A-4437e4,6.0,1.0,2.0
A-4437e4,Company_192,Cybersecurity,US,16-09-2023,event,Enterprise,3,False,0,S-8e701b,A-4437e4,21-04-2024,31-12-2026,Enterprise,3,597,7164,False,False,False,False,monthly,False,27.0,13968.0,1.0,A-4437e4,6.0,1.0,2.0
A-4437e4,Company_192,Cybersecurity,US,16-09-2023,event,Enterprise,3,False,0,S-f09511,A-4437e4,14-05-2024,31-12-2026,Enterprise,3,597,7164,False,True,False,False,monthly,True,20.0,5940.0,0.0,A-4437e4,6.0,1.0,2.0
A-4437e4,Company_192,Cybersecurity,US,16-09-2023,event,Enterprise,3,False,0,S-8cc2e2,A-4437e4,12-02-2024,31-12-2026,Pro,27,1323,15876,False,False,False,False,monthly,True,61.0,14000.0,0.0,A-4437e4,6.0,1.0,2.0
A-4437e4,Company_192,Cybersecurity,US,16-09-2023,event,Enterprise,3,False,0,S-26836c,A-4437e4,20-11-2023,31-12-2026,Basic,9,0,0,True,False,False,False,monthly,True,54.0,18614.0,0.0,A-4437e4,6.0,1.0,2.0
A-4437e4,Company_192,Cybersecurity,US,16-09-2023,event,Enterprise,3,False,0,S-4236fa,A-4437e4,17-11-2023,31-12-2026,Basic,17,323,3876,False,False,False,False,monthly,True,22.0,2316.0,0.0,A-4437e4,6.0,1.0,2.0
A-4437e4,Company_192,Cybersecurity,US,16-09-2023,event,Enterprise,3,False,0,S-17bedf,A-4437e4,20-11-2023,17-09-2024,Basic,3,0,0,True,False,False,True,monthly,True,38.0,4970.0,5.0,A-4437e4,6.0,1.0,2.0
A-4437e4,Company_192,Cybersecurity,US,16-09-2023,event,Enterprise,3,False,0,S-55834e,A-4437e4,30-08-2024,31-12-2026,Pro,4,0,0,True,False,False,False,annual,True,42.0,15580.0,6.0,A-4437e4,6.0,1.0,2.0
A-779e4e,Company_193,HealthTech,US,02-01-2023,organic,Basic,5,False,0,S-d01053,A-779e4e,12-11-2023,29-10-2024,Enterprise,36,7164,85968,False,False,False,True,annual,True,46.0,7771.0,1.0,A-779e4e,5.0,3.2,0.0
A-779e4e,Company_193,HealthTech,US,02-01-2023,organic,Basic,5,False,0,S-11066a,A-779e4e,12-02-2023,24-11-2023,Pro,19,931,11172,False,False,False,True,annual,True,69.0,23211.0,2.0,A-779e4e,5.0,3.2,0.0
A-779e4e,Company_193,HealthTech,US,02-01-2023,organic,Basic,5,False,0,S-c3660c,A-779e4e,18-07-2024,31-12-2026,Pro,5,245,2940,False,False,False,False,monthly,True,12.0,6456.0,0.0,A-779e4e,5.0,3.2,0.0
A-779e4e,Company_193,HealthTech,US,02-01-2023,organic,Basic,5,False,0,S-694aa7,A-779e4e,18-09-2024,31-12-2026,Basic,98,1862,22344,False,False,False,False,annual,True,80.0,16780.0,5.0,A-779e4e,5.0,3.2,0.0
A-779e4e,Company_193,HealthTech,US,02-01-2023,organic,Basic,5,False,0,S-18356d,A-779e4e,28-01-2023,31-12-2026,Enterprise,18,3582,42984,False,True,False,False,annual,True,23.0,8686.0,3.0,A-779e4e,5.0,3.2,0.0
A-779e4e,Company_193,HealthTech,US,02-01-2023,organic,Basic,5,False,0,S-92a38d,A-779e4e,14-09-2024,31-12-2026,Basic,19,361,4332,False,False,False,False,monthly,True,32.0,10518.0,3.0,A-779e4e,5.0,3.2,0.0
A-779e4e,Company_193,HealthTech,US,02-01-2023,organic,Basic,5,False,0,S-9ae8de,A-779e4e,27-03-2023,31-12-2026,Pro,21,1029,12348,False,True,True,False,monthly,True,24.0,7800.0,2.0,A-779e4e,5.0,3.2,0.0
A-779e4e,Company_193,HealthTech,US,02-01-2023,organic,Basic,5,False,0,S-92f228,A-779e4e,09-01-2023,31-12-2026,Basic,9,171,2052,False,False,False,False,annual,True,49.0,19436.0,2.0,A-779e4e,5.0,3.2,0.0
A-779e4e,Company_193,HealthTech,US,02-01-2023,organic,Basic,5,False,0,S-295bac,A-779e4e,13-07-2023,31-12-2026,Enterprise,58,11542,138504,False,False,False,False,monthly,True,30.0,3865.0,2.0,A-779e4e,5.0,3.2,0.0
A-779e4e,Company_193,HealthTech,US,02-01-2023,organic,Basic,5,False,0,S-fee9c9,A-779e4e,02-07-2024,31-12-2026,Enterprise,6,1194,14328,False,False,False,False,annual,False,28.0,6515.0,0.0,A-779e4e,5.0,3.2,0.0
A-53f4e3,Company_194,Cybersecurity,UK,14-06-2024,event,Enterprise,13,False,0,S-7f8cd8,A-53f4e3,18-09-2024,17-11-2024,Enterprise,20,3980,47760,False,False,False,True,monthly,True,75.0,24874.0,7.0,A-53f4e3,5.0,2.4,0.0
A-53f4e3,Company_194,Cybersecurity,UK,14-06-2024,event,Enterprise,13,False,0,S-7f15a3,A-53f4e3,05-12-2024,31-12-2026,Enterprise,13,2587,31044,False,False,False,False,annual,True,20.0,6480.0,0.0,A-53f4e3,5.0,2.4,0.0
A-53f4e3,Company_194,Cybersecurity,UK,14-06-2024,event,Enterprise,13,False,0,S-8b3331,A-53f4e3,28-11-2024,31-12-2026,Basic,18,342,4104,False,False,False,False,annual,True,38.0,8320.0,5.0,A-53f4e3,5.0,2.4,0.0
A-53f4e3,Company_194,Cybersecurity,UK,14-06-2024,event,Enterprise,13,False,0,S-3a897f,A-53f4e3,10-10-2024,31-12-2026,Pro,93,4557,54684,False,False,False,False,annual,True,58.0,18062.0,14.0,A-53f4e3,5.0,2.4,0.0
A-53f4e3,Company_194,Cybersecurity,UK,14-06-2024,event,Enterprise,13,False,0,S-2db458,A-53f4e3,21-09-2024,31-12-2026,Basic,22,418,5016,False,False,False,False,annual,True,37.0,6431.0,6.0,A-53f4e3,5.0,2.4,0.0
A-53f4e3,Company_194,Cybersecurity,UK,14-06-2024,event,Enterprise,13,False,0,S-559e85,A-53f4e3,22-12-2024,31-12-2026,Pro,29,1421,17052,False,False,False,False,monthly,True,57.0,20440.0,5.0,A-53f4e3,5.0,2.4,0.0
A-53f4e3,Company_194,Cybersecurity,UK,14-06-2024,event,Enterprise,13,False,0,S-7ab956,A-53f4e3,03-12-2024,31-12-2026,Basic,13,247,2964,False,False,False,False,annual,True,17.0,8285.0,1.0,A-53f4e3,5.0,2.4,0.0
A-53f4e3,Company_194,Cybersecurity,UK,14-06-2024,event,Enterprise,13,False,0,S-1c06f3,A-53f4e3,05-11-2024,31-12-2026,Basic,13,247,2964,False,False,False,False,annual,True,41.0,13391.0,6.0,A-53f4e3,5.0,2.4,0.0
A-53f4e3,Company_194,Cybersecurity,UK,14-06-2024,event,Enterprise,13,False,0,S-317bed,A-53f4e3,16-10-2024,31-12-2026,Basic,18,342,4104,False,False,False,False,monthly,False,32.0,10440.0,0.0,A-53f4e3,5.0,2.4,0.0
A-53f4e3,Company_194,Cybersecurity,UK,14-06-2024,event,Enterprise,13,False,0,S-e781ba,A-53f4e3,17-06-2024,31-12-2026,Pro,19,931,11172,False,False,False,False,monthly,False,35.0,10806.0,1.0,A-53f4e3,5.0,2.4,0.0
A-692f18,Company_195,EdTech,US,28-03-2024,other,Basic,5,True,1,S-e1d553,A-692f18,27-09-2024,31-12-2026,Pro,9,0,0,True,False,False,False,annual,True,46.0,10441.0,1.0,A-692f18,2.0,2.5,0.0
A-692f18,Company_195,EdTech,US,28-03-2024,other,Basic,5,True,1,S-bf9b37,A-692f18,25-05-2024,31-12-2026,Pro,6,294,3528,False,False,False,False,annual,True,47.0,9947.0,10.0,A-692f18,2.0,2.5,0.0
A-692f18,Company_195,EdTech,US,28-03-2024,other,Basic,5,True,1,S-41ca59,A-692f18,18-07-2024,31-12-2026,Enterprise,37,7363,88356,False,False,False,False,monthly,True,38.0,8384.0,1.0,A-692f18,2.0,2.5,0.0
A-692f18,Company_195,EdTech,US,28-03-2024,other,Basic,5,True,1,S-fbbd54,A-692f18,02-06-2024,31-12-2026,Pro,5,0,0,True,False,False,False,monthly,True,68.0,15731.0,4.0,A-692f18,2.0,2.5,0.0
A-692f18,Company_195,EdTech,US,28-03-2024,other,Basic,5,True,1,S-650c13,A-692f18,06-08-2024,31-12-2026,Basic,6,114,1368,False,False,False,False,monthly,True,91.0,20283.0,4.0,A-692f18,2.0,2.5,0.0
A-692f18,Company_195,EdTech,US,28-03-2024,other,Basic,5,True,1,S-14f672,A-692f18,10-07-2024,31-12-2026,Pro,12,588,7056,False,False,False,False,monthly,True,23.0,5933.0,3.0,A-692f18,2.0,2.5,0.0
A-692f18,Company_195,EdTech,US,28-03-2024,other,Basic,5,True,1,S-62b93c,A-692f18,19-09-2024,31-12-2026,Enterprise,6,0,0,True,False,False,False,annual,True,39.0,18400.0,0.0,A-692f18,2.0,2.5,0.0
A-692f18,Company_195,EdTech,US,28-03-2024,other,Basic,5,True,1,S-2557d9,A-692f18,14-12-2024,31-12-2026,Enterprise,10,1990,23880,False,True,False,False,monthly,True,40.0,16926.0,1.0,A-692f18,2.0,2.5,0.0
A-692f18,Company_195,EdTech,US,28-03-2024,other,Basic,5,True,1,S-5818be,A-692f18,19-06-2024,31-12-2026,Pro,5,245,2940,False,False,False,False,annual,True,101.0,32399.0,3.0,A-692f18,2.0,2.5,0.0
A-692f18,Company_195,EdTech,US,28-03-2024,other,Basic,5,True,1,S-3110d9,A-692f18,20-08-2024,31-12-2026,Enterprise,17,3383,40596,False,False,True,False,annual,False,55.0,14205.0,2.0,A-692f18,2.0,2.5,0.0
A-692f18,Company_195,EdTech,US,28-03-2024,other,Basic,5,True,1,S-9c06f8,A-692f18,05-04-2024,31-12-2026,Pro,19,931,11172,False,False,False,False,annual,True,53.0,19663.0,6.0,A-692f18,2.0,2.5,0.0
A-692f18,Company_195,EdTech,US,28-03-2024,other,Basic,5,True,1,S-70addb,A-692f18,05-10-2024,31-12-2026,Basic,10,190,2280,False,False,False,False,monthly,False,24.0,7192.0,2.0,A-692f18,2.0,2.5,0.0
A-692f18,Company_195,EdTech,US,28-03-2024,other,Basic,5,True,1,S-c22c29,A-692f18,15-12-2024,17-12-2024,Enterprise,28,5572,66864,False,False,False,True,annual,True,44.0,13942.0,1.0,A-692f18,2.0,2.5,0.0
A-692f18,Company_195,EdTech,US,28-03-2024,other,Basic,5,True,1,S-7ba2ad,A-692f18,05-08-2024,31-12-2026,Basic,14,266,3192,False,False,False,False,annual,False,72.0,22769.0,6.0,A-692f18,2.0,2.5,0.0
A-692f18,Company_195,EdTech,US,28-03-2024,other,Basic,5,True,1,S-fe0bc0,A-692f18,29-03-2024,31-12-2026,Enterprise,29,5771,69252,False,False,False,False,monthly,True,30.0,12172.0,3.0,A-692f18,2.0,2.5,0.0
A-692f18,Company_195,EdTech,US,28-03-2024,other,Basic,5,True,1,S-2ee2e1,A-692f18,12-06-2024,31-12-2026,Pro,50,2450,29400,False,True,False,False,annual,False,56.0,19032.0,7.0,A-692f18,2.0,2.5,0.0
A-692f18,Company_195,EdTech,US,28-03-2024,other,Basic,5,True,1,S-14a685,A-692f18,29-07-2024,31-12-2026,Enterprise,7,1393,16716,False,False,False,False,monthly,False,44.0,14492.0,1.0,A-692f18,2.0,2.5,0.0
A-13466a,Company_196,DevTools,AU,22-10-2023,event,Basic,2,False,1,S-2f8dbb,A-13466a,18-11-2023,23-06-2024,Basic,2,38,456,False,False,False,True,annual,False,52.0,16902.0,0.0,A-13466a,3.0,4.333333333333333,1.0
A-13466a,Company_196,DevTools,AU,22-10-2023,event,Basic,2,False,1,S-1c45b4,A-13466a,20-04-2024,31-12-2026,Basic,65,0,0,True,False,False,False,monthly,True,15.0,795.0,0.0,A-13466a,3.0,4.333333333333333,1.0
A-13466a,Company_196,DevTools,AU,22-10-2023,event,Basic,2,False,1,S-063586,A-13466a,23-05-2024,27-09-2024,Enterprise,22,4378,52536,False,False,False,True,annual,True,39.0,3343.0,0.0,A-13466a,3.0,4.333333333333333,1.0
A-13466a,Company_196,DevTools,AU,22-10-2023,event,Basic,2,False,1,S-3223a2,A-13466a,20-09-2024,31-12-2026,Basic,9,171,2052,False,False,False,False,annual,True,38.0,14906.0,5.0,A-13466a,3.0,4.333333333333333,1.0
A-13466a,Company_196,DevTools,AU,22-10-2023,event,Basic,2,False,1,S-af6536,A-13466a,11-02-2024,28-10-2024,Enterprise,40,7960,95520,False,False,False,True,monthly,True,16.0,1776.0,1.0,A-13466a,3.0,4.333333333333333,1.0
A-13466a,Company_196,DevTools,AU,22-10-2023,event,Basic,2,False,1,S-b89456,A-13466a,01-09-2024,31-12-2024,Enterprise,4,796,9552,False,False,False,True,monthly,True,45.0,19817.0,8.0,A-13466a,3.0,4.333333333333333,1.0
A-1986ca,Company_197,HealthTech,IN,30-01-2023,ads,Pro,20,False,0,S-dc1cf4,A-1986ca,05-01-2024,31-12-2026,Enterprise,20,3980,47760,False,False,False,False,monthly,False,89.0,16197.0,9.0,A-1986ca,7.0,2.4285714285714284,0.0
A-1986ca,Company_197,HealthTech,IN,30-01-2023,ads,Pro,20,False,0,S-6f0aa3,A-1986ca,16-11-2023,31-12-2026,Enterprise,20,0,0,True,False,False,False,monthly,True,41.0,13537.0,0.0,A-1986ca,7.0,2.4285714285714284,0.0
A-1986ca,Company_197,HealthTech,IN,30-01-2023,ads,Pro,20,False,0,S-fee7b2,A-1986ca,07-05-2024,31-12-2026,Enterprise,31,6169,74028,False,True,False,False,monthly,True,73.0,21537.0,7.0,A-1986ca,7.0,2.4285714285714284,0.0
A-1986ca,Company_197,HealthTech,IN,30-01-2023,ads,Pro,20,False,0,S-846d41,A-1986ca,02-09-2024,31-12-2026,Enterprise,28,5572,66864,False,False,False,False,monthly,True,82.0,22664.0,0.0,A-1986ca,7.0,2.4285714285714284,0.0
A-1986ca,Company_197,HealthTech,IN,30-01-2023,ads,Pro,20,False,0,S-e95f57,A-1986ca,24-09-2024,31-12-2026,Enterprise,20,3980,47760,False,False,False,False,monthly,False,8.0,3224.0,1.0,A-1986ca,7.0,2.4285714285714284,0.0
A-1986ca,Company_197,HealthTech,IN,30-01-2023,ads,Pro,20,False,0,S-c9d475,A-1986ca,06-07-2023,31-12-2026,Enterprise,20,3980,47760,False,False,False,False,annual,False,26.0,11812.0,2.0,A-1986ca,7.0,2.4285714285714284,0.0
A-1986ca,Company_197,HealthTech,IN,30-01-2023,ads,Pro,20,False,0,S-c5bec0,A-1986ca,21-09-2024,31-12-2026,Enterprise,20,3980,47760,False,False,False,False,annual,True,43.0,13411.0,4.0,A-1986ca,7.0,2.4285714285714284,0.0
A-0cc442,Company_198,EdTech,US,18-07-2024,organic,Basic,45,False,0,S-486088,A-0cc442,18-09-2024,31-12-2026,Pro,45,2205,26460,False,False,False,False,monthly,True,75.0,26351.0,2.0,A-0cc442,3.0,1.0,0.0
A-0cc442,Company_198,EdTech,US,18-07-2024,organic,Basic,45,False,0,S-ff2761,A-0cc442,25-09-2024,31-12-2026,Basic,45,855,10260,False,True,False,False,monthly,True,34.0,11051.0,5.0,A-0cc442,3.0,1.0,0.0
A-0cc442,Company_198,EdTech,US,18-07-2024,organic,Basic,45,False,0,S-1351ac,A-0cc442,27-07-2024,31-12-2026,Enterprise,45,0,0,True,False,False,False,monthly,True,64.0,25586.0,8.0,A-0cc442,3.0,1.0,0.0
A-0cc442,Company_198,EdTech,US,18-07-2024,organic,Basic,45,False,0,S-add03a,A-0cc442,18-12-2024,31-12-2026,Enterprise,45,8955,107460,False,False,False,False,annual,True,57.0,12004.0,1.0,A-0cc442,3.0,1.0,0.0
A-0cc442,Company_198,EdTech,US,18-07-2024,organic,Basic,45,False,0,S-d36b9f,A-0cc442,01-11-2024,31-12-2026,Enterprise,45,8955,107460,False,False,False,False,annual,False,92.0,25165.0,2.0,A-0cc442,3.0,1.0,0.0
A-0cc442,Company_198,EdTech,US,18-07-2024,organic,Basic,45,False,0,S-bf3403,A-0cc442,10-11-2024,31-12-2026,Enterprise,45,8955,107460,False,False,False,False,annual,False,50.0,16944.0,4.0,A-0cc442,3.0,1.0,0.0
A-0cc442,Company_198,EdTech,US,18-07-2024,organic,Basic,45,False,0,S-6ca46a,A-0cc442,25-09-2024,31-12-2026,Enterprise,53,10547,126564,False,True,False,False,annual,True,93.0,24242.0,7.0,A-0cc442,3.0,1.0,0.0
A-0cc442,Company_198,EdTech,US,18-07-2024,organic,Basic,45,False,0,S-e0cd01,A-0cc442,21-10-2024,31-12-2026,Basic,45,855,10260,False,False,False,False,annual,False,42.0,16011.0,3.0,A-0cc442,3.0,1.0,0.0
A-0cc442,Company_198,EdTech,US,18-07-2024,organic,Basic,45,False,0,S-149409,A-0cc442,15-09-2024,28-10-2024,Pro,45,0,0,True,True,True,True,monthly,True,58.0,14444.0,1.0,A-0cc442,3.0,1.0,0.0
A-0cc442,Company_198,EdTech,US,18-07-2024,organic,Basic,45,False,0,S-d29575,A-0cc442,01-09-2024,31-12-2026,Enterprise,45,8955,107460,False,False,False,False,monthly,True,41.0,13548.0,4.0,A-0cc442,3.0,1.0,0.0
A-0cc442,Company_198,EdTech,US,18-07-2024,organic,Basic,45,False,0,S-658bcb,A-0cc442,14-08-2024,31-12-2026,Enterprise,45,8955,107460,False,False,False,False,monthly,True,45.0,14241.0,1.0,A-0cc442,3.0,1.0,0.0
A-0cc442,Company_198,EdTech,US,18-07-2024,organic,Basic,45,False,0,S-bd1912,A-0cc442,06-10-2024,23-10-2024,Basic,97,1843,22116,False,False,False,True,monthly,True,63.0,14595.0,1.0,A-0cc442,3.0,1.0,0.0
A-0cc442,Company_198,EdTech,US,18-07-2024,organic,Basic,45,False,0,S-3f48a5,A-0cc442,04-10-2024,31-12-2026,Basic,45,855,10260,False,False,False,False,monthly,False,51.0,16577.0,2.0,A-0cc442,3.0,1.0,0.0
A-c608c8,Company_199,DevTools,DE,27-04-2023,ads,Pro,3,False,1,S-07ff57,A-c608c8,11-03-2024,31-12-2026,Pro,58,2842,34104,False,False,False,False,monthly,False,68.0,18632.0,2.0,A-c608c8,2.0,1.5,0.0
A-c608c8,Company_199,DevTools,DE,27-04-2023,ads,Pro,3,False,1,S-cfb108,A-c608c8,30-06-2023,31-12-2026,Enterprise,3,597,7164,False,False,True,False,annual,True,18.0,5832.0,1.0,A-c608c8,2.0,1.5,0.0
A-c608c8,Company_199,DevTools,DE,27-04-2023,ads,Pro,3,False,1,S-a24aa1,A-c608c8,07-03-2024,31-12-2026,Pro,21,1029,12348,False,True,False,False,monthly,True,88.0,29606.0,3.0,A-c608c8,2.0,1.5,0.0
A-c608c8,Company_199,DevTools,DE,27-04-2023,ads,Pro,3,False,1,S-4473ec,A-c608c8,12-10-2024,31-12-2026,Pro,21,1029,12348,False,False,False,False,annual,True,63.0,17761.0,5.0,A-c608c8,2.0,1.5,0.0
A-c608c8,Company_199,DevTools,DE,27-04-2023,ads,Pro,3,False,1,S-041553,A-c608c8,16-12-2023,31-12-2026,Pro,11,539,6468,False,False,False,False,annual,True,38.0,10509.0,0.0,A-c608c8,2.0,1.5,0.0
A-c608c8,Company_199,DevTools,DE,27-04-2023,ads,Pro,3,False,1,S-37a9e3,A-c608c8,07-06-2024,29-06-2024,Enterprise,11,2189,26268,False,False,False,True,monthly,False,82.0,33943.0,10.0,A-c608c8,2.0,1.5,0.0
A-c608c8,Company_199,DevTools,DE,27-04-2023,ads,Pro,3,False,1,S-1db3e6,A-c608c8,28-08-2024,31-12-2026,Basic,5,95,1140,False,False,False,False,monthly,True,45.0,12115.0,5.0,A-c608c8,2.0,1.5,0.0
A-c608c8,Company_199,DevTools,DE,27-04-2023,ads,Pro,3,False,1,S-212fc4,A-c608c8,15-10-2023,31-12-2026,Enterprise,6,1194,14328,False,False,False,False,monthly,True,43.0,15947.0,1.0,A-c608c8,2.0,1.5,0.0
A-3be56b,Company_200,HealthTech,IN,26-10-2023,event,Pro,3,False,1,S-64acb8,A-3be56b,21-08-2024,31-12-2026,Enterprise,30,5970,71640,False,False,False,False,monthly,True,55.0,18329.0,2.0,A-3be56b,4.0,3.5,0.0
A-3be56b,Company_200,HealthTech,IN,26-10-2023,event,Pro,3,False,1,S-cf44af,A-3be56b,08-03-2024,31-12-2026,Pro,17,833,9996,False,False,False,False,annual,True,45.0,12160.0,1.0,A-3be56b,4.0,3.5,0.0
A-3be56b,Company_200,HealthTech,IN,26-10-2023,event,Pro,3,False,1,S-e2c20a,A-3be56b,16-12-2023,31-12-2026,Pro,62,3038,36456,False,False,False,False,monthly,True,77.0,27319.0,4.0,A-3be56b,4.0,3.5,0.0
A-3be56b,Company_200,HealthTech,IN,26-10-2023,event,Pro,3,False,1,S-3cc641,A-3be56b,14-05-2024,31-12-2026,Basic,7,133,1596,False,True,False,False,monthly,False,18.0,9636.0,1.0,A-3be56b,4.0,3.5,0.0
A-3be56b,Company_200,HealthTech,IN,26-10-2023,event,Pro,3,False,1,S-60ea07,A-3be56b,22-08-2024,31-12-2026,Pro,14,686,8232,False,False,False,False,annual,True,43.0,15659.0,2.0,A-3be56b,4.0,3.5,0.0
A-3be56b,Company_200,HealthTech,IN,26-10-2023,event,Pro,3,False,1,S-cde950,A-3be56b,01-12-2024,31-12-2026,Basic,20,380,4560,False,False,False,False,annual,False,79.0,26091.0,9.0,A-3be56b,4.0,3.5,0.0
A-3be56b,Company_200,HealthTech,IN,26-10-2023,event,Pro,3,False,1,S-ca98c9,A-3be56b,23-08-2024,31-12-2026,Basic,37,703,8436,False,False,False,False,monthly,True,19.0,3301.0,4.0,A-3be56b,4.0,3.5,0.0
A-3be56b,Company_200,HealthTech,IN,26-10-2023,event,Pro,3,False,1,S-0639f1,A-3be56b,07-05-2024,31-12-2026,Basic,25,0,0,True,False,False,False,annual,True,34.0,9819.0,0.0,A-3be56b,4.0,3.5,0.0
A-3be56b,Company_200,HealthTech,IN,26-10-2023,event,Pro,3,False,1,S-0b3f0c,A-3be56b,12-06-2024,31-12-2026,Enterprise,3,0,0,True,False,False,False,monthly,True,56.0,16962.0,1.0,A-3be56b,4.0,3.5,0.0
A-3be56b,Company_200,HealthTech,IN,26-10-2023,event,Pro,3,False,1,S-2f729b,A-3be56b,01-02-2024,05-03-2024,Pro,35,1715,20580,False,False,False,True,monthly,True,19.0,7274.0,4.0,A-3be56b,4.0,3.5,0.0
A-3be56b,Company_200,HealthTech,IN,26-10-2023,event,Pro,3,False,1,S-b23ec5,A-3be56b,01-05-2024,31-12-2026,Enterprise,18,3582,42984,False,False,True,False,annual,True,48.0,13208.0,2.0,A-3be56b,4.0,3.5,0.0
A-3be56b,Company_200,HealthTech,IN,26-10-2023,event,Pro,3,False,1,S-4977c8,A-3be56b,22-11-2023,23-02-2024,Enterprise,3,0,0,True,False,False,True,annual,False,35.0,10150.0,3.0,A-3be56b,4.0,3.5,0.0
A-354f12,Company_201,FinTech,US,28-04-2024,ads,Pro,1,True,0,S-8fd22d,A-354f12,01-08-2024,31-12-2026,Enterprise,1,199,2388,False,False,False,False,monthly,True,45.0,15681.0,0.0,A-354f12,2.0,0.0,0.0
A-354f12,Company_201,FinTech,US,28-04-2024,ads,Pro,1,True,0,S-078c2b,A-354f12,08-11-2024,31-12-2026,Basic,7,133,1596,False,False,False,False,monthly,True,28.0,7623.0,1.0,A-354f12,2.0,0.0,0.0
A-354f12,Company_201,FinTech,US,28-04-2024,ads,Pro,1,True,0,S-d64e41,A-354f12,28-05-2024,31-12-2026,Enterprise,34,6766,81192,False,False,True,False,annual,True,61.0,19637.0,2.0,A-354f12,2.0,0.0,0.0
A-354f12,Company_201,FinTech,US,28-04-2024,ads,Pro,1,True,0,S-7576bd,A-354f12,18-10-2024,31-12-2026,Enterprise,9,1791,21492,False,False,False,False,annual,True,24.0,5569.0,0.0,A-354f12,2.0,0.0,0.0
A-68f37c,Company_202,HealthTech,US,15-07-2023,ads,Basic,4,False,0,S-401496,A-68f37c,13-08-2023,22-06-2024,Enterprise,4,796,9552,False,True,False,True,monthly,True,61.0,23440.0,1.0,A-68f37c,5.0,0.8,0.0
A-68f37c,Company_202,HealthTech,US,15-07-2023,ads,Basic,4,False,0,S-41cdf0,A-68f37c,15-08-2023,03-11-2023,Pro,17,0,0,True,True,False,True,monthly,True,21.0,9285.0,2.0,A-68f37c,5.0,0.8,0.0
A-68f37c,Company_202,HealthTech,US,15-07-2023,ads,Basic,4,False,0,S-290ee5,A-68f37c,26-03-2024,31-12-2026,Basic,67,1273,15276,False,False,False,False,annual,True,54.0,15175.0,2.0,A-68f37c,5.0,0.8,0.0
A-68f37c,Company_202,HealthTech,US,15-07-2023,ads,Basic,4,False,0,S-fc8f09,A-68f37c,05-10-2024,31-12-2026,Enterprise,4,796,9552,False,True,False,False,monthly,True,58.0,14860.0,4.0,A-68f37c,5.0,0.8,0.0
A-68f37c,Company_202,HealthTech,US,15-07-2023,ads,Basic,4,False,0,S-0f3df6,A-68f37c,24-07-2023,31-12-2026,Enterprise,121,24079,288948,False,False,False,False,annual,True,58.0,21663.0,7.0,A-68f37c,5.0,0.8,0.0
A-68f37c,Company_202,HealthTech,US,15-07-2023,ads,Basic,4,False,0,S-575bef,A-68f37c,01-08-2024,31-12-2026,Pro,15,735,8820,False,False,False,False,annual,True,76.0,24533.0,9.0,A-68f37c,5.0,0.8,0.0
A-68f37c,Company_202,HealthTech,US,15-07-2023,ads,Basic,4,False,0,S-367d84,A-68f37c,31-12-2023,31-12-2026,Pro,11,539,6468,False,False,False,False,monthly,True,44.0,10811.0,2.0,A-68f37c,5.0,0.8,0.0
A-68f37c,Company_202,HealthTech,US,15-07-2023,ads,Basic,4,False,0,S-c89bff,A-68f37c,23-02-2024,31-12-2026,Basic,12,228,2736,False,False,False,False,monthly,True,110.0,41358.0,4.0,A-68f37c,5.0,0.8,0.0
A-68f37c,Company_202,HealthTech,US,15-07-2023,ads,Basic,4,False,0,S-b204c4,A-68f37c,20-02-2024,31-12-2026,Enterprise,9,1791,21492,False,False,False,False,annual,False,52.0,17697.0,0.0,A-68f37c,5.0,0.8,0.0
A-68f37c,Company_202,HealthTech,US,15-07-2023,ads,Basic,4,False,0,S-3112d0,A-68f37c,11-04-2024,31-12-2026,Basic,94,1786,21432,False,False,False,False,monthly,True,10.0,1710.0,4.0,A-68f37c,5.0,0.8,0.0
A-68f37c,Company_202,HealthTech,US,15-07-2023,ads,Basic,4,False,0,S-9f009b,A-68f37c,30-11-2023,31-12-2026,Basic,16,0,0,True,False,False,False,monthly,True,7.0,1176.0,2.0,A-68f37c,5.0,0.8,0.0
A-68f37c,Company_202,HealthTech,US,15-07-2023,ads,Basic,4,False,0,S-befdf1,A-68f37c,27-02-2024,31-12-2026,Basic,13,247,2964,False,False,False,False,monthly,True,73.0,21048.0,3.0,A-68f37c,5.0,0.8,0.0
A-aa9511,Company_203,DevTools,US,10-10-2023,other,Pro,23,True,0,S-082b15,A-aa9511,09-02-2024,31-12-2026,Enterprise,97,19303,231636,False,False,False,False,annual,True,15.0,4161.0,0.0,A-aa9511,2.0,2.0,0.0
A-aa9511,Company_203,DevTools,US,10-10-2023,other,Pro,23,True,0,S-38131a,A-aa9511,13-04-2024,31-12-2026,Enterprise,23,0,0,True,False,False,False,monthly,True,19.0,4225.0,0.0,A-aa9511,2.0,2.0,0.0
A-aa9511,Company_203,DevTools,US,10-10-2023,other,Pro,23,True,0,S-14c8b9,A-aa9511,29-11-2023,31-12-2026,Enterprise,33,6567,78804,False,False,False,False,monthly,True,22.0,10428.0,1.0,A-aa9511,2.0,2.0,0.0
A-aa9511,Company_203,DevTools,US,10-10-2023,other,Pro,23,True,0,S-e41941,A-aa9511,12-12-2024,31-12-2026,Enterprise,30,5970,71640,False,False,False,False,monthly,False,38.0,6088.0,1.0,A-aa9511,2.0,2.0,0.0
A-aa9511,Company_203,DevTools,US,10-10-2023,other,Pro,23,True,0,S-23dcff,A-aa9511,05-10-2024,31-12-2026,Enterprise,54,10746,128952,False,False,False,False,monthly,True,52.0,17932.0,10.0,A-aa9511,2.0,2.0,0.0
A-aa9511,Company_203,DevTools,US,10-10-2023,other,Pro,23,True,0,S-76cdf1,A-aa9511,16-06-2024,31-12-2026,Pro,23,1127,13524,False,False,False,False,monthly,True,40.0,12449.0,0.0,A-aa9511,2.0,2.0,0.0
A-aa9511,Company_203,DevTools,US,10-10-2023,other,Pro,23,True,0,S-59c612,A-aa9511,25-10-2023,31-12-2026,Basic,23,437,5244,False,False,False,False,monthly,True,37.0,13684.0,3.0,A-aa9511,2.0,2.0,0.0
A-aa9511,Company_203,DevTools,US,10-10-2023,other,Pro,23,True,0,S-742e23,A-aa9511,23-06-2024,31-12-2026,Pro,23,1127,13524,False,False,False,False,annual,True,44.0,18720.0,0.0,A-aa9511,2.0,2.0,0.0
A-aa9511,Company_203,DevTools,US,10-10-2023,other,Pro,23,True,0,S-071ade,A-aa9511,07-11-2024,31-12-2026,Basic,23,437,5244,False,False,True,False,annual,True,25.0,8682.0,1.0,A-aa9511,2.0,2.0,0.0
A-aa9511,Company_203,DevTools,US,10-10-2023,other,Pro,23,True,0,S-d507da,A-aa9511,01-11-2023,31-12-2026,Enterprise,23,4577,54924,False,False,False,False,annual,True,55.0,13408.0,3.0,A-aa9511,2.0,2.0,0.0
A-aa9511,Company_203,DevTools,US,10-10-2023,other,Pro,23,True,0,S-aa3dd4,A-aa9511,23-09-2024,31-12-2026,Enterprise,58,0,0,True,False,False,False,monthly,True,35.0,7138.0,5.0,A-aa9511,2.0,2.0,0.0
A-aa9511,Company_203,DevTools,US,10-10-2023,other,Pro,23,True,0,S-8fbabd,A-aa9511,21-08-2024,09-09-2024,Enterprise,25,4975,59700,False,False,False,True,monthly,True,68.0,21321.0,5.0,A-aa9511,2.0,2.0,0.0
A-aa9511,Company_203,DevTools,US,10-10-2023,other,Pro,23,True,0,S-c796c1,A-aa9511,11-10-2023,31-12-2026,Pro,23,1127,13524,False,False,False,False,monthly,True,49.0,17150.0,0.0,A-aa9511,2.0,2.0,0.0
A-aa9511,Company_203,DevTools,US,10-10-2023,other,Pro,23,True,0,S-d9659f,A-aa9511,04-07-2024,31-12-2026,Enterprise,23,4577,54924,False,False,False,False,annual,False,67.0,20053.0,3.0,A-aa9511,2.0,2.0,0.0
A-aa9511,Company_203,DevTools,US,10-10-2023,other,Pro,23,True,0,S-59d90a,A-aa9511,28-08-2024,13-11-2024,Pro,29,0,0,True,False,False,True,annual,True,59.0,14087.0,3.0,A-aa9511,2.0,2.0,0.0
A-af0cd2,Company_204,Cybersecurity,IN,03-01-2023,other,Enterprise,19,True,0,S-8bfab5,A-af0cd2,30-05-2024,14-12-2024,Pro,19,931,11172,False,False,False,True,monthly,True,94.0,27775.0,4.0,A-af0cd2,3.0,0.0,0.0
A-af0cd2,Company_204,Cybersecurity,IN,03-01-2023,other,Enterprise,19,True,0,S-0f9910,A-af0cd2,10-07-2023,15-07-2024,Basic,19,0,0,True,False,False,True,monthly,True,47.0,10926.0,2.0,A-af0cd2,3.0,0.0,0.0
A-af0cd2,Company_204,Cybersecurity,IN,03-01-2023,other,Enterprise,19,True,0,S-0e594f,A-af0cd2,21-09-2024,31-12-2026,Basic,45,0,0,True,False,False,False,annual,True,82.0,35454.0,5.0,A-af0cd2,3.0,0.0,0.0
A-af0cd2,Company_204,Cybersecurity,IN,03-01-2023,other,Enterprise,19,True,0,S-ad7716,A-af0cd2,13-04-2023,31-12-2026,Pro,19,931,11172,False,False,False,False,annual,False,53.0,17877.0,3.0,A-af0cd2,3.0,0.0,0.0
A-af0cd2,Company_204,Cybersecurity,IN,03-01-2023,other,Enterprise,19,True,0,S-7b2efe,A-af0cd2,27-09-2024,31-12-2026,Basic,19,361,4332,False,False,False,False,monthly,False,37.0,12295.0,2.0,A-af0cd2,3.0,0.0,0.0
A-af0cd2,Company_204,Cybersecurity,IN,03-01-2023,other,Enterprise,19,True,0,S-50aaaa,A-af0cd2,12-01-2023,31-12-2026,Pro,19,931,11172,False,False,False,False,monthly,True,69.0,11492.0,3.0,A-af0cd2,3.0,0.0,0.0
A-af0cd2,Company_204,Cybersecurity,IN,03-01-2023,other,Enterprise,19,True,0,S-a0a358,A-af0cd2,25-10-2023,31-12-2026,Basic,19,361,4332,False,False,False,False,annual,True,54.0,16669.0,3.0,A-af0cd2,3.0,0.0,0.0
A-af0cd2,Company_204,Cybersecurity,IN,03-01-2023,other,Enterprise,19,True,0,S-d8c6a0,A-af0cd2,05-10-2024,31-12-2026,Basic,57,1083,12996,False,False,False,False,annual,True,63.0,14359.0,2.0,A-af0cd2,3.0,0.0,0.0
A-af0cd2,Company_204,Cybersecurity,IN,03-01-2023,other,Enterprise,19,True,0,S-931899,A-af0cd2,15-04-2023,31-12-2026,Pro,19,931,11172,False,False,False,False,annual,True,49.0,22339.0,1.0,A-af0cd2,3.0,0.0,0.0
A-af0cd2,Company_204,Cybersecurity,IN,03-01-2023,other,Enterprise,19,True,0,S-b555de,A-af0cd2,04-10-2023,31-12-2026,Basic,19,361,4332,False,True,False,False,monthly,True,55.0,22801.0,4.0,A-af0cd2,3.0,0.0,0.0
A-af0cd2,Company_204,Cybersecurity,IN,03-01-2023,other,Enterprise,19,True,0,S-bb84b1,A-af0cd2,12-10-2023,31-12-2026,Basic,30,570,6840,False,False,False,False,annual,True,84.0,33379.0,4.0,A-af0cd2,3.0,0.0,0.0
A-bd4513,Company_205,DevTools,AU,06-11-2024,event,Enterprise,50,True,0,S-e143c9,A-bd4513,01-12-2024,31-12-2026,Pro,50,2450,29400,False,False,False,False,annual,True,32.0,9958.0,3.0,A-bd4513,3.0,4.666666666666667,0.0
A-bd4513,Company_205,DevTools,AU,06-11-2024,event,Enterprise,50,True,0,S-b4c914,A-bd4513,13-12-2024,31-12-2026,Pro,50,2450,29400,False,True,False,False,monthly,True,42.0,15816.0,2.0,A-bd4513,3.0,4.666666666666667,0.0
A-bd4513,Company_205,DevTools,AU,06-11-2024,event,Enterprise,50,True,0,S-642365,A-bd4513,13-12-2024,31-12-2026,Basic,50,950,11400,False,False,False,False,annual,True,56.0,14054.0,6.0,A-bd4513,3.0,4.666666666666667,0.0
A-bd4513,Company_205,DevTools,AU,06-11-2024,event,Enterprise,50,True,0,S-fb6734,A-bd4513,12-11-2024,31-12-2026,Enterprise,50,9950,119400,False,False,False,False,annual,True,37.0,13342.0,1.0,A-bd4513,3.0,4.666666666666667,0.0
A-bd4513,Company_205,DevTools,AU,06-11-2024,event,Enterprise,50,True,0,S-ed9451,A-bd4513,17-12-2024,17-12-2024,Pro,50,2450,29400,False,False,False,True,annual,True,44.0,14190.0,2.0,A-bd4513,3.0,4.666666666666667,0.0
A-bd4513,Company_205,DevTools,AU,06-11-2024,event,Enterprise,50,True,0,S-234115,A-bd4513,28-11-2024,31-12-2026,Basic,50,950,11400,False,False,False,False,monthly,False,8.0,2760.0,0.0,A-bd4513,3.0,4.666666666666667,0.0
A-bd4513,Company_205,DevTools,AU,06-11-2024,event,Enterprise,50,True,0,S-d90f5e,A-bd4513,15-12-2024,22-12-2024,Basic,50,950,11400,False,False,False,True,annual,True,62.0,22548.0,3.0,A-bd4513,3.0,4.666666666666667,0.0
A-bd4513,Company_205,DevTools,AU,06-11-2024,event,Enterprise,50,True,0,S-9c19fe,A-bd4513,20-12-2024,31-12-2026,Enterprise,50,9950,119400,False,False,False,False,monthly,False,53.0,14055.0,3.0,A-bd4513,3.0,4.666666666666667,0.0
A-bd4513,Company_205,DevTools,AU,06-11-2024,event,Enterprise,50,True,0,S-d6f7cd,A-bd4513,14-11-2024,31-12-2026,Enterprise,50,9950,119400,False,False,False,False,annual,True,35.0,14339.0,0.0,A-bd4513,3.0,4.666666666666667,0.0
A-bd4513,Company_205,DevTools,AU,06-11-2024,event,Enterprise,50,True,0,S-77ba64,A-bd4513,16-11-2024,31-12-2026,Basic,66,1254,15048,False,True,False,False,annual,True,44.0,14966.0,1.0,A-bd4513,3.0,4.666666666666667,0.0
A-bd4513,Company_205,DevTools,AU,06-11-2024,event,Enterprise,50,True,0,S-8ddc89,A-bd4513,27-11-2024,31-12-2026,Enterprise,50,9950,119400,False,False,False,False,monthly,True,34.0,8905.0,4.0,A-bd4513,3.0,4.666666666666667,0.0
A-bd4513,Company_205,DevTools,AU,06-11-2024,event,Enterprise,50,True,0,S-605115,A-bd4513,30-12-2024,31-12-2026,Basic,50,950,11400,False,False,False,False,annual,True,60.0,12614.0,9.0,A-bd4513,3.0,4.666666666666667,0.0
A-c222ab,Company_206,Cybersecurity,US,10-05-2024,other,Pro,32,False,1,S-43c489,A-c222ab,27-08-2024,31-12-2026,Pro,32,1568,18816,False,False,False,False,annual,True,36.0,8396.0,7.0,A-c222ab,4.0,1.25,0.0
A-c222ab,Company_206,Cybersecurity,US,10-05-2024,other,Pro,32,False,1,S-e8776c,A-c222ab,12-12-2024,31-12-2026,Enterprise,32,6368,76416,False,False,False,False,monthly,True,34.0,14157.0,2.0,A-c222ab,4.0,1.25,0.0
A-c222ab,Company_206,Cybersecurity,US,10-05-2024,other,Pro,32,False,1,S-89e98a,A-c222ab,27-12-2024,31-12-2026,Pro,32,1568,18816,False,False,False,False,monthly,True,124.0,28208.0,9.0,A-c222ab,4.0,1.25,0.0
A-c222ab,Company_206,Cybersecurity,US,10-05-2024,other,Pro,32,False,1,S-d1f7ad,A-c222ab,31-10-2024,29-11-2024,Basic,32,608,7296,False,False,False,True,annual,False,42.0,16118.0,3.0,A-c222ab,4.0,1.25,0.0
A-c222ab,Company_206,Cybersecurity,US,10-05-2024,other,Pro,32,False,1,S-eec056,A-c222ab,07-10-2024,31-12-2026,Basic,32,608,7296,False,True,False,False,monthly,True,86.0,33970.0,4.0,A-c222ab,4.0,1.25,0.0
A-c222ab,Company_206,Cybersecurity,US,10-05-2024,other,Pro,32,False,1,S-2c53ad,A-c222ab,19-09-2024,31-12-2026,Enterprise,32,6368,76416,False,False,False,False,monthly,True,66.0,20925.0,5.0,A-c222ab,4.0,1.25,0.0
A-c222ab,Company_206,Cybersecurity,US,10-05-2024,other,Pro,32,False,1,S-cdf625,A-c222ab,24-08-2024,31-12-2026,Pro,32,1568,18816,False,False,False,False,monthly,True,47.0,11667.0,3.0,A-c222ab,4.0,1.25,0.0
A-34d880,Company_207,Cybersecurity,AU,11-04-2024,ads,Enterprise,4,False,0,S-f36371,A-34d880,22-07-2024,31-12-2026,Enterprise,35,6965,83580,False,False,False,False,monthly,False,63.0,17173.0,10.0,A-34d880,5.0,3.0,0.0
A-34d880,Company_207,Cybersecurity,AU,11-04-2024,ads,Enterprise,4,False,0,S-7d2c1b,A-34d880,04-06-2024,31-12-2026,Pro,9,0,0,True,False,False,False,monthly,True,84.0,31192.0,5.0,A-34d880,5.0,3.0,0.0
A-34d880,Company_207,Cybersecurity,AU,11-04-2024,ads,Enterprise,4,False,0,S-fc6cb4,A-34d880,11-08-2024,18-09-2024,Basic,41,779,9348,False,False,False,True,monthly,False,19.0,8815.0,0.0,A-34d880,5.0,3.0,0.0
A-34d880,Company_207,Cybersecurity,AU,11-04-2024,ads,Enterprise,4,False,0,S-775719,A-34d880,21-04-2024,31-12-2026,Pro,4,196,2352,False,False,False,False,annual,False,35.0,8721.0,5.0,A-34d880,5.0,3.0,0.0
A-34d880,Company_207,Cybersecurity,AU,11-04-2024,ads,Enterprise,4,False,0,S-2d807a,A-34d880,18-04-2024,31-12-2026,Enterprise,53,10547,126564,False,False,False,False,monthly,True,61.0,25290.0,9.0,A-34d880,5.0,3.0,0.0
A-34d880,Company_207,Cybersecurity,AU,11-04-2024,ads,Enterprise,4,False,0,S-f8e091,A-34d880,21-10-2024,31-12-2026,Enterprise,5,995,11940,False,False,False,False,monthly,True,66.0,25150.0,2.0,A-34d880,5.0,3.0,0.0
A-34d880,Company_207,Cybersecurity,AU,11-04-2024,ads,Enterprise,4,False,0,S-694277,A-34d880,11-10-2024,31-12-2026,Enterprise,4,796,9552,False,False,False,False,monthly,True,31.0,5315.0,0.0,A-34d880,5.0,3.0,0.0
A-34d880,Company_207,Cybersecurity,AU,11-04-2024,ads,Enterprise,4,False,0,S-264c8a,A-34d880,26-06-2024,31-12-2026,Enterprise,7,0,0,True,False,False,False,monthly,True,58.0,8094.0,6.0,A-34d880,5.0,3.0,0.0
A-34d880,Company_207,Cybersecurity,AU,11-04-2024,ads,Enterprise,4,False,0,S-6b0789,A-34d880,04-07-2024,31-12-2026,Pro,14,686,8232,False,False,False,False,monthly,True,57.0,14674.0,3.0,A-34d880,5.0,3.0,0.0
A-508199,Company_208,FinTech,AU,28-01-2024,event,Basic,19,False,0,S-1df679,A-508199,26-04-2024,31-12-2026,Enterprise,19,3781,45372,False,False,False,False,annual,True,53.0,17110.0,1.0,A-508199,3.0,1.0,0.0
A-508199,Company_208,FinTech,AU,28-01-2024,event,Basic,19,False,0,S-67595c,A-508199,08-02-2024,31-12-2026,Basic,27,513,6156,False,False,False,False,annual,False,26.0,7702.0,0.0,A-508199,3.0,1.0,0.0
A-508199,Company_208,FinTech,AU,28-01-2024,event,Basic,19,False,0,S-82ffca,A-508199,30-01-2024,31-12-2026,Enterprise,19,3781,45372,False,False,False,False,annual,False,20.0,5027.0,4.0,A-508199,3.0,1.0,0.0
A-508199,Company_208,FinTech,AU,28-01-2024,event,Basic,19,False,0,S-d97fa8,A-508199,20-02-2024,31-12-2026,Basic,19,361,4332,False,False,False,False,monthly,True,61.0,19052.0,1.0,A-508199,3.0,1.0,0.0
A-508199,Company_208,FinTech,AU,28-01-2024,event,Basic,19,False,0,S-a2cd6a,A-508199,11-12-2024,31-12-2026,Enterprise,19,0,0,True,False,False,False,monthly,True,71.0,31498.0,9.0,A-508199,3.0,1.0,0.0
A-f03140,Company_209,DevTools,IN,22-11-2023,event,Pro,27,True,0,S-477506,A-f03140,06-02-2024,31-12-2026,Pro,27,1323,15876,False,False,False,False,annual,True,93.0,33007.0,6.0,A-f03140,7.0,1.5714285714285714,0.0
A-f03140,Company_209,DevTools,IN,22-11-2023,event,Pro,27,True,0,S-ffd1ee,A-f03140,06-11-2024,31-12-2026,Pro,27,0,0,True,False,False,False,annual,True,83.0,22905.0,1.0,A-f03140,7.0,1.5714285714285714,0.0
A-f03140,Company_209,DevTools,IN,22-11-2023,event,Pro,27,True,0,S-d111f5,A-f03140,25-05-2024,31-12-2026,Basic,27,513,6156,False,False,False,False,monthly,True,81.0,22840.0,3.0,A-f03140,7.0,1.5714285714285714,0.0
A-f03140,Company_209,DevTools,IN,22-11-2023,event,Pro,27,True,0,S-33472f,A-f03140,31-03-2024,31-12-2026,Enterprise,27,5373,64476,False,False,False,False,monthly,True,29.0,7933.0,0.0,A-f03140,7.0,1.5714285714285714,0.0
A-f03140,Company_209,DevTools,IN,22-11-2023,event,Pro,27,True,0,S-40d87e,A-f03140,28-05-2024,31-12-2026,Pro,28,1372,16464,False,False,False,False,annual,True,122.0,40551.0,4.0,A-f03140,7.0,1.5714285714285714,0.0
A-f03140,Company_209,DevTools,IN,22-11-2023,event,Pro,27,True,0,S-81d580,A-f03140,09-07-2024,31-12-2026,Basic,27,513,6156,False,False,False,False,annual,False,43.0,15517.0,2.0,A-f03140,7.0,1.5714285714285714,0.0
A-f03140,Company_209,DevTools,IN,22-11-2023,event,Pro,27,True,0,S-151fce,A-f03140,11-12-2023,31-12-2026,Basic,27,513,6156,False,False,False,False,annual,False,42.0,17240.0,1.0,A-f03140,7.0,1.5714285714285714,0.0
A-f03140,Company_209,DevTools,IN,22-11-2023,event,Pro,27,True,0,S-ff4a47,A-f03140,04-10-2024,31-12-2026,Enterprise,27,5373,64476,False,True,False,False,monthly,True,58.0,19438.0,1.0,A-f03140,7.0,1.5714285714285714,0.0
A-f03140,Company_209,DevTools,IN,22-11-2023,event,Pro,27,True,0,S-5b9330,A-f03140,17-07-2024,31-12-2026,Enterprise,27,5373,64476,False,False,True,False,monthly,True,25.0,8100.0,3.0,A-f03140,7.0,1.5714285714285714,0.0
A-f03140,Company_209,DevTools,IN,22-11-2023,event,Pro,27,True,0,S-f9092a,A-f03140,10-07-2024,31-12-2026,Basic,38,722,8664,False,False,False,False,monthly,True,19.0,9434.0,1.0,A-f03140,7.0,1.5714285714285714,0.0
A-410e86,Company_210,FinTech,US,10-11-2024,organic,Basic,24,False,0,S-689032,A-410e86,14-12-2024,25-12-2024,Enterprise,24,0,0,True,False,False,True,monthly,False,40.0,14440.0,2.0,A-410e86,5.0,1.4,0.0
A-410e86,Company_210,FinTech,US,10-11-2024,organic,Basic,24,False,0,S-97efb2,A-410e86,16-11-2024,22-11-2024,Enterprise,24,4776,57312,False,False,False,True,annual,True,29.0,8403.0,6.0,A-410e86,5.0,1.4,0.0
A-410e86,Company_210,FinTech,US,10-11-2024,organic,Basic,24,False,0,S-5b9267,A-410e86,17-12-2024,31-12-2026,Pro,33,0,0,True,False,False,False,annual,True,40.0,22082.0,3.0,A-410e86,5.0,1.4,0.0
A-410e86,Company_210,FinTech,US,10-11-2024,organic,Basic,24,False,0,S-af6f53,A-410e86,01-12-2024,31-12-2026,Basic,24,456,5472,False,False,False,False,monthly,False,64.0,25353.0,4.0,A-410e86,5.0,1.4,0.0
A-410e86,Company_210,FinTech,US,10-11-2024,organic,Basic,24,False,0,S-00f31d,A-410e86,02-12-2024,31-12-2026,Pro,24,1176,14112,False,False,False,False,annual,False,40.0,12816.0,2.0,A-410e86,5.0,1.4,0.0
A-410e86,Company_210,FinTech,US,10-11-2024,organic,Basic,24,False,0,S-fe25ff,A-410e86,29-11-2024,31-12-2026,Enterprise,24,4776,57312,False,False,False,False,annual,True,42.0,14322.0,3.0,A-410e86,5.0,1.4,0.0
A-410e86,Company_210,FinTech,US,10-11-2024,organic,Basic,24,False,0,S-2b2532,A-410e86,25-12-2024,31-12-2026,Enterprise,24,4776,57312,False,False,False,False,monthly,False,37.0,10027.0,1.0,A-410e86,5.0,1.4,0.0
A-fa2041,Company_211,HealthTech,US,29-05-2024,organic,Pro,15,True,0,S-4b9b13,A-fa2041,13-08-2024,31-12-2026,Pro,15,735,8820,False,False,False,False,monthly,True,49.0,12581.0,2.0,A-fa2041,1.0,3.0,0.0
A-fa2041,Company_211,HealthTech,US,29-05-2024,organic,Pro,15,True,0,S-f14c84,A-fa2041,11-06-2024,31-12-2026,Basic,18,0,0,True,False,False,False,monthly,True,81.0,22457.0,6.0,A-fa2041,1.0,3.0,0.0
A-fa2041,Company_211,HealthTech,US,29-05-2024,organic,Pro,15,True,0,S-826424,A-fa2041,30-10-2024,31-12-2026,Enterprise,18,3582,42984,False,False,False,False,annual,True,28.0,6832.0,1.0,A-fa2041,1.0,3.0,0.0
A-fa2041,Company_211,HealthTech,US,29-05-2024,organic,Pro,15,True,0,S-e66f1a,A-fa2041,16-07-2024,31-12-2026,Basic,20,0,0,True,False,False,False,monthly,True,42.0,6456.0,6.0,A-fa2041,1.0,3.0,0.0
A-fa2041,Company_211,HealthTech,US,29-05-2024,organic,Pro,15,True,0,S-6d0817,A-fa2041,19-08-2024,31-12-2026,Pro,21,1029,12348,False,False,False,False,monthly,True,43.0,15666.0,4.0,A-fa2041,1.0,3.0,0.0
A-fa2041,Company_211,HealthTech,US,29-05-2024,organic,Pro,15,True,0,S-4e0220,A-fa2041,18-10-2024,31-12-2026,Enterprise,15,2985,35820,False,False,False,False,annual,True,36.0,11919.0,2.0,A-fa2041,1.0,3.0,0.0
A-fa2041,Company_211,HealthTech,US,29-05-2024,organic,Pro,15,True,0,S-cbfd83,A-fa2041,16-06-2024,31-12-2026,Pro,52,2548,30576,False,False,False,False,monthly,True,30.0,9234.0,0.0,A-fa2041,1.0,3.0,0.0
A-fa2041,Company_211,HealthTech,US,29-05-2024,organic,Pro,15,True,0,S-41cf50,A-fa2041,23-07-2024,31-12-2026,Enterprise,15,2985,35820,False,False,False,False,monthly,False,31.0,10899.0,0.0,A-fa2041,1.0,3.0,0.0
A-fa2041,Company_211,HealthTech,US,29-05-2024,organic,Pro,15,True,0,S-dd8371,A-fa2041,25-07-2024,31-12-2026,Basic,15,285,3420,False,False,False,False,annual,True,74.0,16698.0,3.0,A-fa2041,1.0,3.0,0.0
A-fa2041,Company_211,HealthTech,US,29-05-2024,organic,Pro,15,True,0,S-52280f,A-fa2041,15-07-2024,31-12-2026,Enterprise,16,3184,38208,False,False,False,False,annual,True,17.0,3772.0,0.0,A-fa2041,1.0,3.0,0.0
A-fa2041,Company_211,HealthTech,US,29-05-2024,organic,Pro,15,True,0,S-48c5be,A-fa2041,05-12-2024,31-12-2026,Pro,39,0,0,True,False,False,False,annual,True,50.0,22166.0,3.0,A-fa2041,1.0,3.0,0.0
A-fa2041,Company_211,HealthTech,US,29-05-2024,organic,Pro,15,True,0,S-c158df,A-fa2041,27-10-2024,31-12-2026,Enterprise,18,3582,42984,False,False,False,False,monthly,True,71.0,18583.0,7.0,A-fa2041,1.0,3.0,0.0
A-de58ca,Company_212,HealthTech,DE,13-04-2023,organic,Enterprise,15,False,0,S-0e0578,A-de58ca,09-07-2023,31-12-2026,Basic,15,285,3420,False,False,False,False,monthly,True,42.0,20778.0,4.0,A-de58ca,5.0,2.0,0.0
A-de58ca,Company_212,HealthTech,DE,13-04-2023,organic,Enterprise,15,False,0,S-ec8b34,A-de58ca,09-10-2023,31-12-2026,Enterprise,62,12338,148056,False,False,False,False,annual,False,30.0,12900.0,1.0,A-de58ca,5.0,2.0,0.0
A-de58ca,Company_212,HealthTech,DE,13-04-2023,organic,Enterprise,15,False,0,S-6e780e,A-de58ca,01-09-2024,31-12-2026,Enterprise,36,7164,85968,False,False,False,False,annual,True,55.0,17062.0,1.0,A-de58ca,5.0,2.0,0.0
A-de58ca,Company_212,HealthTech,DE,13-04-2023,organic,Enterprise,15,False,0,S-69b3ac,A-de58ca,07-05-2023,31-12-2026,Enterprise,80,0,0,True,False,False,False,annual,False,24.0,2620.0,2.0,A-de58ca,5.0,2.0,0.0
A-de58ca,Company_212,HealthTech,DE,13-04-2023,organic,Enterprise,15,False,0,S-7dab19,A-de58ca,24-12-2023,04-11-2024,Basic,47,893,10716,False,False,False,True,annual,False,74.0,19661.0,5.0,A-de58ca,5.0,2.0,0.0
A-de58ca,Company_212,HealthTech,DE,13-04-2023,organic,Enterprise,15,False,0,S-23ba41,A-de58ca,09-06-2024,31-12-2026,Pro,15,735,8820,False,False,False,False,annual,True,33.0,2430.0,3.0,A-de58ca,5.0,2.0,0.0
A-de58ca,Company_212,HealthTech,DE,13-04-2023,organic,Enterprise,15,False,0,S-4ea564,A-de58ca,09-08-2024,31-12-2026,Basic,15,285,3420,False,False,False,False,annual,True,72.0,21535.0,7.0,A-de58ca,5.0,2.0,0.0
A-de58ca,Company_212,HealthTech,DE,13-04-2023,organic,Enterprise,15,False,0,S-be3ff6,A-de58ca,17-07-2023,31-12-2026,Pro,105,0,0,True,False,False,False,annual,False,22.0,11851.0,1.0,A-de58ca,5.0,2.0,0.0
A-de58ca,Company_212,HealthTech,DE,13-04-2023,organic,Enterprise,15,False,0,S-08e560,A-de58ca,25-09-2023,07-01-2024,Pro,15,735,8820,False,False,False,True,monthly,True,61.0,16678.0,6.0,A-de58ca,5.0,2.0,0.0
A-de58ca,Company_212,HealthTech,DE,13-04-2023,organic,Enterprise,15,False,0,S-c64b73,A-de58ca,20-04-2023,31-12-2026,Pro,15,735,8820,False,False,False,False,annual,True,26.0,4468.0,1.0,A-de58ca,5.0,2.0,0.0
A-de58ca,Company_212,HealthTech,DE,13-04-2023,organic,Enterprise,15,False,0,S-054897,A-de58ca,06-01-2024,31-12-2026,Pro,15,735,8820,False,False,False,False,monthly,False,66.0,11959.0,2.0,A-de58ca,5.0,2.0,0.0
A-05d3b3,Company_213,DevTools,AU,28-05-2023,ads,Basic,9,True,0,S-eb84b1,A-05d3b3,24-08-2024,31-12-2026,Pro,9,441,5292,False,False,False,False,monthly,False,26.0,4199.0,1.0,A-05d3b3,6.0,2.1666666666666665,0.0
A-05d3b3,Company_213,DevTools,AU,28-05-2023,ads,Basic,9,True,0,S-5a1fc3,A-05d3b3,29-01-2024,31-12-2026,Enterprise,13,2587,31044,False,False,False,False,monthly,True,28.0,11113.0,3.0,A-05d3b3,6.0,2.1666666666666665,0.0
A-05d3b3,Company_213,DevTools,AU,28-05-2023,ads,Basic,9,True,0,S-474b5a,A-05d3b3,26-11-2023,31-12-2026,Basic,11,209,2508,False,False,False,False,annual,False,46.0,15221.0,0.0,A-05d3b3,6.0,2.1666666666666665,0.0
A-05d3b3,Company_213,DevTools,AU,28-05-2023,ads,Basic,9,True,0,S-a3e1e3,A-05d3b3,26-09-2024,31-12-2026,Enterprise,9,0,0,True,False,False,False,monthly,True,50.0,12892.0,3.0,A-05d3b3,6.0,2.1666666666666665,0.0
A-05d3b3,Company_213,DevTools,AU,28-05-2023,ads,Basic,9,True,0,S-5bc277,A-05d3b3,12-07-2023,31-12-2026,Basic,9,171,2052,False,False,False,False,annual,True,68.0,27408.0,3.0,A-05d3b3,6.0,2.1666666666666665,0.0
A-05d3b3,Company_213,DevTools,AU,28-05-2023,ads,Basic,9,True,0,S-61efc1,A-05d3b3,27-11-2023,31-12-2026,Pro,9,0,0,True,False,False,False,monthly,False,60.0,19483.0,1.0,A-05d3b3,6.0,2.1666666666666665,0.0
A-05d3b3,Company_213,DevTools,AU,28-05-2023,ads,Basic,9,True,0,S-81e9f1,A-05d3b3,10-09-2024,31-12-2026,Basic,9,171,2052,False,False,False,False,monthly,True,36.0,10682.0,2.0,A-05d3b3,6.0,2.1666666666666665,0.0
A-05d3b3,Company_213,DevTools,AU,28-05-2023,ads,Basic,9,True,0,S-98f176,A-05d3b3,14-08-2023,31-12-2026,Basic,55,0,0,True,False,False,False,annual,True,40.0,13075.0,2.0,A-05d3b3,6.0,2.1666666666666665,0.0
A-05d3b3,Company_213,DevTools,AU,28-05-2023,ads,Basic,9,True,0,S-3ee288,A-05d3b3,01-10-2024,31-12-2026,Enterprise,19,3781,45372,False,False,False,False,annual,True,76.0,22747.0,0.0,A-05d3b3,6.0,2.1666666666666665,0.0
A-05d3b3,Company_213,DevTools,AU,28-05-2023,ads,Basic,9,True,0,S-b11cdb,A-05d3b3,05-08-2024,12-08-2024,Basic,24,456,5472,False,False,False,True,annual,True,50.0,5484.0,2.0,A-05d3b3,6.0,2.1666666666666665,0.0
A-05d3b3,Company_213,DevTools,AU,28-05-2023,ads,Basic,9,True,0,S-02508a,A-05d3b3,04-02-2024,31-12-2026,Basic,28,532,6384,False,False,False,False,annual,True,61.0,18735.0,2.0,A-05d3b3,6.0,2.1666666666666665,0.0
A-05d3b3,Company_213,DevTools,AU,28-05-2023,ads,Basic,9,True,0,S-672dd6,A-05d3b3,03-08-2023,31-12-2026,Enterprise,16,3184,38208,False,False,False,False,monthly,True,26.0,7686.0,1.0,A-05d3b3,6.0,2.1666666666666665,0.0
A-05d3b3,Company_213,DevTools,AU,28-05-2023,ads,Basic,9,True,0,S-c92850,A-05d3b3,30-09-2023,31-12-2026,Pro,22,1078,12936,False,False,False,False,annual,True,75.0,24638.0,2.0,A-05d3b3,6.0,2.1666666666666665,0.0
A-249769,Company_214,Cybersecurity,US,25-04-2024,event,Enterprise,4,False,1,S-d07c53,A-249769,24-09-2024,31-12-2026,Basic,21,399,4788,False,False,False,False,annual,True,73.0,22225.0,5.0,A-249769,2.0,4.0,0.0
A-249769,Company_214,Cybersecurity,US,25-04-2024,event,Enterprise,4,False,1,S-79b2bc,A-249769,28-08-2024,31-12-2026,Basic,4,76,912,False,False,False,False,monthly,True,49.0,19077.0,1.0,A-249769,2.0,4.0,0.0
A-249769,Company_214,Cybersecurity,US,25-04-2024,event,Enterprise,4,False,1,S-c6d8ce,A-249769,10-06-2024,31-12-2026,Pro,11,539,6468,False,False,False,False,monthly,True,33.0,13405.0,1.0,A-249769,2.0,4.0,0.0
A-249769,Company_214,Cybersecurity,US,25-04-2024,event,Enterprise,4,False,1,S-40dcf4,A-249769,05-08-2024,31-12-2026,Enterprise,56,11144,133728,False,False,False,False,annual,True,50.0,13959.0,3.0,A-249769,2.0,4.0,0.0
A-249769,Company_214,Cybersecurity,US,25-04-2024,event,Enterprise,4,False,1,S-c067fc,A-249769,18-07-2024,31-12-2026,Basic,5,95,1140,False,False,False,False,monthly,True,42.0,10584.0,3.0,A-249769,2.0,4.0,0.0
A-249769,Company_214,Cybersecurity,US,25-04-2024,event,Enterprise,4,False,1,S-52b74f,A-249769,11-08-2024,31-12-2026,Enterprise,7,1393,16716,False,False,False,False,annual,True,19.0,6217.0,0.0,A-249769,2.0,4.0,0.0
A-249769,Company_214,Cybersecurity,US,25-04-2024,event,Enterprise,4,False,1,S-882f1d,A-249769,21-11-2024,31-12-2026,Basic,7,133,1596,False,False,False,False,annual,True,69.0,13289.0,6.0,A-249769,2.0,4.0,0.0
A-249769,Company_214,Cybersecurity,US,25-04-2024,event,Enterprise,4,False,1,S-162441,A-249769,06-09-2024,31-12-2026,Enterprise,4,796,9552,False,False,False,False,monthly,True,53.0,18593.0,2.0,A-249769,2.0,4.0,0.0
A-249769,Company_214,Cybersecurity,US,25-04-2024,event,Enterprise,4,False,1,S-f3ff06,A-249769,18-10-2024,31-12-2026,Pro,8,392,4704,False,False,False,False,annual,True,45.0,14398.0,2.0,A-249769,2.0,4.0,0.0
A-249769,Company_214,Cybersecurity,US,25-04-2024,event,Enterprise,4,False,1,S-c83dfd,A-249769,08-06-2024,31-12-2026,Basic,15,285,3420,False,False,False,False,monthly,True,76.0,18549.0,3.0,A-249769,2.0,4.0,0.0
A-249769,Company_214,Cybersecurity,US,25-04-2024,event,Enterprise,4,False,1,S-9d35cf,A-249769,12-10-2024,31-12-2026,Pro,6,294,3528,False,False,False,False,annual,True,34.0,9653.0,0.0,A-249769,2.0,4.0,0.0
A-249769,Company_214,Cybersecurity,US,25-04-2024,event,Enterprise,4,False,1,S-51590f,A-249769,17-11-2024,31-12-2026,Basic,9,171,2052,False,False,False,False,annual,True,100.0,27390.0,4.0,A-249769,2.0,4.0,0.0
A-249769,Company_214,Cybersecurity,US,25-04-2024,event,Enterprise,4,False,1,S-812d97,A-249769,24-08-2024,31-12-2026,Pro,19,0,0,True,False,False,False,annual,True,35.0,6438.0,0.0,A-249769,2.0,4.0,0.0
A-e43bf7,Company_215,Cybersecurity,AU,24-03-2023,other,Pro,44,False,0,S-f2537d,A-e43bf7,24-01-2024,31-12-2026,Pro,44,2156,25872,False,False,False,False,monthly,True,89.0,21635.0,4.0,A-e43bf7,5.0,2.4,1.0
A-e43bf7,Company_215,Cybersecurity,AU,24-03-2023,other,Pro,44,False,0,S-ed4e09,A-e43bf7,26-02-2024,31-12-2026,Pro,44,2156,25872,False,True,False,False,annual,True,40.0,11278.0,8.0,A-e43bf7,5.0,2.4,1.0
A-e43bf7,Company_215,Cybersecurity,AU,24-03-2023,other,Pro,44,False,0,S-863c87,A-e43bf7,05-07-2023,31-12-2026,Enterprise,70,13930,167160,False,True,False,False,annual,True,74.0,18503.0,7.0,A-e43bf7,5.0,2.4,1.0
A-e43bf7,Company_215,Cybersecurity,AU,24-03-2023,other,Pro,44,False,0,S-ee2669,A-e43bf7,29-12-2024,31-12-2026,Enterprise,44,8756,105072,False,False,False,False,annual,True,34.0,10890.0,0.0,A-e43bf7,5.0,2.4,1.0
A-e43bf7,Company_215,Cybersecurity,AU,24-03-2023,other,Pro,44,False,0,S-9e2819,A-e43bf7,28-07-2024,31-12-2026,Enterprise,44,8756,105072,False,False,False,False,annual,True,40.0,5133.0,2.0,A-e43bf7,5.0,2.4,1.0
A-e43bf7,Company_215,Cybersecurity,AU,24-03-2023,other,Pro,44,False,0,S-507731,A-e43bf7,02-06-2024,31-12-2026,Pro,44,2156,25872,False,False,False,False,annual,True,59.0,23809.0,10.0,A-e43bf7,5.0,2.4,1.0
A-e43bf7,Company_215,Cybersecurity,AU,24-03-2023,other,Pro,44,False,0,S-12e3ff,A-e43bf7,21-05-2023,31-12-2026,Enterprise,44,8756,105072,False,True,False,False,monthly,False,35.0,12207.0,4.0,A-e43bf7,5.0,2.4,1.0
A-eb2fdc,Company_216,DevTools,AU,21-11-2023,organic,Enterprise,31,False,1,S-c67b80,A-eb2fdc,24-02-2024,31-12-2026,Pro,31,1519,18228,False,False,False,False,monthly,False,50.0,21640.0,2.0,A-eb2fdc,5.0,3.6,0.0
A-eb2fdc,Company_216,DevTools,AU,21-11-2023,organic,Enterprise,31,False,1,S-d0913e,A-eb2fdc,14-11-2024,31-12-2026,Pro,31,1519,18228,False,False,False,False,monthly,True,19.0,1761.0,2.0,A-eb2fdc,5.0,3.6,0.0
A-eb2fdc,Company_216,DevTools,AU,21-11-2023,organic,Enterprise,31,False,1,S-9686c6,A-eb2fdc,31-05-2024,25-09-2024,Pro,33,1617,19404,False,False,False,True,annual,False,49.0,9677.0,3.0,A-eb2fdc,5.0,3.6,0.0
A-eb2fdc,Company_216,DevTools,AU,21-11-2023,organic,Enterprise,31,False,1,S-e9bcb2,A-eb2fdc,15-05-2024,31-12-2026,Basic,43,817,9804,False,False,False,False,monthly,True,75.0,15293.0,4.0,A-eb2fdc,5.0,3.6,0.0
A-eb2fdc,Company_216,DevTools,AU,21-11-2023,organic,Enterprise,31,False,1,S-06c096,A-eb2fdc,02-11-2024,31-12-2026,Pro,31,1519,18228,False,False,False,False,annual,True,42.0,13137.0,2.0,A-eb2fdc,5.0,3.6,0.0
A-eb2fdc,Company_216,DevTools,AU,21-11-2023,organic,Enterprise,31,False,1,S-e44044,A-eb2fdc,19-12-2024,31-12-2026,Basic,31,589,7068,False,False,False,False,annual,True,83.0,23807.0,0.0,A-eb2fdc,5.0,3.6,0.0
A-eb2fdc,Company_216,DevTools,AU,21-11-2023,organic,Enterprise,31,False,1,S-1976bb,A-eb2fdc,13-06-2024,31-12-2026,Basic,31,589,7068,False,False,False,False,monthly,True,40.0,17233.0,2.0,A-eb2fdc,5.0,3.6,0.0
A-eb2fdc,Company_216,DevTools,AU,21-11-2023,organic,Enterprise,31,False,1,S-196dc6,A-eb2fdc,22-05-2024,31-12-2026,Enterprise,47,9353,112236,False,False,False,False,annual,True,21.0,7175.0,1.0,A-eb2fdc,5.0,3.6,0.0
A-eb2fdc,Company_216,DevTools,AU,21-11-2023,organic,Enterprise,31,False,1,S-982ee2,A-eb2fdc,07-11-2024,31-12-2026,Enterprise,31,6169,74028,False,False,False,False,annual,True,34.0,12412.0,0.0,A-eb2fdc,5.0,3.6,0.0
A-eb2fdc,Company_216,DevTools,AU,21-11-2023,organic,Enterprise,31,False,1,S-f8008a,A-eb2fdc,07-07-2024,31-12-2026,Enterprise,31,6169,74028,False,False,False,False,annual,True,29.0,11571.0,0.0,A-eb2fdc,5.0,3.6,0.0
A-eb2fdc,Company_216,DevTools,AU,21-11-2023,organic,Enterprise,31,False,1,S-ff5ff8,A-eb2fdc,25-05-2024,31-12-2026,Pro,31,1519,18228,False,False,False,False,annual,True,57.0,21499.0,1.0,A-eb2fdc,5.0,3.6,0.0
A-eb2fdc,Company_216,DevTools,AU,21-11-2023,organic,Enterprise,31,False,1,S-37d427,A-eb2fdc,06-04-2024,31-12-2026,Basic,31,589,7068,False,False,False,False,monthly,True,48.0,19458.0,0.0,A-eb2fdc,5.0,3.6,0.0
A-e1462e,Company_217,FinTech,UK,12-03-2023,partner,Basic,15,False,0,S-079321,A-e1462e,27-07-2023,31-12-2026,Pro,15,735,8820,False,False,False,False,annual,False,53.0,16341.0,9.0,A-e1462e,2.0,3.5,0.0
A-e1462e,Company_217,FinTech,UK,12-03-2023,partner,Basic,15,False,0,S-4a8fda,A-e1462e,20-11-2024,31-12-2026,Basic,15,285,3420,False,False,False,False,annual,False,68.0,17072.0,2.0,A-e1462e,2.0,3.5,0.0
A-e1462e,Company_217,FinTech,UK,12-03-2023,partner,Basic,15,False,0,S-c58b17,A-e1462e,07-07-2024,31-12-2026,Pro,46,2254,27048,False,False,False,False,annual,True,49.0,14778.0,3.0,A-e1462e,2.0,3.5,0.0
A-e1462e,Company_217,FinTech,UK,12-03-2023,partner,Basic,15,False,0,S-83f2e5,A-e1462e,01-12-2023,31-12-2026,Enterprise,29,5771,69252,False,True,False,False,monthly,True,66.0,15176.0,2.0,A-e1462e,2.0,3.5,0.0
A-e1462e,Company_217,FinTech,UK,12-03-2023,partner,Basic,15,False,0,S-b9c6ce,A-e1462e,06-10-2024,31-12-2026,Enterprise,15,0,0,True,False,False,False,monthly,True,46.0,12524.0,1.0,A-e1462e,2.0,3.5,0.0
A-e1462e,Company_217,FinTech,UK,12-03-2023,partner,Basic,15,False,0,S-302119,A-e1462e,03-04-2023,31-12-2026,Enterprise,15,2985,35820,False,False,True,False,monthly,True,26.0,7593.0,0.0,A-e1462e,2.0,3.5,0.0
A-e1462e,Company_217,FinTech,UK,12-03-2023,partner,Basic,15,False,0,S-1898b3,A-e1462e,23-07-2023,31-12-2026,Basic,28,0,0,True,False,False,False,annual,True,39.0,14613.0,5.0,A-e1462e,2.0,3.5,0.0
A-cab532,Company_218,DevTools,FR,03-04-2023,organic,Pro,11,True,0,S-82484b,A-cab532,22-11-2024,31-12-2026,Pro,21,1029,12348,False,False,False,False,annual,True,92.0,16790.0,2.0,A-cab532,1.0,4.0,0.0
A-cab532,Company_218,DevTools,FR,03-04-2023,organic,Pro,11,True,0,S-af854c,A-cab532,16-02-2024,31-12-2026,Enterprise,58,0,0,True,False,False,False,annual,True,90.0,31205.0,5.0,A-cab532,1.0,4.0,0.0
A-cab532,Company_218,DevTools,FR,03-04-2023,organic,Pro,11,True,0,S-2ba4ee,A-cab532,21-05-2024,31-12-2026,Basic,20,0,0,True,False,False,False,annual,True,102.0,32407.0,8.0,A-cab532,1.0,4.0,0.0
A-cab532,Company_218,DevTools,FR,03-04-2023,organic,Pro,11,True,0,S-88cb91,A-cab532,16-12-2024,31-12-2026,Pro,35,1715,20580,False,False,False,False,annual,True,78.0,25824.0,1.0,A-cab532,1.0,4.0,0.0
A-cab532,Company_218,DevTools,FR,03-04-2023,organic,Pro,11,True,0,S-b3071c,A-cab532,03-11-2023,14-12-2024,Pro,31,1519,18228,False,False,False,True,monthly,True,11.0,1573.0,0.0,A-cab532,1.0,4.0,0.0
A-cab532,Company_218,DevTools,FR,03-04-2023,organic,Pro,11,True,0,S-c63e51,A-cab532,07-07-2024,31-12-2026,Pro,11,539,6468,False,False,False,False,annual,True,51.0,14531.0,1.0,A-cab532,1.0,4.0,0.0
A-cab532,Company_218,DevTools,FR,03-04-2023,organic,Pro,11,True,0,S-9d8525,A-cab532,21-04-2023,31-12-2026,Enterprise,11,2189,26268,False,False,False,False,monthly,False,94.0,24091.0,2.0,A-cab532,1.0,4.0,0.0
A-cab532,Company_218,DevTools,FR,03-04-2023,organic,Pro,11,True,0,S-d660d6,A-cab532,01-05-2024,31-12-2026,Basic,33,627,7524,False,False,True,False,annual,True,56.0,7167.0,4.0,A-cab532,1.0,4.0,0.0
A-cab532,Company_218,DevTools,FR,03-04-2023,organic,Pro,11,True,0,S-56cb4f,A-cab532,23-07-2024,31-12-2026,Pro,23,1127,13524,False,False,False,False,annual,True,60.0,12508.0,0.0,A-cab532,1.0,4.0,0.0
A-cab532,Company_218,DevTools,FR,03-04-2023,organic,Pro,11,True,0,S-5a37dc,A-cab532,12-05-2024,31-12-2026,Pro,11,539,6468,False,True,False,False,monthly,True,47.0,15295.0,3.0,A-cab532,1.0,4.0,0.0
A-cab532,Company_218,DevTools,FR,03-04-2023,organic,Pro,11,True,0,S-301b73,A-cab532,22-11-2024,31-12-2026,Basic,48,912,10944,False,False,False,False,annual,True,64.0,15441.0,10.0,A-cab532,1.0,4.0,0.0
A-cab532,Company_218,DevTools,FR,03-04-2023,organic,Pro,11,True,0,S-9cd745,A-cab532,24-07-2023,31-12-2026,Enterprise,11,2189,26268,False,False,False,False,monthly,True,33.0,8326.0,1.0,A-cab532,1.0,4.0,0.0
A-cab532,Company_218,DevTools,FR,03-04-2023,organic,Pro,11,True,0,S-10fc7d,A-cab532,14-10-2024,31-12-2026,Enterprise,11,2189,26268,False,True,False,False,annual,True,108.0,36909.0,4.0,A-cab532,1.0,4.0,0.0
A-cab532,Company_218,DevTools,FR,03-04-2023,organic,Pro,11,True,0,S-180ae3,A-cab532,25-03-2024,31-12-2026,Pro,11,539,6468,False,False,False,False,annual,True,94.0,24279.0,6.0,A-cab532,1.0,4.0,0.0
A-cab532,Company_218,DevTools,FR,03-04-2023,organic,Pro,11,True,0,S-e8f8c0,A-cab532,27-05-2023,31-12-2026,Enterprise,25,4975,59700,False,False,False,False,monthly,True,25.0,7293.0,0.0,A-cab532,1.0,4.0,0.0
A-9123ac,Company_219,Cybersecurity,DE,20-06-2023,organic,Pro,9,False,0,S-97df3f,A-9123ac,07-06-2024,31-12-2026,Pro,9,441,5292,False,False,False,False,annual,True,104.0,28107.0,6.0,A-9123ac,6.0,3.5,0.0
A-9123ac,Company_219,Cybersecurity,DE,20-06-2023,organic,Pro,9,False,0,S-d3ecc2,A-9123ac,19-10-2024,31-12-2026,Enterprise,10,1990,23880,False,False,False,False,monthly,True,57.0,17470.0,0.0,A-9123ac,6.0,3.5,0.0
A-9123ac,Company_219,Cybersecurity,DE,20-06-2023,organic,Pro,9,False,0,S-74761f,A-9123ac,23-12-2023,31-12-2026,Enterprise,42,8358,100296,False,False,False,False,annual,True,53.0,20073.0,2.0,A-9123ac,6.0,3.5,0.0
A-9123ac,Company_219,Cybersecurity,DE,20-06-2023,organic,Pro,9,False,0,S-3c0075,A-9123ac,27-05-2024,31-12-2026,Basic,11,209,2508,False,False,False,False,monthly,True,65.0,15094.0,2.0,A-9123ac,6.0,3.5,0.0
A-9123ac,Company_219,Cybersecurity,DE,20-06-2023,organic,Pro,9,False,0,S-7bcd95,A-9123ac,25-10-2023,31-12-2026,Basic,9,171,2052,False,False,False,False,monthly,True,47.0,16848.0,12.0,A-9123ac,6.0,3.5,0.0
A-9123ac,Company_219,Cybersecurity,DE,20-06-2023,organic,Pro,9,False,0,S-b71cfb,A-9123ac,10-05-2024,31-12-2026,Enterprise,15,0,0,True,False,True,False,monthly,True,23.0,7366.0,0.0,A-9123ac,6.0,3.5,0.0
A-9123ac,Company_219,Cybersecurity,DE,20-06-2023,organic,Pro,9,False,0,S-d34b17,A-9123ac,21-10-2024,31-12-2026,Enterprise,18,3582,42984,False,False,False,False,annual,True,37.0,15056.0,2.0,A-9123ac,6.0,3.5,0.0
A-6e08f3,Company_220,Cybersecurity,US,27-02-2023,event,Basic,8,False,0,S-3b9ad8,A-6e08f3,24-12-2024,31-12-2026,Enterprise,28,5572,66864,False,False,False,False,monthly,False,45.0,10813.0,0.0,A-6e08f3,2.0,3.5,0.0
A-6e08f3,Company_220,Cybersecurity,US,27-02-2023,event,Basic,8,False,0,S-2480b0,A-6e08f3,27-12-2024,31-12-2026,Basic,13,247,2964,False,False,False,False,annual,True,48.0,19495.0,2.0,A-6e08f3,2.0,3.5,0.0
A-6e08f3,Company_220,Cybersecurity,US,27-02-2023,event,Basic,8,False,0,S-ca0eb1,A-6e08f3,25-07-2023,31-12-2026,Enterprise,24,0,0,True,False,False,False,monthly,True,94.0,28044.0,4.0,A-6e08f3,2.0,3.5,0.0
A-6e08f3,Company_220,Cybersecurity,US,27-02-2023,event,Basic,8,False,0,S-862572,A-6e08f3,14-07-2024,31-12-2026,Basic,8,152,1824,False,False,False,False,monthly,True,25.0,5559.0,0.0,A-6e08f3,2.0,3.5,0.0
A-6e08f3,Company_220,Cybersecurity,US,27-02-2023,event,Basic,8,False,0,S-92f78a,A-6e08f3,22-02-2024,31-12-2026,Enterprise,11,2189,26268,False,False,False,False,monthly,True,47.0,13742.0,5.0,A-6e08f3,2.0,3.5,0.0
A-6e08f3,Company_220,Cybersecurity,US,27-02-2023,event,Basic,8,False,0,S-4dae4f,A-6e08f3,09-05-2024,31-12-2026,Enterprise,20,3980,47760,False,False,False,False,monthly,True,46.0,18368.0,1.0,A-6e08f3,2.0,3.5,0.0
A-6e08f3,Company_220,Cybersecurity,US,27-02-2023,event,Basic,8,False,0,S-762cae,A-6e08f3,11-08-2024,31-12-2026,Pro,18,882,10584,False,False,False,False,annual,True,78.0,13521.0,5.0,A-6e08f3,2.0,3.5,0.0
A-6e08f3,Company_220,Cybersecurity,US,27-02-2023,event,Basic,8,False,0,S-09d706,A-6e08f3,20-07-2024,31-12-2026,Pro,8,392,4704,False,False,True,False,monthly,True,30.0,10037.0,0.0,A-6e08f3,2.0,3.5,0.0
A-6e08f3,Company_220,Cybersecurity,US,27-02-2023,event,Basic,8,False,0,S-c419d6,A-6e08f3,16-02-2024,31-12-2026,Enterprise,24,4776,57312,False,False,False,False,annual,False,29.0,11721.0,2.0,A-6e08f3,2.0,3.5,0.0
A-6e08f3,Company_220,Cybersecurity,US,27-02-2023,event,Basic,8,False,0,S-aa78ed,A-6e08f3,29-02-2024,31-12-2026,Pro,18,0,0,True,True,False,False,monthly,False,50.0,17778.0,2.0,A-6e08f3,2.0,3.5,0.0
A-d922bf,Company_221,HealthTech,US,08-09-2023,ads,Basic,5,True,1,S-992c2a,A-d922bf,11-08-2024,31-12-2026,Enterprise,26,0,0,True,False,False,False,monthly,True,83.0,26525.0,4.0,A-d922bf,7.0,1.4285714285714286,1.0
A-d922bf,Company_221,HealthTech,US,08-09-2023,ads,Basic,5,True,1,S-0a83cc,A-d922bf,16-02-2024,31-12-2026,Basic,5,0,0,True,False,False,False,annual,True,49.0,17151.0,0.0,A-d922bf,7.0,1.4285714285714286,1.0
A-d922bf,Company_221,HealthTech,US,08-09-2023,ads,Basic,5,True,1,S-1d7e7f,A-d922bf,01-09-2024,21-10-2024,Enterprise,15,2985,35820,False,False,False,True,annual,True,38.0,16677.0,7.0,A-d922bf,7.0,1.4285714285714286,1.0
A-d922bf,Company_221,HealthTech,US,08-09-2023,ads,Basic,5,True,1,S-8cfa7f,A-d922bf,12-08-2024,31-12-2026,Enterprise,15,0,0,True,False,False,False,annual,True,52.0,13921.0,2.0,A-d922bf,7.0,1.4285714285714286,1.0
A-d922bf,Company_221,HealthTech,US,08-09-2023,ads,Basic,5,True,1,S-a61485,A-d922bf,21-11-2023,31-12-2026,Enterprise,32,6368,76416,False,False,False,False,monthly,True,57.0,22116.0,2.0,A-d922bf,7.0,1.4285714285714286,1.0
A-d922bf,Company_221,HealthTech,US,08-09-2023,ads,Basic,5,True,1,S-956036,A-d922bf,29-10-2023,31-12-2026,Enterprise,30,5970,71640,False,False,False,False,annual,True,88.0,25701.0,4.0,A-d922bf,7.0,1.4285714285714286,1.0
A-d922bf,Company_221,HealthTech,US,08-09-2023,ads,Basic,5,True,1,S-8b4074,A-d922bf,10-12-2024,31-12-2026,Enterprise,9,1791,21492,False,False,False,False,annual,True,52.0,12028.0,0.0,A-d922bf,7.0,1.4285714285714286,1.0
A-8ed5dd,Company_222,EdTech,UK,29-06-2023,event,Enterprise,5,False,1,S-98ac99,A-8ed5dd,09-11-2023,31-12-2026,Basic,5,95,1140,False,True,False,False,annual,True,67.0,11072.0,1.0,A-8ed5dd,6.0,2.5,0.0
A-8ed5dd,Company_222,EdTech,UK,29-06-2023,event,Enterprise,5,False,1,S-6f398a,A-8ed5dd,13-11-2023,31-12-2026,Pro,5,245,2940,False,False,False,False,annual,True,45.0,13075.0,0.0,A-8ed5dd,6.0,2.5,0.0
A-8ed5dd,Company_222,EdTech,UK,29-06-2023,event,Enterprise,5,False,1,S-cdc347,A-8ed5dd,31-01-2024,31-12-2026,Enterprise,5,995,11940,False,False,False,False,monthly,True,51.0,27302.0,0.0,A-8ed5dd,6.0,2.5,0.0
A-8ed5dd,Company_222,EdTech,UK,29-06-2023,event,Enterprise,5,False,1,S-0e9334,A-8ed5dd,07-09-2024,31-12-2026,Basic,23,437,5244,False,False,False,False,monthly,True,44.0,16557.0,4.0,A-8ed5dd,6.0,2.5,0.0
A-8ed5dd,Company_222,EdTech,UK,29-06-2023,event,Enterprise,5,False,1,S-02d46a,A-8ed5dd,01-11-2024,31-12-2026,Pro,5,245,2940,False,False,False,False,annual,True,65.0,19282.0,4.0,A-8ed5dd,6.0,2.5,0.0
A-8ed5dd,Company_222,EdTech,UK,29-06-2023,event,Enterprise,5,False,1,S-fbee8e,A-8ed5dd,25-04-2024,31-12-2026,Enterprise,5,995,11940,False,True,False,False,annual,True,69.0,21163.0,8.0,A-8ed5dd,6.0,2.5,0.0
A-8ed5dd,Company_222,EdTech,UK,29-06-2023,event,Enterprise,5,False,1,S-444f22,A-8ed5dd,09-12-2023,31-12-2026,Pro,46,2254,27048,False,True,False,False,monthly,True,19.0,7598.0,2.0,A-8ed5dd,6.0,2.5,0.0
A-8ed5dd,Company_222,EdTech,UK,29-06-2023,event,Enterprise,5,False,1,S-810c27,A-8ed5dd,21-08-2024,31-12-2026,Basic,5,95,1140,False,False,False,False,annual,True,14.0,3444.0,1.0,A-8ed5dd,6.0,2.5,0.0
A-8ed5dd,Company_222,EdTech,UK,29-06-2023,event,Enterprise,5,False,1,S-911b0a,A-8ed5dd,08-08-2023,31-12-2026,Pro,5,245,2940,False,False,False,False,annual,True,93.0,34682.0,10.0,A-8ed5dd,6.0,2.5,0.0
A-8ed5dd,Company_222,EdTech,UK,29-06-2023,event,Enterprise,5,False,1,S-9093cf,A-8ed5dd,18-02-2024,31-12-2026,Enterprise,30,5970,71640,False,False,False,False,monthly,True,13.0,3783.0,2.0,A-8ed5dd,6.0,2.5,0.0
A-8ed5dd,Company_222,EdTech,UK,29-06-2023,event,Enterprise,5,False,1,S-97fab7,A-8ed5dd,27-03-2024,08-10-2024,Basic,5,95,1140,False,False,False,True,annual,False,65.0,15259.0,13.0,A-8ed5dd,6.0,2.5,0.0
A-8ed5dd,Company_222,EdTech,UK,29-06-2023,event,Enterprise,5,False,1,S-713c12,A-8ed5dd,27-11-2024,31-12-2026,Basic,15,285,3420,False,False,True,False,monthly,True,0.0,0.0,0.0,A-8ed5dd,6.0,2.5,0.0
A-7c6b6b,Company_223,FinTech,US,30-11-2024,other,Basic,6,False,0,S-b5337b,A-7c6b6b,10-12-2024,31-12-2026,Pro,7,343,4116,False,False,False,False,annual,True,40.0,11003.0,2.0,A-7c6b6b,5.0,2.6,0.0
A-7c6b6b,Company_223,FinTech,US,30-11-2024,other,Basic,6,False,0,S-51dd23,A-7c6b6b,14-12-2024,31-12-2026,Basic,6,114,1368,False,False,False,False,monthly,True,79.0,16019.0,7.0,A-7c6b6b,5.0,2.6,0.0
A-7c6b6b,Company_223,FinTech,US,30-11-2024,other,Basic,6,False,0,S-b81200,A-7c6b6b,21-12-2024,31-12-2026,Pro,6,294,3528,False,False,False,False,monthly,True,25.0,8474.0,0.0,A-7c6b6b,5.0,2.6,0.0
A-7c6b6b,Company_223,FinTech,US,30-11-2024,other,Basic,6,False,0,S-32ab86,A-7c6b6b,28-12-2024,31-12-2026,Pro,23,1127,13524,False,False,False,False,monthly,True,31.0,12208.0,2.0,A-7c6b6b,5.0,2.6,0.0
A-7c6b6b,Company_223,FinTech,US,30-11-2024,other,Basic,6,False,0,S-9e8b22,A-7c6b6b,16-12-2024,23-12-2024,Pro,6,294,3528,False,False,False,True,annual,True,33.0,8012.0,5.0,A-7c6b6b,5.0,2.6,0.0
A-7c6b6b,Company_223,FinTech,US,30-11-2024,other,Basic,6,False,0,S-4ac0bb,A-7c6b6b,25-12-2024,31-12-2026,Pro,28,1372,16464,False,False,False,False,monthly,False,72.0,18978.0,5.0,A-7c6b6b,5.0,2.6,0.0
A-7c6b6b,Company_223,FinTech,US,30-11-2024,other,Basic,6,False,0,S-94c40b,A-7c6b6b,06-12-2024,26-12-2024,Pro,26,1274,15288,False,False,False,True,annual,True,31.0,7777.0,3.0,A-7c6b6b,5.0,2.6,0.0
A-3c1a3f,Company_224,DevTools,UK,26-08-2023,event,Pro,1,False,0,S-8cec59,A-3c1a3f,23-12-2023,12-04-2024,Enterprise,14,2786,33432,False,False,False,True,monthly,True,63.0,26418.0,2.0,A-3c1a3f,4.0,1.75,0.0
A-3c1a3f,Company_224,DevTools,UK,26-08-2023,event,Pro,1,False,0,S-2214c6,A-3c1a3f,07-10-2024,31-12-2026,Pro,82,4018,48216,False,False,False,False,monthly,True,22.0,7581.0,0.0,A-3c1a3f,4.0,1.75,0.0
A-3c1a3f,Company_224,DevTools,UK,26-08-2023,event,Pro,1,False,0,S-a10eb2,A-3c1a3f,31-08-2023,31-12-2026,Basic,45,0,0,True,False,False,False,annual,False,49.0,20474.0,5.0,A-3c1a3f,4.0,1.75,0.0
A-3c1a3f,Company_224,DevTools,UK,26-08-2023,event,Pro,1,False,0,S-e9737c,A-3c1a3f,28-12-2023,31-12-2026,Enterprise,29,5771,69252,False,False,False,False,monthly,True,30.0,7896.0,6.0,A-3c1a3f,4.0,1.75,0.0
A-3c1a3f,Company_224,DevTools,UK,26-08-2023,event,Pro,1,False,0,S-e6b35a,A-3c1a3f,25-03-2024,31-12-2026,Basic,4,76,912,False,False,False,False,monthly,True,52.0,20414.0,0.0,A-3c1a3f,4.0,1.75,0.0
A-3c1a3f,Company_224,DevTools,UK,26-08-2023,event,Pro,1,False,0,S-a99771,A-3c1a3f,18-12-2023,31-12-2026,Basic,25,0,0,True,False,False,False,annual,True,64.0,29396.0,1.0,A-3c1a3f,4.0,1.75,0.0
A-3c1a3f,Company_224,DevTools,UK,26-08-2023,event,Pro,1,False,0,S-511e50,A-3c1a3f,13-10-2024,31-12-2026,Enterprise,1,199,2388,False,False,False,False,annual,True,55.0,16587.0,0.0,A-3c1a3f,4.0,1.75,0.0
A-3c1a3f,Company_224,DevTools,UK,26-08-2023,event,Pro,1,False,0,S-4ad7b1,A-3c1a3f,28-04-2024,31-12-2026,Enterprise,2,398,4776,False,False,True,False,monthly,True,56.0,15659.0,5.0,A-3c1a3f,4.0,1.75,0.0
A-3c1a3f,Company_224,DevTools,UK,26-08-2023,event,Pro,1,False,0,S-715ace,A-3c1a3f,29-12-2023,31-12-2026,Pro,1,0,0,True,False,False,False,annual,True,16.0,2440.0,0.0,A-3c1a3f,4.0,1.75,0.0
A-3c1a3f,Company_224,DevTools,UK,26-08-2023,event,Pro,1,False,0,S-5856ab,A-3c1a3f,06-05-2024,25-11-2024,Pro,19,931,11172,False,False,False,True,annual,True,40.0,15344.0,3.0,A-3c1a3f,4.0,1.75,0.0
A-3c1a3f,Company_224,DevTools,UK,26-08-2023,event,Pro,1,False,0,S-027102,A-3c1a3f,30-09-2024,31-12-2026,Enterprise,3,597,7164,False,False,False,False,annual,True,32.0,2032.0,0.0,A-3c1a3f,4.0,1.75,0.0
A-3c1a3f,Company_224,DevTools,UK,26-08-2023,event,Pro,1,False,0,S-72a3e2,A-3c1a3f,26-10-2024,31-12-2026,Basic,7,133,1596,False,False,False,False,annual,False,18.0,8100.0,0.0,A-3c1a3f,4.0,1.75,0.0
A-b48f73,Company_225,EdTech,AU,13-11-2024,event,Pro,80,True,0,S-86d360,A-b48f73,23-11-2024,31-12-2026,Basic,80,1520,18240,False,False,False,False,monthly,True,60.0,20231.0,4.0,A-b48f73,3.0,2.6666666666666665,0.0
A-b48f73,Company_225,EdTech,AU,13-11-2024,event,Pro,80,True,0,S-81fe83,A-b48f73,15-11-2024,31-12-2026,Basic,80,1520,18240,False,False,False,False,monthly,True,46.0,15977.0,8.0,A-b48f73,3.0,2.6666666666666665,0.0
A-b48f73,Company_225,EdTech,AU,13-11-2024,event,Pro,80,True,0,S-76b43f,A-b48f73,26-12-2024,31-12-2026,Basic,80,1520,18240,False,False,False,False,monthly,True,42.0,11337.0,2.0,A-b48f73,3.0,2.6666666666666665,0.0
A-b48f73,Company_225,EdTech,AU,13-11-2024,event,Pro,80,True,0,S-323f3e,A-b48f73,27-12-2024,31-12-2026,Pro,80,3920,47040,False,False,False,False,annual,False,69.0,14092.0,2.0,A-b48f73,3.0,2.6666666666666665,0.0
A-b48f73,Company_225,EdTech,AU,13-11-2024,event,Pro,80,True,0,S-9e74ba,A-b48f73,06-12-2024,31-12-2026,Enterprise,80,0,0,True,False,False,False,annual,True,68.0,21141.0,0.0,A-b48f73,3.0,2.6666666666666665,0.0
A-b48f73,Company_225,EdTech,AU,13-11-2024,event,Pro,80,True,0,S-856627,A-b48f73,24-11-2024,31-12-2026,Pro,80,3920,47040,False,False,False,False,annual,False,66.0,21262.0,2.0,A-b48f73,3.0,2.6666666666666665,0.0
A-b48f73,Company_225,EdTech,AU,13-11-2024,event,Pro,80,True,0,S-5450af,A-b48f73,13-12-2024,31-12-2026,Enterprise,80,15920,191040,False,False,False,False,annual,False,61.0,14376.0,5.0,A-b48f73,3.0,2.6666666666666665,0.0
A-76fa4d,Company_226,HealthTech,US,24-11-2024,event,Pro,69,False,0,S-2c11c6,A-76fa4d,08-12-2024,28-12-2024,Pro,69,0,0,True,False,False,True,monthly,True,35.0,13850.0,1.0,A-76fa4d,5.0,3.6,0.0
A-76fa4d,Company_226,HealthTech,US,24-11-2024,event,Pro,69,False,0,S-6dff9e,A-76fa4d,27-11-2024,31-12-2026,Enterprise,69,13731,164772,False,False,False,False,monthly,True,27.0,13408.0,0.0,A-76fa4d,5.0,3.6,0.0
A-76fa4d,Company_226,HealthTech,US,24-11-2024,event,Pro,69,False,0,S-b01b1c,A-76fa4d,24-12-2024,31-12-2026,Pro,69,3381,40572,False,False,False,False,monthly,True,54.0,18089.0,3.0,A-76fa4d,5.0,3.6,0.0
A-76fa4d,Company_226,HealthTech,US,24-11-2024,event,Pro,69,False,0,S-2cec4e,A-76fa4d,26-11-2024,31-12-2026,Enterprise,69,13731,164772,False,False,False,False,monthly,True,74.0,21431.0,4.0,A-76fa4d,5.0,3.6,0.0
A-76fa4d,Company_226,HealthTech,US,24-11-2024,event,Pro,69,False,0,S-e6ce29,A-76fa4d,05-12-2024,31-12-2026,Enterprise,69,13731,164772,False,False,False,False,monthly,False,55.0,18697.0,5.0,A-76fa4d,5.0,3.6,0.0
A-76fa4d,Company_226,HealthTech,US,24-11-2024,event,Pro,69,False,0,S-cdc644,A-76fa4d,03-12-2024,31-12-2024,Enterprise,69,13731,164772,False,False,False,True,annual,True,52.0,26827.0,0.0,A-76fa4d,5.0,3.6,0.0
A-76fa4d,Company_226,HealthTech,US,24-11-2024,event,Pro,69,False,0,S-ef2990,A-76fa4d,29-11-2024,31-12-2026,Pro,69,3381,40572,False,False,False,False,annual,True,60.0,13949.0,8.0,A-76fa4d,5.0,3.6,0.0
A-b2af2e,Company_227,Cybersecurity,UK,24-08-2024,event,Enterprise,5,False,0,S-635c1e,A-b2af2e,31-12-2024,31-12-2026,Basic,54,1026,12312,False,False,True,False,annual,False,55.0,23905.0,2.0,A-b2af2e,2.0,4.0,0.0
A-b2af2e,Company_227,Cybersecurity,UK,24-08-2024,event,Enterprise,5,False,0,S-f6bb38,A-b2af2e,26-08-2024,31-12-2026,Basic,11,209,2508,False,False,False,False,monthly,False,17.0,4787.0,2.0,A-b2af2e,2.0,4.0,0.0
A-b2af2e,Company_227,Cybersecurity,UK,24-08-2024,event,Enterprise,5,False,0,S-d1201a,A-b2af2e,27-08-2024,31-12-2026,Pro,18,882,10584,False,False,False,False,monthly,False,71.0,21747.0,3.0,A-b2af2e,2.0,4.0,0.0
A-b2af2e,Company_227,Cybersecurity,UK,24-08-2024,event,Enterprise,5,False,0,S-c20518,A-b2af2e,14-10-2024,31-12-2026,Enterprise,5,995,11940,False,False,False,False,monthly,True,31.0,9775.0,4.0,A-b2af2e,2.0,4.0,0.0
A-9bfc9f,Company_228,DevTools,CA,14-09-2023,ads,Pro,53,False,0,S-6bf7d7,A-9bfc9f,23-03-2024,31-12-2026,Pro,53,2597,31164,False,False,True,False,annual,False,38.0,17349.0,2.0,A-9bfc9f,6.0,1.6666666666666667,1.0
A-9bfc9f,Company_228,DevTools,CA,14-09-2023,ads,Pro,53,False,0,S-627cfa,A-9bfc9f,19-09-2023,04-01-2024,Pro,53,2597,31164,False,False,False,True,monthly,True,30.0,3280.0,1.0,A-9bfc9f,6.0,1.6666666666666667,1.0
A-9bfc9f,Company_228,DevTools,CA,14-09-2023,ads,Pro,53,False,0,S-6e0562,A-9bfc9f,15-03-2024,31-12-2026,Pro,53,2597,31164,False,False,False,False,annual,True,30.0,6348.0,3.0,A-9bfc9f,6.0,1.6666666666666667,1.0
A-9bfc9f,Company_228,DevTools,CA,14-09-2023,ads,Pro,53,False,0,S-95cc5a,A-9bfc9f,14-03-2024,31-12-2026,Basic,53,1007,12084,False,True,False,False,annual,True,39.0,14084.0,0.0,A-9bfc9f,6.0,1.6666666666666667,1.0
A-9bfc9f,Company_228,DevTools,CA,14-09-2023,ads,Pro,53,False,0,S-7f94c2,A-9bfc9f,16-10-2023,31-12-2026,Pro,53,0,0,True,False,False,False,monthly,True,23.0,8700.0,2.0,A-9bfc9f,6.0,1.6666666666666667,1.0
A-9bfc9f,Company_228,DevTools,CA,14-09-2023,ads,Pro,53,False,0,S-2c8143,A-9bfc9f,25-04-2024,31-12-2026,Pro,53,0,0,True,False,False,False,monthly,True,27.0,9739.0,4.0,A-9bfc9f,6.0,1.6666666666666667,1.0
A-9bfc9f,Company_228,DevTools,CA,14-09-2023,ads,Pro,53,False,0,S-5ede24,A-9bfc9f,30-07-2024,31-12-2026,Pro,60,2940,35280,False,False,False,False,monthly,True,72.0,22431.0,2.0,A-9bfc9f,6.0,1.6666666666666667,1.0
A-9bfc9f,Company_228,DevTools,CA,14-09-2023,ads,Pro,53,False,0,S-84c44b,A-9bfc9f,01-01-2024,31-12-2026,Basic,53,1007,12084,False,True,False,False,monthly,True,66.0,14421.0,4.0,A-9bfc9f,6.0,1.6666666666666667,1.0
A-9bfc9f,Company_228,DevTools,CA,14-09-2023,ads,Pro,53,False,0,S-11034a,A-9bfc9f,11-07-2024,31-12-2026,Pro,53,2597,31164,False,True,True,False,annual,True,51.0,13510.0,0.0,A-9bfc9f,6.0,1.6666666666666667,1.0
A-4ae22a,Company_229,EdTech,US,09-05-2024,other,Pro,6,False,1,S-70b1cf,A-4ae22a,24-09-2024,31-12-2026,Basic,28,532,6384,False,False,False,False,monthly,True,33.0,15680.0,0.0,A-4ae22a,3.0,1.0,0.0
A-4ae22a,Company_229,EdTech,US,09-05-2024,other,Pro,6,False,1,S-79af01,A-4ae22a,24-07-2024,31-12-2026,Enterprise,6,1194,14328,False,False,False,False,monthly,True,88.0,39488.0,4.0,A-4ae22a,3.0,1.0,0.0
A-4ae22a,Company_229,EdTech,US,09-05-2024,other,Pro,6,False,1,S-c86cb0,A-4ae22a,17-10-2024,31-12-2026,Enterprise,6,1194,14328,False,False,False,False,monthly,True,90.0,25505.0,8.0,A-4ae22a,3.0,1.0,0.0
A-4ae22a,Company_229,EdTech,US,09-05-2024,other,Pro,6,False,1,S-2c80ba,A-4ae22a,26-11-2024,31-12-2026,Basic,6,114,1368,False,False,False,False,annual,True,26.0,11130.0,1.0,A-4ae22a,3.0,1.0,0.0
A-4ae22a,Company_229,EdTech,US,09-05-2024,other,Pro,6,False,1,S-68dca1,A-4ae22a,23-12-2024,31-12-2026,Basic,28,532,6384,False,False,False,False,annual,True,38.0,15196.0,4.0,A-4ae22a,3.0,1.0,0.0
A-4ae22a,Company_229,EdTech,US,09-05-2024,other,Pro,6,False,1,S-0d8cfd,A-4ae22a,20-08-2024,31-12-2026,Pro,6,294,3528,False,False,False,False,annual,True,64.0,26207.0,9.0,A-4ae22a,3.0,1.0,0.0
A-4ae22a,Company_229,EdTech,US,09-05-2024,other,Pro,6,False,1,S-a87c2f,A-4ae22a,28-05-2024,14-10-2024,Enterprise,28,5572,66864,False,False,False,True,annual,False,30.0,9181.0,5.0,A-4ae22a,3.0,1.0,0.0
A-fda07f,Company_230,Cybersecurity,FR,11-08-2024,partner,Basic,7,False,0,S-ca0c98,A-fda07f,28-11-2024,31-12-2026,Pro,7,343,4116,False,False,False,False,monthly,True,53.0,10193.0,0.0,A-fda07f,5.0,2.4,0.0
A-fda07f,Company_230,Cybersecurity,FR,11-08-2024,partner,Basic,7,False,0,S-2d04a6,A-fda07f,04-10-2024,31-12-2026,Basic,8,152,1824,False,True,False,False,monthly,True,44.0,19286.0,3.0,A-fda07f,5.0,2.4,0.0
A-fda07f,Company_230,Cybersecurity,FR,11-08-2024,partner,Basic,7,False,0,S-a82473,A-fda07f,12-09-2024,31-12-2026,Enterprise,16,3184,38208,False,False,False,False,annual,True,22.0,5504.0,1.0,A-fda07f,5.0,2.4,0.0
A-fda07f,Company_230,Cybersecurity,FR,11-08-2024,partner,Basic,7,False,0,S-326577,A-fda07f,22-09-2024,31-12-2026,Basic,7,133,1596,False,False,False,False,annual,True,33.0,10770.0,4.0,A-fda07f,5.0,2.4,0.0
A-fda07f,Company_230,Cybersecurity,FR,11-08-2024,partner,Basic,7,False,0,S-2c617b,A-fda07f,28-10-2024,31-12-2026,Pro,51,0,0,True,False,False,False,annual,True,39.0,7974.0,4.0,A-fda07f,5.0,2.4,0.0
A-fda07f,Company_230,Cybersecurity,FR,11-08-2024,partner,Basic,7,False,0,S-a8ae52,A-fda07f,10-10-2024,31-12-2026,Enterprise,26,0,0,True,False,True,False,annual,False,48.0,22643.0,0.0,A-fda07f,5.0,2.4,0.0
A-fda07f,Company_230,Cybersecurity,FR,11-08-2024,partner,Basic,7,False,0,S-5272ff,A-fda07f,10-11-2024,31-12-2026,Enterprise,69,13731,164772,False,False,False,False,annual,True,64.0,25145.0,6.0,A-fda07f,5.0,2.4,0.0
A-fda07f,Company_230,Cybersecurity,FR,11-08-2024,partner,Basic,7,False,0,S-1630dd,A-fda07f,14-09-2024,31-12-2026,Pro,34,1666,19992,False,False,False,False,annual,True,29.0,9078.0,2.0,A-fda07f,5.0,2.4,0.0
A-fda07f,Company_230,Cybersecurity,FR,11-08-2024,partner,Basic,7,False,0,S-699110,A-fda07f,01-10-2024,31-12-2026,Enterprise,27,5373,64476,False,True,False,False,annual,False,42.0,20487.0,1.0,A-fda07f,5.0,2.4,0.0
A-fda07f,Company_230,Cybersecurity,FR,11-08-2024,partner,Basic,7,False,0,S-fe77d4,A-fda07f,01-12-2024,31-12-2026,Pro,16,784,9408,False,True,False,False,monthly,True,101.0,35373.0,6.0,A-fda07f,5.0,2.4,0.0
A-fda07f,Company_230,Cybersecurity,FR,11-08-2024,partner,Basic,7,False,0,S-7077ab,A-fda07f,30-12-2024,31-12-2026,Basic,14,266,3192,False,False,False,False,monthly,True,122.0,35673.0,6.0,A-fda07f,5.0,2.4,0.0
A-fda07f,Company_230,Cybersecurity,FR,11-08-2024,partner,Basic,7,False,0,S-e09e04,A-fda07f,24-08-2024,31-12-2026,Enterprise,14,2786,33432,False,True,False,False,annual,True,84.0,29250.0,6.0,A-fda07f,5.0,2.4,0.0
A-de24d5,Company_231,DevTools,US,05-11-2024,other,Enterprise,5,True,0,S-6c9dc9,A-de24d5,26-12-2024,31-12-2026,Basic,10,190,2280,False,False,False,False,monthly,True,25.0,1396.0,1.0,A-de24d5,7.0,0.8571428571428571,0.0
A-de24d5,Company_231,DevTools,US,05-11-2024,other,Enterprise,5,True,0,S-c98905,A-de24d5,28-12-2024,31-12-2026,Pro,5,245,2940,False,False,False,False,monthly,False,25.0,6242.0,2.0,A-de24d5,7.0,0.8571428571428571,0.0
A-de24d5,Company_231,DevTools,US,05-11-2024,other,Enterprise,5,True,0,S-8cb02e,A-de24d5,09-12-2024,21-12-2024,Pro,77,3773,45276,False,False,False,True,annual,True,52.0,12571.0,0.0,A-de24d5,7.0,0.8571428571428571,0.0
A-de24d5,Company_231,DevTools,US,05-11-2024,other,Enterprise,5,True,0,S-f586ed,A-de24d5,06-12-2024,31-12-2026,Basic,17,323,3876,False,False,False,False,monthly,True,24.0,1824.0,0.0,A-de24d5,7.0,0.8571428571428571,0.0
A-de24d5,Company_231,DevTools,US,05-11-2024,other,Enterprise,5,True,0,S-972512,A-de24d5,14-12-2024,31-12-2026,Pro,54,0,0,True,False,False,False,monthly,True,86.0,22553.0,7.0,A-de24d5,7.0,0.8571428571428571,0.0
A-de24d5,Company_231,DevTools,US,05-11-2024,other,Enterprise,5,True,0,S-adf00a,A-de24d5,15-11-2024,31-12-2026,Enterprise,17,3383,40596,False,False,False,False,annual,True,33.0,8682.0,3.0,A-de24d5,7.0,0.8571428571428571,0.0
A-de24d5,Company_231,DevTools,US,05-11-2024,other,Enterprise,5,True,0,S-9a1e04,A-de24d5,06-12-2024,31-12-2026,Enterprise,5,995,11940,False,False,False,False,annual,True,29.0,9356.0,6.0,A-de24d5,7.0,0.8571428571428571,0.0
A-de24d5,Company_231,DevTools,US,05-11-2024,other,Enterprise,5,True,0,S-0b46b0,A-de24d5,19-11-2024,31-12-2026,Enterprise,7,1393,16716,False,False,False,False,monthly,True,53.0,13209.0,2.0,A-de24d5,7.0,0.8571428571428571,0.0
A-de24d5,Company_231,DevTools,US,05-11-2024,other,Enterprise,5,True,0,S-482962,A-de24d5,06-11-2024,31-12-2026,Pro,20,980,11760,False,False,False,False,annual,True,59.0,19349.0,2.0,A-de24d5,7.0,0.8571428571428571,0.0
A-de24d5,Company_231,DevTools,US,05-11-2024,other,Enterprise,5,True,0,S-01bbff,A-de24d5,17-11-2024,31-12-2026,Basic,5,95,1140,False,False,False,False,annual,True,29.0,6873.0,0.0,A-de24d5,7.0,0.8571428571428571,0.0
A-de24d5,Company_231,DevTools,US,05-11-2024,other,Enterprise,5,True,0,S-3663bb,A-de24d5,19-12-2024,31-12-2026,Enterprise,5,0,0,True,False,False,False,monthly,True,9.0,1098.0,1.0,A-de24d5,7.0,0.8571428571428571,0.0
A-de24d5,Company_231,DevTools,US,05-11-2024,other,Enterprise,5,True,0,S-e43d0d,A-de24d5,18-11-2024,31-12-2026,Enterprise,37,7363,88356,False,False,False,False,annual,True,61.0,19912.0,2.0,A-de24d5,7.0,0.8571428571428571,0.0
A-de24d5,Company_231,DevTools,US,05-11-2024,other,Enterprise,5,True,0,S-25270a,A-de24d5,15-12-2024,31-12-2026,Enterprise,13,2587,31044,False,False,False,False,annual,True,52.0,17201.0,2.0,A-de24d5,7.0,0.8571428571428571,0.0
A-977ca0,Company_232,HealthTech,IN,20-02-2023,partner,Basic,6,False,1,S-016b5f,A-977ca0,08-04-2024,31-12-2026,Enterprise,6,0,0,True,False,False,False,monthly,True,46.0,12798.0,6.0,A-977ca0,3.0,1.3333333333333333,0.0
A-977ca0,Company_232,HealthTech,IN,20-02-2023,partner,Basic,6,False,1,S-ea5984,A-977ca0,20-02-2023,31-12-2026,Enterprise,6,1194,14328,False,False,False,False,annual,True,42.0,10326.0,3.0,A-977ca0,3.0,1.3333333333333333,0.0
A-977ca0,Company_232,HealthTech,IN,20-02-2023,partner,Basic,6,False,1,S-dad08c,A-977ca0,14-04-2024,31-12-2026,Pro,20,0,0,True,False,False,False,monthly,True,74.0,20598.0,4.0,A-977ca0,3.0,1.3333333333333333,0.0
A-977ca0,Company_232,HealthTech,IN,20-02-2023,partner,Basic,6,False,1,S-4d8a27,A-977ca0,03-07-2024,31-12-2026,Basic,20,380,4560,False,True,False,False,monthly,True,69.0,15053.0,6.0,A-977ca0,3.0,1.3333333333333333,0.0
A-977ca0,Company_232,HealthTech,IN,20-02-2023,partner,Basic,6,False,1,S-b608f5,A-977ca0,25-07-2024,31-12-2026,Pro,31,1519,18228,False,False,False,False,annual,True,50.0,15877.0,2.0,A-977ca0,3.0,1.3333333333333333,0.0
A-977ca0,Company_232,HealthTech,IN,20-02-2023,partner,Basic,6,False,1,S-627697,A-977ca0,20-03-2023,31-12-2026,Basic,26,494,5928,False,False,False,False,monthly,True,61.0,18150.0,2.0,A-977ca0,3.0,1.3333333333333333,0.0
A-977ca0,Company_232,HealthTech,IN,20-02-2023,partner,Basic,6,False,1,S-dfbd79,A-977ca0,24-11-2024,24-11-2024,Pro,14,686,8232,False,False,False,True,annual,True,43.0,9226.0,4.0,A-977ca0,3.0,1.3333333333333333,0.0
A-977ca0,Company_232,HealthTech,IN,20-02-2023,partner,Basic,6,False,1,S-9fa738,A-977ca0,02-02-2024,31-12-2026,Basic,10,0,0,True,False,False,False,monthly,False,48.0,6207.0,2.0,A-977ca0,3.0,1.3333333333333333,0.0
A-977ca0,Company_232,HealthTech,IN,20-02-2023,partner,Basic,6,False,1,S-ee3fa2,A-977ca0,19-03-2024,31-12-2026,Pro,6,294,3528,False,False,False,False,annual,True,31.0,8285.0,2.0,A-977ca0,3.0,1.3333333333333333,0.0
A-977ca0,Company_232,HealthTech,IN,20-02-2023,partner,Basic,6,False,1,S-30e0c1,A-977ca0,02-08-2024,31-12-2026,Pro,35,1715,20580,False,False,False,False,monthly,True,32.0,14984.0,3.0,A-977ca0,3.0,1.3333333333333333,0.0
A-977ca0,Company_232,HealthTech,IN,20-02-2023,partner,Basic,6,False,1,S-e31e0c,A-977ca0,04-04-2023,31-12-2026,Pro,92,4508,54096,False,False,False,False,monthly,True,74.0,18068.0,6.0,A-977ca0,3.0,1.3333333333333333,0.0
A-977ca0,Company_232,HealthTech,IN,20-02-2023,partner,Basic,6,False,1,S-5d0af1,A-977ca0,19-04-2023,31-12-2026,Pro,17,833,9996,False,False,False,False,monthly,False,87.0,31080.0,1.0,A-977ca0,3.0,1.3333333333333333,0.0
A-977ca0,Company_232,HealthTech,IN,20-02-2023,partner,Basic,6,False,1,S-6c1ca5,A-977ca0,07-01-2024,06-06-2024,Basic,6,114,1368,False,False,False,True,monthly,True,24.0,5868.0,0.0,A-977ca0,3.0,1.3333333333333333,0.0
A-977ca0,Company_232,HealthTech,IN,20-02-2023,partner,Basic,6,False,1,S-e746d2,A-977ca0,18-08-2023,31-12-2026,Enterprise,91,18109,217308,False,False,False,False,monthly,True,48.0,11794.0,0.0,A-977ca0,3.0,1.3333333333333333,0.0
A-977ca0,Company_232,HealthTech,IN,20-02-2023,partner,Basic,6,False,1,S-1f9da0,A-977ca0,15-10-2023,31-12-2026,Basic,11,209,2508,False,False,False,False,monthly,False,85.0,20079.0,5.0,A-977ca0,3.0,1.3333333333333333,0.0
A-977ca0,Company_232,HealthTech,IN,20-02-2023,partner,Basic,6,False,1,S-f29976,A-977ca0,10-06-2023,31-12-2026,Pro,6,0,0,True,False,False,False,annual,True,79.0,24467.0,0.0,A-977ca0,3.0,1.3333333333333333,0.0
A-ab438f,Company_233,Cybersecurity,US,13-09-2024,ads,Enterprise,13,False,1,S-f965de,A-ab438f,20-10-2024,18-12-2024,Pro,64,0,0,True,True,False,True,monthly,True,21.0,8805.0,0.0,A-ab438f,2.0,3.5,0.0
A-ab438f,Company_233,Cybersecurity,US,13-09-2024,ads,Enterprise,13,False,1,S-2f8d64,A-ab438f,28-11-2024,31-12-2026,Enterprise,13,2587,31044,False,False,False,False,annual,False,39.0,9271.0,0.0,A-ab438f,2.0,3.5,0.0
A-ab438f,Company_233,Cybersecurity,US,13-09-2024,ads,Enterprise,13,False,1,S-1d5f4e,A-ab438f,11-12-2024,15-12-2024,Pro,13,637,7644,False,False,False,True,monthly,False,67.0,20109.0,1.0,A-ab438f,2.0,3.5,0.0
A-ab438f,Company_233,Cybersecurity,US,13-09-2024,ads,Enterprise,13,False,1,S-708ac6,A-ab438f,23-10-2024,31-12-2026,Enterprise,30,5970,71640,False,False,False,False,monthly,True,32.0,7372.0,2.0,A-ab438f,2.0,3.5,0.0
A-ab438f,Company_233,Cybersecurity,US,13-09-2024,ads,Enterprise,13,False,1,S-eb9911,A-ab438f,18-10-2024,31-12-2026,Basic,28,0,0,True,False,False,False,annual,True,43.0,12342.0,1.0,A-ab438f,2.0,3.5,0.0
A-ab438f,Company_233,Cybersecurity,US,13-09-2024,ads,Enterprise,13,False,1,S-91709b,A-ab438f,26-11-2024,31-12-2024,Enterprise,23,4577,54924,False,False,False,True,annual,True,50.0,20874.0,2.0,A-ab438f,2.0,3.5,0.0
A-ab438f,Company_233,Cybersecurity,US,13-09-2024,ads,Enterprise,13,False,1,S-f0e458,A-ab438f,27-12-2024,31-12-2026,Pro,77,0,0,True,False,False,False,monthly,True,37.0,11520.0,4.0,A-ab438f,2.0,3.5,0.0
A-ab438f,Company_233,Cybersecurity,US,13-09-2024,ads,Enterprise,13,False,1,S-004eb4,A-ab438f,05-12-2024,31-12-2026,Enterprise,13,2587,31044,False,False,False,False,annual,True,80.0,21159.0,2.0,A-ab438f,2.0,3.5,0.0
A-e89151,Company_234,FinTech,UK,14-09-2023,organic,Pro,8,True,1,S-ffe125,A-e89151,15-04-2024,07-10-2024,Basic,20,380,4560,False,False,False,True,monthly,False,78.0,26363.0,0.0,A-e89151,2.0,2.5,0.0
A-e89151,Company_234,FinTech,UK,14-09-2023,organic,Pro,8,True,1,S-cbe349,A-e89151,16-02-2024,23-04-2024,Enterprise,8,1592,19104,False,True,False,True,annual,False,47.0,16309.0,0.0,A-e89151,2.0,2.5,0.0
A-e89151,Company_234,FinTech,UK,14-09-2023,organic,Pro,8,True,1,S-55aafd,A-e89151,23-05-2024,31-12-2026,Basic,8,152,1824,False,True,False,False,monthly,True,75.0,28326.0,2.0,A-e89151,2.0,2.5,0.0
A-e89151,Company_234,FinTech,UK,14-09-2023,organic,Pro,8,True,1,S-a7ce33,A-e89151,28-03-2024,31-12-2026,Enterprise,23,4577,54924,False,True,False,False,monthly,True,8.0,3408.0,0.0,A-e89151,2.0,2.5,0.0
A-e89151,Company_234,FinTech,UK,14-09-2023,organic,Pro,8,True,1,S-5cb87c,A-e89151,20-04-2024,31-12-2026,Pro,24,1176,14112,False,False,False,False,monthly,True,72.0,16219.0,11.0,A-e89151,2.0,2.5,0.0
A-e89151,Company_234,FinTech,UK,14-09-2023,organic,Pro,8,True,1,S-a84e7f,A-e89151,14-11-2023,31-12-2026,Enterprise,8,1592,19104,False,False,False,False,annual,True,51.0,13062.0,0.0,A-e89151,2.0,2.5,0.0
A-e89151,Company_234,FinTech,UK,14-09-2023,organic,Pro,8,True,1,S-a68b52,A-e89151,17-12-2024,31-12-2026,Enterprise,44,8756,105072,False,False,False,False,annual,True,61.0,18530.0,5.0,A-e89151,2.0,2.5,0.0
A-e89151,Company_234,FinTech,UK,14-09-2023,organic,Pro,8,True,1,S-374511,A-e89151,01-04-2024,31-12-2026,Enterprise,10,1990,23880,False,False,False,False,monthly,True,77.0,21156.0,9.0,A-e89151,2.0,2.5,0.0
A-e89151,Company_234,FinTech,UK,14-09-2023,organic,Pro,8,True,1,S-7e8699,A-e89151,14-11-2024,31-12-2026,Pro,31,1519,18228,False,False,False,False,monthly,True,132.0,45413.0,2.0,A-e89151,2.0,2.5,0.0
A-40906c,Company_235,EdTech,US,27-03-2024,ads,Basic,92,False,0,S-ddad91,A-40906c,21-06-2024,31-12-2026,Enterprise,92,0,0,True,False,False,False,annual,False,89.0,26898.0,0.0,A-40906c,5.0,3.0,0.0
A-40906c,Company_235,EdTech,US,27-03-2024,ads,Basic,92,False,0,S-79c82e,A-40906c,11-09-2024,31-12-2026,Basic,92,1748,20976,False,False,False,False,monthly,True,88.0,21024.0,2.0,A-40906c,5.0,3.0,0.0
A-40906c,Company_235,EdTech,US,27-03-2024,ads,Basic,92,False,0,S-07a006,A-40906c,18-11-2024,31-12-2026,Enterprise,92,18308,219696,False,False,False,False,monthly,True,30.0,10908.0,7.0,A-40906c,5.0,3.0,0.0
A-40906c,Company_235,EdTech,US,27-03-2024,ads,Basic,92,False,0,S-37a280,A-40906c,28-05-2024,31-12-2026,Basic,92,0,0,True,False,False,False,monthly,True,35.0,10827.0,3.0,A-40906c,5.0,3.0,0.0
A-40906c,Company_235,EdTech,US,27-03-2024,ads,Basic,92,False,0,S-6956dc,A-40906c,06-06-2024,31-12-2026,Pro,92,4508,54096,False,False,False,False,annual,True,70.0,25369.0,2.0,A-40906c,5.0,3.0,0.0
A-40906c,Company_235,EdTech,US,27-03-2024,ads,Basic,92,False,0,S-c18476,A-40906c,28-09-2024,31-12-2026,Pro,92,4508,54096,False,False,False,False,monthly,True,92.0,24512.0,2.0,A-40906c,5.0,3.0,0.0
A-40906c,Company_235,EdTech,US,27-03-2024,ads,Basic,92,False,0,S-aaf30f,A-40906c,06-11-2024,31-12-2026,Pro,92,4508,54096,False,False,False,False,annual,True,58.0,23603.0,1.0,A-40906c,5.0,3.0,0.0
A-40906c,Company_235,EdTech,US,27-03-2024,ads,Basic,92,False,0,S-dbe1b3,A-40906c,13-11-2024,31-12-2026,Pro,92,4508,54096,False,False,False,False,annual,True,32.0,13682.0,3.0,A-40906c,5.0,3.0,0.0
A-40906c,Company_235,EdTech,US,27-03-2024,ads,Basic,92,False,0,S-a0c741,A-40906c,19-06-2024,31-12-2026,Basic,92,1748,20976,False,False,False,False,monthly,False,37.0,3321.0,4.0,A-40906c,5.0,3.0,0.0
A-40906c,Company_235,EdTech,US,27-03-2024,ads,Basic,92,False,0,S-8b00ff,A-40906c,19-06-2024,31-12-2026,Enterprise,92,18308,219696,False,False,False,False,annual,True,57.0,18929.0,0.0,A-40906c,5.0,3.0,0.0
A-40906c,Company_235,EdTech,US,27-03-2024,ads,Basic,92,False,0,S-11939f,A-40906c,14-10-2024,31-12-2026,Basic,92,1748,20976,False,False,False,False,monthly,True,44.0,15324.0,3.0,A-40906c,5.0,3.0,0.0
A-40906c,Company_235,EdTech,US,27-03-2024,ads,Basic,92,False,0,S-77c880,A-40906c,01-12-2024,31-12-2026,Pro,92,4508,54096,False,False,False,False,annual,True,53.0,15846.0,5.0,A-40906c,5.0,3.0,0.0
A-81edc3,Company_236,Cybersecurity,IN,30-10-2023,ads,Basic,5,False,0,S-d4c0a0,A-81edc3,25-01-2024,31-12-2026,Pro,18,882,10584,False,False,False,False,annual,True,23.0,4298.0,2.0,A-81edc3,3.0,2.6666666666666665,0.0
A-81edc3,Company_236,Cybersecurity,IN,30-10-2023,ads,Basic,5,False,0,S-a6e444,A-81edc3,28-11-2024,31-12-2026,Enterprise,5,995,11940,False,False,False,False,monthly,False,113.0,35309.0,5.0,A-81edc3,3.0,2.6666666666666665,0.0
A-81edc3,Company_236,Cybersecurity,IN,30-10-2023,ads,Basic,5,False,0,S-3fa87d,A-81edc3,13-11-2023,31-12-2026,Enterprise,5,995,11940,False,False,False,False,monthly,True,68.0,26626.0,1.0,A-81edc3,3.0,2.6666666666666665,0.0
A-81edc3,Company_236,Cybersecurity,IN,30-10-2023,ads,Basic,5,False,0,S-a3300f,A-81edc3,16-12-2024,31-12-2026,Enterprise,5,995,11940,False,False,False,False,annual,True,109.0,35235.0,1.0,A-81edc3,3.0,2.6666666666666665,0.0
A-81edc3,Company_236,Cybersecurity,IN,30-10-2023,ads,Basic,5,False,0,S-5f2554,A-81edc3,07-11-2023,31-12-2026,Pro,12,588,7056,False,False,False,False,monthly,False,48.0,14575.0,2.0,A-81edc3,3.0,2.6666666666666665,0.0
A-81edc3,Company_236,Cybersecurity,IN,30-10-2023,ads,Basic,5,False,0,S-c1eb68,A-81edc3,02-11-2024,31-12-2026,Basic,32,608,7296,False,True,False,False,monthly,False,71.0,30298.0,1.0,A-81edc3,3.0,2.6666666666666665,0.0
A-81edc3,Company_236,Cybersecurity,IN,30-10-2023,ads,Basic,5,False,0,S-3d0aa6,A-81edc3,09-02-2024,31-12-2026,Enterprise,7,0,0,True,False,False,False,monthly,True,39.0,12746.0,5.0,A-81edc3,3.0,2.6666666666666665,0.0
A-81edc3,Company_236,Cybersecurity,IN,30-10-2023,ads,Basic,5,False,0,S-9e5075,A-81edc3,02-09-2024,31-12-2026,Enterprise,44,8756,105072,False,False,False,False,annual,True,61.0,15007.0,3.0,A-81edc3,3.0,2.6666666666666665,0.0
A-81edc3,Company_236,Cybersecurity,IN,30-10-2023,ads,Basic,5,False,0,S-44e3ac,A-81edc3,14-01-2024,31-12-2026,Enterprise,5,995,11940,False,False,False,False,monthly,True,44.0,9721.0,6.0,A-81edc3,3.0,2.6666666666666665,0.0
A-81edc3,Company_236,Cybersecurity,IN,30-10-2023,ads,Basic,5,False,0,S-07976e,A-81edc3,12-07-2024,31-12-2026,Pro,5,245,2940,False,False,False,False,monthly,True,38.0,16248.0,0.0,A-81edc3,3.0,2.6666666666666665,0.0
A-81edc3,Company_236,Cybersecurity,IN,30-10-2023,ads,Basic,5,False,0,S-d3bd2f,A-81edc3,08-06-2024,31-12-2026,Basic,24,456,5472,False,False,False,False,monthly,True,61.0,16300.0,0.0,A-81edc3,3.0,2.6666666666666665,0.0
A-81edc3,Company_236,Cybersecurity,IN,30-10-2023,ads,Basic,5,False,0,S-cc771c,A-81edc3,08-06-2024,31-12-2026,Pro,41,2009,24108,False,True,False,False,monthly,False,90.0,28717.0,15.0,A-81edc3,3.0,2.6666666666666665,0.0
A-328bd0,Company_237,HealthTech,AU,16-05-2023,partner,Enterprise,18,False,0,S-24ae40,A-328bd0,11-02-2024,28-03-2024,Basic,18,342,4104,False,False,False,True,monthly,True,53.0,11358.0,4.0,A-328bd0,5.0,2.2,0.0
A-328bd0,Company_237,HealthTech,AU,16-05-2023,partner,Enterprise,18,False,0,S-ec690c,A-328bd0,11-10-2023,31-12-2026,Basic,18,342,4104,False,False,False,False,annual,True,64.0,14945.0,8.0,A-328bd0,5.0,2.2,0.0
A-328bd0,Company_237,HealthTech,AU,16-05-2023,partner,Enterprise,18,False,0,S-31090f,A-328bd0,20-08-2024,31-12-2026,Basic,18,342,4104,False,False,False,False,monthly,False,13.0,2137.0,3.0,A-328bd0,5.0,2.2,0.0
A-328bd0,Company_237,HealthTech,AU,16-05-2023,partner,Enterprise,18,False,0,S-8faa60,A-328bd0,15-12-2023,11-01-2024,Pro,39,1911,22932,False,False,False,True,monthly,True,44.0,19698.0,1.0,A-328bd0,5.0,2.2,0.0
A-328bd0,Company_237,HealthTech,AU,16-05-2023,partner,Enterprise,18,False,0,S-67c1d8,A-328bd0,18-12-2024,31-12-2026,Pro,18,882,10584,False,False,True,False,annual,True,49.0,10824.0,6.0,A-328bd0,5.0,2.2,0.0
A-328bd0,Company_237,HealthTech,AU,16-05-2023,partner,Enterprise,18,False,0,S-22778a,A-328bd0,28-02-2024,31-12-2026,Basic,18,342,4104,False,False,False,False,monthly,False,50.0,19213.0,4.0,A-328bd0,5.0,2.2,0.0
A-328bd0,Company_237,HealthTech,AU,16-05-2023,partner,Enterprise,18,False,0,S-0a59be,A-328bd0,24-08-2023,31-12-2026,Enterprise,18,3582,42984,False,False,False,False,monthly,True,49.0,13427.0,4.0,A-328bd0,5.0,2.2,0.0
A-328bd0,Company_237,HealthTech,AU,16-05-2023,partner,Enterprise,18,False,0,S-1f94ad,A-328bd0,14-07-2024,31-12-2026,Enterprise,18,3582,42984,False,False,False,False,annual,False,31.0,12907.0,1.0,A-328bd0,5.0,2.2,0.0
A-328bd0,Company_237,HealthTech,AU,16-05-2023,partner,Enterprise,18,False,0,S-26593b,A-328bd0,22-05-2024,31-12-2026,Pro,37,1813,21756,False,True,False,False,annual,True,77.0,24111.0,7.0,A-328bd0,5.0,2.2,0.0
A-328bd0,Company_237,HealthTech,AU,16-05-2023,partner,Enterprise,18,False,0,S-5aa854,A-328bd0,29-04-2024,31-12-2026,Pro,18,882,10584,False,False,False,False,annual,True,42.0,4273.0,2.0,A-328bd0,5.0,2.2,0.0
A-328bd0,Company_237,HealthTech,AU,16-05-2023,partner,Enterprise,18,False,0,S-5a94f7,A-328bd0,26-09-2023,31-12-2026,Pro,33,1617,19404,False,False,False,False,monthly,True,17.0,2095.0,4.0,A-328bd0,5.0,2.2,0.0
A-328bd0,Company_237,HealthTech,AU,16-05-2023,partner,Enterprise,18,False,0,S-2e7b85,A-328bd0,19-10-2023,31-12-2026,Basic,18,342,4104,False,False,False,False,annual,True,26.0,12494.0,3.0,A-328bd0,5.0,2.2,0.0
A-328bd0,Company_237,HealthTech,AU,16-05-2023,partner,Enterprise,18,False,0,S-929a7c,A-328bd0,10-08-2023,31-12-2026,Basic,28,0,0,True,False,False,False,monthly,True,53.0,14728.0,2.0,A-328bd0,5.0,2.2,0.0
A-b3fe05,Company_238,Cybersecurity,CA,28-05-2024,partner,Pro,8,False,0,S-275d57,A-b3fe05,11-11-2024,31-12-2026,Basic,15,285,3420,False,False,False,False,monthly,True,66.0,21950.0,4.0,A-b3fe05,4.0,1.5,0.0
A-b3fe05,Company_238,Cybersecurity,CA,28-05-2024,partner,Pro,8,False,0,S-8e5df4,A-b3fe05,04-11-2024,31-12-2026,Basic,15,285,3420,False,False,False,False,monthly,True,16.0,5376.0,0.0,A-b3fe05,4.0,1.5,0.0
A-b3fe05,Company_238,Cybersecurity,CA,28-05-2024,partner,Pro,8,False,0,S-0adca9,A-b3fe05,07-10-2024,31-12-2026,Basic,55,1045,12540,False,False,False,False,monthly,True,80.0,30473.0,1.0,A-b3fe05,4.0,1.5,0.0
A-b3fe05,Company_238,Cybersecurity,CA,28-05-2024,partner,Pro,8,False,0,S-369495,A-b3fe05,20-10-2024,18-11-2024,Pro,8,392,4704,False,False,False,True,monthly,True,42.0,18957.0,3.0,A-b3fe05,4.0,1.5,0.0
A-b3fe05,Company_238,Cybersecurity,CA,28-05-2024,partner,Pro,8,False,0,S-877508,A-b3fe05,06-06-2024,31-12-2026,Pro,11,0,0,True,False,False,False,annual,True,66.0,18086.0,4.0,A-b3fe05,4.0,1.5,0.0
A-b3fe05,Company_238,Cybersecurity,CA,28-05-2024,partner,Pro,8,False,0,S-cfcb11,A-b3fe05,20-12-2024,31-12-2026,Basic,19,0,0,True,False,False,False,annual,False,32.0,6247.0,1.0,A-b3fe05,4.0,1.5,0.0
A-b3fe05,Company_238,Cybersecurity,CA,28-05-2024,partner,Pro,8,False,0,S-3803ff,A-b3fe05,04-08-2024,31-12-2026,Enterprise,50,9950,119400,False,False,False,False,monthly,True,44.0,15142.0,0.0,A-b3fe05,4.0,1.5,0.0
A-b3fe05,Company_238,Cybersecurity,CA,28-05-2024,partner,Pro,8,False,0,S-e0075b,A-b3fe05,03-09-2024,31-12-2026,Enterprise,17,3383,40596,False,False,False,False,annual,True,70.0,20605.0,5.0,A-b3fe05,4.0,1.5,0.0
A-b3fe05,Company_238,Cybersecurity,CA,28-05-2024,partner,Pro,8,False,0,S-9f7ef0,A-b3fe05,31-10-2024,31-12-2026,Enterprise,46,9154,109848,False,False,False,False,monthly,True,22.0,5126.0,0.0,A-b3fe05,4.0,1.5,0.0
A-09540c,Company_239,Cybersecurity,CA,30-10-2023,event,Basic,67,True,0,S-d9f518,A-09540c,14-11-2024,31-12-2026,Pro,67,3283,39396,False,False,False,False,annual,True,55.0,12814.0,2.0,A-09540c,2.0,4.5,0.0
A-09540c,Company_239,Cybersecurity,CA,30-10-2023,event,Basic,67,True,0,S-a18bb2,A-09540c,22-12-2024,31-12-2026,Pro,67,3283,39396,False,False,False,False,monthly,True,29.0,11637.0,1.0,A-09540c,2.0,4.5,0.0
A-09540c,Company_239,Cybersecurity,CA,30-10-2023,event,Basic,67,True,0,S-106bf6,A-09540c,04-08-2024,31-12-2026,Basic,67,1273,15276,False,False,False,False,monthly,True,58.0,15857.0,5.0,A-09540c,2.0,4.5,0.0
A-09540c,Company_239,Cybersecurity,CA,30-10-2023,event,Basic,67,True,0,S-a81bcd,A-09540c,11-04-2024,31-12-2026,Basic,67,1273,15276,False,True,True,False,annual,False,41.0,14379.0,1.0,A-09540c,2.0,4.5,0.0
A-09540c,Company_239,Cybersecurity,CA,30-10-2023,event,Basic,67,True,0,S-0e43ee,A-09540c,28-05-2024,31-12-2026,Enterprise,67,13333,159996,False,False,False,False,monthly,True,68.0,30058.0,3.0,A-09540c,2.0,4.5,0.0
A-09540c,Company_239,Cybersecurity,CA,30-10-2023,event,Basic,67,True,0,S-8055fa,A-09540c,03-08-2024,29-11-2024,Basic,67,1273,15276,False,False,False,True,monthly,True,46.0,9951.0,4.0,A-09540c,2.0,4.5,0.0
A-e693b6,Company_240,FinTech,AU,25-05-2023,event,Enterprise,55,False,1,S-8ca9f0,A-e693b6,01-09-2024,06-09-2024,Basic,55,1045,12540,False,False,False,True,annual,True,107.0,22228.0,4.0,A-e693b6,1.0,3.0,0.0
A-e693b6,Company_240,FinTech,AU,25-05-2023,event,Enterprise,55,False,1,S-be0fc9,A-e693b6,31-08-2024,31-12-2026,Enterprise,55,0,0,True,False,False,False,annual,True,34.0,9687.0,3.0,A-e693b6,1.0,3.0,0.0
A-e693b6,Company_240,FinTech,AU,25-05-2023,event,Enterprise,55,False,1,S-770d98,A-e693b6,19-11-2024,31-12-2026,Enterprise,55,10945,131340,False,False,False,False,annual,True,47.0,16145.0,4.0,A-e693b6,1.0,3.0,0.0
A-e693b6,Company_240,FinTech,AU,25-05-2023,event,Enterprise,55,False,1,S-a07c46,A-e693b6,23-09-2023,15-10-2023,Pro,55,2695,32340,False,True,False,True,monthly,True,28.0,6908.0,2.0,A-e693b6,1.0,3.0,0.0
A-e693b6,Company_240,FinTech,AU,25-05-2023,event,Enterprise,55,False,1,S-96a469,A-e693b6,08-10-2023,31-12-2026,Pro,55,2695,32340,False,False,False,False,annual,True,49.0,20899.0,2.0,A-e693b6,1.0,3.0,0.0
A-e693b6,Company_240,FinTech,AU,25-05-2023,event,Enterprise,55,False,1,S-370135,A-e693b6,11-05-2024,31-12-2026,Pro,55,2695,32340,False,False,False,False,monthly,False,49.0,15920.0,0.0,A-e693b6,1.0,3.0,0.0
A-e693b6,Company_240,FinTech,AU,25-05-2023,event,Enterprise,55,False,1,S-8b3e35,A-e693b6,19-07-2024,31-12-2026,Enterprise,55,0,0,True,False,False,False,annual,True,67.0,20737.0,4.0,A-e693b6,1.0,3.0,0.0
A-e693b6,Company_240,FinTech,AU,25-05-2023,event,Enterprise,55,False,1,S-9daaad,A-e693b6,21-03-2024,31-12-2026,Enterprise,55,0,0,True,False,False,False,monthly,True,83.0,26772.0,0.0,A-e693b6,1.0,3.0,0.0
A-e693b6,Company_240,FinTech,AU,25-05-2023,event,Enterprise,55,False,1,S-86a4e3,A-e693b6,01-08-2023,31-12-2026,Basic,55,1045,12540,False,False,False,False,annual,True,45.0,10533.0,0.0,A-e693b6,1.0,3.0,0.0
A-e693b6,Company_240,FinTech,AU,25-05-2023,event,Enterprise,55,False,1,S-ba8f61,A-e693b6,26-09-2024,31-12-2026,Basic,55,1045,12540,False,False,False,False,monthly,True,67.0,16896.0,4.0,A-e693b6,1.0,3.0,0.0
A-e693b6,Company_240,FinTech,AU,25-05-2023,event,Enterprise,55,False,1,S-ac1f01,A-e693b6,14-03-2024,31-12-2026,Enterprise,55,10945,131340,False,False,False,False,monthly,True,61.0,18594.0,2.0,A-e693b6,1.0,3.0,0.0
A-e693b6,Company_240,FinTech,AU,25-05-2023,event,Enterprise,55,False,1,S-0027d3,A-e693b6,04-05-2024,31-12-2026,Basic,55,1045,12540,False,False,False,False,annual,True,44.0,20848.0,0.0,A-e693b6,1.0,3.0,0.0
A-2446e3,Company_241,EdTech,IN,10-01-2024,organic,Pro,27,False,0,S-d57a67,A-2446e3,14-07-2024,31-12-2026,Pro,27,1323,15876,False,False,False,False,monthly,True,67.0,11199.0,2.0,A-2446e3,3.0,4.0,0.0
A-2446e3,Company_241,EdTech,IN,10-01-2024,organic,Pro,27,False,0,S-3d6b69,A-2446e3,16-09-2024,31-12-2026,Enterprise,27,5373,64476,False,False,False,False,annual,False,87.0,21932.0,4.0,A-2446e3,3.0,4.0,0.0
A-2446e3,Company_241,EdTech,IN,10-01-2024,organic,Pro,27,False,0,S-6587d8,A-2446e3,18-04-2024,31-12-2026,Enterprise,27,5373,64476,False,False,False,False,monthly,False,109.0,37914.0,5.0,A-2446e3,3.0,4.0,0.0
A-2446e3,Company_241,EdTech,IN,10-01-2024,organic,Pro,27,False,0,S-c899a3,A-2446e3,21-01-2024,31-12-2026,Pro,27,1323,15876,False,False,True,False,monthly,True,51.0,19509.0,8.0,A-2446e3,3.0,4.0,0.0
A-2446e3,Company_241,EdTech,IN,10-01-2024,organic,Pro,27,False,0,S-fe6eb1,A-2446e3,09-12-2024,31-12-2026,Enterprise,27,5373,64476,False,False,False,False,monthly,True,62.0,15885.0,10.0,A-2446e3,3.0,4.0,0.0
A-2446e3,Company_241,EdTech,IN,10-01-2024,organic,Pro,27,False,0,S-fd0d21,A-2446e3,02-09-2024,31-12-2026,Basic,27,0,0,True,False,False,False,annual,False,70.0,25536.0,3.0,A-2446e3,3.0,4.0,0.0
A-2446e3,Company_241,EdTech,IN,10-01-2024,organic,Pro,27,False,0,S-f6a70a,A-2446e3,06-10-2024,31-12-2026,Enterprise,27,5373,64476,False,True,False,False,annual,True,50.0,19062.0,0.0,A-2446e3,3.0,4.0,0.0
A-241e75,Company_242,EdTech,US,03-07-2024,partner,Enterprise,3,False,0,S-e7e013,A-241e75,07-08-2024,31-12-2026,Basic,18,342,4104,False,False,False,False,monthly,False,85.0,30986.0,13.0,A-241e75,4.0,2.25,0.0
A-241e75,Company_242,EdTech,US,03-07-2024,partner,Enterprise,3,False,0,S-ee941d,A-241e75,08-09-2024,31-12-2026,Basic,14,266,3192,False,False,False,False,annual,True,30.0,11325.0,2.0,A-241e75,4.0,2.25,0.0
A-241e75,Company_242,EdTech,US,03-07-2024,partner,Enterprise,3,False,0,S-aa5f00,A-241e75,29-09-2024,31-12-2026,Pro,13,637,7644,False,False,True,False,annual,True,86.0,39184.0,2.0,A-241e75,4.0,2.25,0.0
A-241e75,Company_242,EdTech,US,03-07-2024,partner,Enterprise,3,False,0,S-fe910d,A-241e75,19-10-2024,31-12-2026,Basic,5,95,1140,False,False,False,False,monthly,True,55.0,14962.0,3.0,A-241e75,4.0,2.25,0.0
A-241e75,Company_242,EdTech,US,03-07-2024,partner,Enterprise,3,False,0,S-2d0c1f,A-241e75,11-07-2024,31-12-2026,Pro,46,2254,27048,False,False,False,False,annual,True,10.0,3800.0,0.0,A-241e75,4.0,2.25,0.0
A-922109,Company_243,Cybersecurity,US,26-01-2024,ads,Pro,3,False,0,S-389426,A-922109,04-07-2024,31-12-2026,Pro,3,147,1764,False,False,False,False,monthly,True,82.0,22058.0,2.0,A-922109,3.0,1.0,0.0
A-922109,Company_243,Cybersecurity,US,26-01-2024,ads,Pro,3,False,0,S-4f56f5,A-922109,13-11-2024,31-12-2026,Enterprise,3,597,7164,False,False,False,False,monthly,True,71.0,22697.0,3.0,A-922109,3.0,1.0,0.0
A-922109,Company_243,Cybersecurity,US,26-01-2024,ads,Pro,3,False,0,S-5c4ef1,A-922109,23-03-2024,31-12-2026,Pro,38,1862,22344,False,False,False,False,annual,True,78.0,30938.0,5.0,A-922109,3.0,1.0,0.0
A-922109,Company_243,Cybersecurity,US,26-01-2024,ads,Pro,3,False,0,S-3df0c3,A-922109,06-04-2024,31-12-2026,Basic,72,1368,16416,False,False,False,False,annual,True,94.0,34362.0,2.0,A-922109,3.0,1.0,0.0
A-922109,Company_243,Cybersecurity,US,26-01-2024,ads,Pro,3,False,0,S-162d54,A-922109,08-11-2024,31-12-2026,Basic,11,209,2508,False,False,False,False,monthly,True,52.0,13679.0,3.0,A-922109,3.0,1.0,0.0
A-922109,Company_243,Cybersecurity,US,26-01-2024,ads,Pro,3,False,0,S-2d494e,A-922109,01-12-2024,31-12-2026,Basic,5,0,0,True,False,False,False,monthly,True,56.0,20826.0,4.0,A-922109,3.0,1.0,0.0
A-922109,Company_243,Cybersecurity,US,26-01-2024,ads,Pro,3,False,0,S-6cb472,A-922109,27-09-2024,31-12-2026,Pro,8,392,4704,False,False,False,False,annual,True,19.0,7100.0,2.0,A-922109,3.0,1.0,0.0
A-922109,Company_243,Cybersecurity,US,26-01-2024,ads,Pro,3,False,0,S-0380a3,A-922109,06-04-2024,31-12-2026,Pro,3,147,1764,False,False,False,False,annual,True,33.0,10129.0,2.0,A-922109,3.0,1.0,0.0
A-922109,Company_243,Cybersecurity,US,26-01-2024,ads,Pro,3,False,0,S-1cf9b0,A-922109,15-07-2024,27-12-2024,Pro,9,441,5292,False,False,False,True,monthly,False,102.0,37798.0,2.0,A-922109,3.0,1.0,0.0
A-922109,Company_243,Cybersecurity,US,26-01-2024,ads,Pro,3,False,0,S-8e5d9f,A-922109,17-07-2024,31-12-2026,Enterprise,41,8159,97908,False,False,False,False,monthly,True,34.0,14106.0,1.0,A-922109,3.0,1.0,0.0
A-922109,Company_243,Cybersecurity,US,26-01-2024,ads,Pro,3,False,0,S-84e658,A-922109,18-08-2024,31-12-2026,Enterprise,3,0,0,True,False,False,False,monthly,False,84.0,21780.0,3.0,A-922109,3.0,1.0,0.0
A-922109,Company_243,Cybersecurity,US,26-01-2024,ads,Pro,3,False,0,S-e5a001,A-922109,20-10-2024,31-12-2026,Basic,9,0,0,True,False,False,False,monthly,True,31.0,11460.0,0.0,A-922109,3.0,1.0,0.0
A-922109,Company_243,Cybersecurity,US,26-01-2024,ads,Pro,3,False,0,S-d75e1f,A-922109,29-11-2024,31-12-2026,Enterprise,4,796,9552,False,False,False,False,monthly,False,83.0,27531.0,5.0,A-922109,3.0,1.0,0.0
A-ff3c73,Company_244,HealthTech,AU,26-01-2023,other,Pro,21,False,0,S-eaac58,A-ff3c73,08-04-2023,31-12-2026,Basic,66,1254,15048,False,False,False,False,annual,True,36.0,15757.0,0.0,A-ff3c73,2.0,3.5,0.0
A-ff3c73,Company_244,HealthTech,AU,26-01-2023,other,Pro,21,False,0,S-60890c,A-ff3c73,06-04-2023,31-12-2026,Pro,21,1029,12348,False,False,False,False,monthly,False,33.0,9453.0,2.0,A-ff3c73,2.0,3.5,0.0
A-ff3c73,Company_244,HealthTech,AU,26-01-2023,other,Pro,21,False,0,S-b36569,A-ff3c73,23-09-2024,31-12-2026,Basic,21,399,4788,False,True,False,False,annual,True,23.0,11327.0,2.0,A-ff3c73,2.0,3.5,0.0
A-ff3c73,Company_244,HealthTech,AU,26-01-2023,other,Pro,21,False,0,S-531970,A-ff3c73,17-09-2024,31-12-2026,Basic,45,855,10260,False,False,False,False,annual,False,25.0,5425.0,1.0,A-ff3c73,2.0,3.5,0.0
A-ff3c73,Company_244,HealthTech,AU,26-01-2023,other,Pro,21,False,0,S-f30a79,A-ff3c73,20-10-2024,31-12-2026,Basic,21,399,4788,False,False,False,False,annual,True,57.0,18504.0,9.0,A-ff3c73,2.0,3.5,0.0
A-ff3c73,Company_244,HealthTech,AU,26-01-2023,other,Pro,21,False,0,S-54ac93,A-ff3c73,14-10-2023,10-12-2023,Enterprise,25,0,0,True,False,False,True,annual,True,50.0,12107.0,2.0,A-ff3c73,2.0,3.5,0.0
A-ff3c73,Company_244,HealthTech,AU,26-01-2023,other,Pro,21,False,0,S-de66c3,A-ff3c73,13-06-2024,31-12-2026,Enterprise,21,0,0,True,False,False,False,monthly,True,94.0,37450.0,5.0,A-ff3c73,2.0,3.5,0.0
A-ff3c73,Company_244,HealthTech,AU,26-01-2023,other,Pro,21,False,0,S-140d3a,A-ff3c73,26-06-2023,31-12-2026,Basic,21,399,4788,False,False,False,False,annual,True,73.0,31427.0,2.0,A-ff3c73,2.0,3.5,0.0
A-ff3c73,Company_244,HealthTech,AU,26-01-2023,other,Pro,21,False,0,S-93cf65,A-ff3c73,19-07-2023,31-12-2026,Basic,21,0,0,True,False,False,False,annual,True,17.0,2539.0,0.0,A-ff3c73,2.0,3.5,0.0
A-8b0451,Company_245,FinTech,UK,16-09-2024,event,Enterprise,41,False,0,S-57cd05,A-8b0451,26-10-2024,31-12-2026,Basic,41,779,9348,False,False,False,False,annual,True,48.0,5375.0,3.0,A-8b0451,7.0,2.0,0.0
A-8b0451,Company_245,FinTech,UK,16-09-2024,event,Enterprise,41,False,0,S-8ed77f,A-8b0451,10-12-2024,31-12-2026,Pro,41,2009,24108,False,False,False,False,monthly,True,86.0,26126.0,5.0,A-8b0451,7.0,2.0,0.0
A-8b0451,Company_245,FinTech,UK,16-09-2024,event,Enterprise,41,False,0,S-e6c842,A-8b0451,10-11-2024,31-12-2026,Basic,41,779,9348,False,False,False,False,annual,True,71.0,24410.0,5.0,A-8b0451,7.0,2.0,0.0
A-8b0451,Company_245,FinTech,UK,16-09-2024,event,Enterprise,41,False,0,S-670476,A-8b0451,18-11-2024,31-12-2024,Enterprise,41,8159,97908,False,False,False,True,monthly,True,46.0,20095.0,0.0,A-8b0451,7.0,2.0,0.0
A-8b0451,Company_245,FinTech,UK,16-09-2024,event,Enterprise,41,False,0,S-bf424e,A-8b0451,22-12-2024,31-12-2026,Enterprise,41,8159,97908,False,False,False,False,annual,True,41.0,11746.0,1.0,A-8b0451,7.0,2.0,0.0
A-8b0451,Company_245,FinTech,UK,16-09-2024,event,Enterprise,41,False,0,S-c5cfb0,A-8b0451,05-10-2024,31-12-2026,Basic,41,0,0,True,False,False,False,monthly,False,97.0,23491.0,11.0,A-8b0451,7.0,2.0,0.0
A-8b0451,Company_245,FinTech,UK,16-09-2024,event,Enterprise,41,False,0,S-19c44c,A-8b0451,09-12-2024,31-12-2026,Basic,41,779,9348,False,False,False,False,monthly,True,37.0,10889.0,2.0,A-8b0451,7.0,2.0,0.0
A-8b0451,Company_245,FinTech,UK,16-09-2024,event,Enterprise,41,False,0,S-a14d4b,A-8b0451,05-10-2024,31-12-2026,Pro,43,2107,25284,False,False,False,False,annual,False,50.0,20251.0,6.0,A-8b0451,7.0,2.0,0.0
A-8b0451,Company_245,FinTech,UK,16-09-2024,event,Enterprise,41,False,0,S-dc8c2f,A-8b0451,21-09-2024,31-12-2026,Basic,41,779,9348,False,False,False,False,monthly,True,78.0,25562.0,3.0,A-8b0451,7.0,2.0,0.0
A-8b0451,Company_245,FinTech,UK,16-09-2024,event,Enterprise,41,False,0,S-55c61c,A-8b0451,21-12-2024,31-12-2026,Enterprise,41,8159,97908,False,False,False,False,annual,True,52.0,9985.0,9.0,A-8b0451,7.0,2.0,0.0
A-331424,Company_246,DevTools,US,06-11-2023,organic,Basic,11,False,0,S-19f899,A-331424,01-05-2024,31-12-2026,Enterprise,11,2189,26268,False,False,False,False,annual,False,43.0,14799.0,1.0,A-331424,2.0,0.0,0.0
A-331424,Company_246,DevTools,US,06-11-2023,organic,Basic,11,False,0,S-6643a2,A-331424,04-01-2024,31-12-2026,Pro,11,0,0,True,False,False,False,monthly,True,63.0,22561.0,0.0,A-331424,2.0,0.0,0.0
A-331424,Company_246,DevTools,US,06-11-2023,organic,Basic,11,False,0,S-70e232,A-331424,24-01-2024,31-12-2026,Enterprise,11,2189,26268,False,False,False,False,annual,True,47.0,16120.0,1.0,A-331424,2.0,0.0,0.0
A-331424,Company_246,DevTools,US,06-11-2023,organic,Basic,11,False,0,S-039a8e,A-331424,16-02-2024,12-08-2024,Basic,11,209,2508,False,False,False,True,annual,False,21.0,9871.0,4.0,A-331424,2.0,0.0,0.0
A-331424,Company_246,DevTools,US,06-11-2023,organic,Basic,11,False,0,S-91ec54,A-331424,04-11-2024,31-12-2026,Pro,11,0,0,True,False,False,False,monthly,False,20.0,3873.0,2.0,A-331424,2.0,0.0,0.0
A-331424,Company_246,DevTools,US,06-11-2023,organic,Basic,11,False,0,S-632acf,A-331424,28-08-2024,31-12-2026,Enterprise,11,2189,26268,False,False,False,False,monthly,True,20.0,8946.0,1.0,A-331424,2.0,0.0,0.0
A-51ec1b,Company_247,DevTools,US,08-11-2023,ads,Enterprise,7,False,0,S-3bd95c,A-51ec1b,12-11-2024,31-12-2026,Enterprise,17,3383,40596,False,True,False,False,annual,True,95.0,38126.0,4.0,A-51ec1b,3.0,3.3333333333333335,1.0
A-51ec1b,Company_247,DevTools,US,08-11-2023,ads,Enterprise,7,False,0,S-783131,A-51ec1b,03-10-2024,27-11-2024,Enterprise,7,1393,16716,False,False,False,True,annual,True,36.0,16018.0,2.0,A-51ec1b,3.0,3.3333333333333335,1.0
A-51ec1b,Company_247,DevTools,US,08-11-2023,ads,Enterprise,7,False,0,S-b29d83,A-51ec1b,10-02-2024,31-12-2026,Basic,11,209,2508,False,False,False,False,annual,True,26.0,11618.0,4.0,A-51ec1b,3.0,3.3333333333333335,1.0
A-51ec1b,Company_247,DevTools,US,08-11-2023,ads,Enterprise,7,False,0,S-1fddda,A-51ec1b,05-08-2024,31-12-2026,Enterprise,18,3582,42984,False,False,False,False,monthly,False,69.0,25902.0,0.0,A-51ec1b,3.0,3.3333333333333335,1.0
A-51ec1b,Company_247,DevTools,US,08-11-2023,ads,Enterprise,7,False,0,S-cb7ea9,A-51ec1b,01-04-2024,31-12-2026,Enterprise,7,1393,16716,False,True,True,False,monthly,True,32.0,14894.0,1.0,A-51ec1b,3.0,3.3333333333333335,1.0
A-51ec1b,Company_247,DevTools,US,08-11-2023,ads,Enterprise,7,False,0,S-3d8c2f,A-51ec1b,20-10-2024,27-11-2024,Pro,23,1127,13524,False,True,True,True,monthly,True,25.0,4604.0,1.0,A-51ec1b,3.0,3.3333333333333335,1.0
A-bcf664,Company_248,DevTools,US,19-05-2023,other,Pro,5,False,0,S-5895f0,A-bcf664,05-10-2023,31-12-2026,Basic,8,0,0,True,False,False,False,annual,True,35.0,10957.0,1.0,A-bcf664,5.0,2.4,1.0
A-bcf664,Company_248,DevTools,US,19-05-2023,other,Pro,5,False,0,S-709484,A-bcf664,22-08-2024,31-12-2026,Pro,8,392,4704,False,False,False,False,annual,True,53.0,15831.0,0.0,A-bcf664,5.0,2.4,1.0
A-bcf664,Company_248,DevTools,US,19-05-2023,other,Pro,5,False,0,S-853f5d,A-bcf664,01-12-2023,31-12-2026,Basic,13,247,2964,False,False,False,False,monthly,True,30.0,15876.0,1.0,A-bcf664,5.0,2.4,1.0
A-bcf664,Company_248,DevTools,US,19-05-2023,other,Pro,5,False,0,S-4ed473,A-bcf664,20-11-2023,06-12-2023,Enterprise,12,2388,28656,False,False,False,True,annual,True,24.0,5865.0,0.0,A-bcf664,5.0,2.4,1.0
A-bcf664,Company_248,DevTools,US,19-05-2023,other,Pro,5,False,0,S-199697,A-bcf664,11-11-2024,31-12-2026,Enterprise,7,1393,16716,False,False,False,False,annual,True,32.0,12083.0,4.0,A-bcf664,5.0,2.4,1.0
A-bcf664,Company_248,DevTools,US,19-05-2023,other,Pro,5,False,0,S-14d060,A-bcf664,12-12-2024,31-12-2026,Pro,47,2303,27636,False,False,False,False,annual,True,34.0,5182.0,1.0,A-bcf664,5.0,2.4,1.0
A-bcf664,Company_248,DevTools,US,19-05-2023,other,Pro,5,False,0,S-905752,A-bcf664,29-08-2024,31-12-2026,Basic,30,570,6840,False,False,False,False,monthly,True,48.0,12254.0,7.0,A-bcf664,5.0,2.4,1.0
A-bcf664,Company_248,DevTools,US,19-05-2023,other,Pro,5,False,0,S-7179fd,A-bcf664,16-06-2023,31-12-2026,Basic,59,1121,13452,False,False,False,False,monthly,True,55.0,16828.0,1.0,A-bcf664,5.0,2.4,1.0
A-bcf664,Company_248,DevTools,US,19-05-2023,other,Pro,5,False,0,S-304196,A-bcf664,02-09-2024,31-12-2026,Basic,6,114,1368,False,False,False,False,monthly,True,59.0,22523.0,2.0,A-bcf664,5.0,2.4,1.0
A-bcf664,Company_248,DevTools,US,19-05-2023,other,Pro,5,False,0,S-9a952b,A-bcf664,30-08-2023,31-12-2026,Basic,5,0,0,True,False,False,False,monthly,True,66.0,20130.0,2.0,A-bcf664,5.0,2.4,1.0
A-bcf664,Company_248,DevTools,US,19-05-2023,other,Pro,5,False,0,S-b5165e,A-bcf664,11-08-2023,31-12-2026,Pro,32,1568,18816,False,False,False,False,monthly,True,44.0,12475.0,0.0,A-bcf664,5.0,2.4,1.0
A-bcf664,Company_248,DevTools,US,19-05-2023,other,Pro,5,False,0,S-700923,A-bcf664,04-04-2024,31-12-2026,Enterprise,13,2587,31044,False,False,False,False,monthly,True,25.0,7400.0,1.0,A-bcf664,5.0,2.4,1.0
A-bcf664,Company_248,DevTools,US,19-05-2023,other,Pro,5,False,0,S-ca72d9,A-bcf664,29-01-2024,31-12-2026,Basic,55,1045,12540,False,False,False,False,annual,True,70.0,24516.0,8.0,A-bcf664,5.0,2.4,1.0
A-90a8c8,Company_249,FinTech,AU,24-08-2024,organic,Pro,15,False,0,S-746e1b,A-90a8c8,17-09-2024,31-12-2026,Enterprise,73,14527,174324,False,False,False,False,annual,True,30.0,7374.0,2.0,A-90a8c8,4.0,3.25,0.0
A-90a8c8,Company_249,FinTech,AU,24-08-2024,organic,Pro,15,False,0,S-58a152,A-90a8c8,03-12-2024,31-12-2026,Enterprise,15,2985,35820,False,False,False,False,monthly,False,61.0,14268.0,1.0,A-90a8c8,4.0,3.25,0.0
A-90a8c8,Company_249,FinTech,AU,24-08-2024,organic,Pro,15,False,0,S-aaeb34,A-90a8c8,21-09-2024,31-12-2026,Enterprise,28,5572,66864,False,True,False,False,annual,False,66.0,23387.0,2.0,A-90a8c8,4.0,3.25,0.0
A-90a8c8,Company_249,FinTech,AU,24-08-2024,organic,Pro,15,False,0,S-ab06f4,A-90a8c8,29-10-2024,31-12-2026,Pro,15,735,8820,False,False,False,False,annual,True,72.0,15529.0,2.0,A-90a8c8,4.0,3.25,0.0
A-90a8c8,Company_249,FinTech,AU,24-08-2024,organic,Pro,15,False,0,S-41d4ca,A-90a8c8,19-09-2024,31-12-2026,Pro,21,0,0,True,True,False,False,monthly,True,32.0,8017.0,1.0,A-90a8c8,4.0,3.25,0.0
A-90a8c8,Company_249,FinTech,AU,24-08-2024,organic,Pro,15,False,0,S-21b034,A-90a8c8,25-08-2024,31-12-2026,Pro,32,1568,18816,False,False,False,False,annual,True,68.0,29374.0,7.0,A-90a8c8,4.0,3.25,0.0
A-90a8c8,Company_249,FinTech,AU,24-08-2024,organic,Pro,15,False,0,S-c7b793,A-90a8c8,07-11-2024,31-12-2026,Pro,23,1127,13524,False,False,False,False,monthly,True,75.0,29537.0,5.0,A-90a8c8,4.0,3.25,0.0
A-86cdb4,Company_250,DevTools,DE,22-09-2024,partner,Basic,2,False,0,S-33e40e,A-86cdb4,10-10-2024,29-12-2024,Enterprise,2,398,4776,False,False,False,True,annual,True,66.0,32504.0,2.0,A-86cdb4,5.0,2.6,0.0
A-86cdb4,Company_250,DevTools,DE,22-09-2024,partner,Basic,2,False,0,S-684751,A-86cdb4,31-12-2024,31-12-2026,Basic,17,323,3876,False,False,False,False,monthly,True,37.0,8607.0,1.0,A-86cdb4,5.0,2.6,0.0
A-86cdb4,Company_250,DevTools,DE,22-09-2024,partner,Basic,2,False,0,S-31428b,A-86cdb4,14-12-2024,31-12-2026,Basic,52,988,11856,False,False,False,False,annual,True,70.0,26023.0,2.0,A-86cdb4,5.0,2.6,0.0
A-86cdb4,Company_250,DevTools,DE,22-09-2024,partner,Basic,2,False,0,S-6f0169,A-86cdb4,23-10-2024,06-11-2024,Pro,3,147,1764,False,False,False,True,monthly,True,45.0,19430.0,0.0,A-86cdb4,5.0,2.6,0.0
A-86cdb4,Company_250,DevTools,DE,22-09-2024,partner,Basic,2,False,0,S-95c2e3,A-86cdb4,19-12-2024,31-12-2026,Pro,8,392,4704,False,False,False,False,monthly,True,81.0,29418.0,4.0,A-86cdb4,5.0,2.6,0.0
A-86cdb4,Company_250,DevTools,DE,22-09-2024,partner,Basic,2,False,0,S-834a48,A-86cdb4,01-11-2024,31-12-2026,Basic,4,0,0,True,False,False,False,monthly,True,46.0,10916.0,0.0,A-86cdb4,5.0,2.6,0.0
A-86cdb4,Company_250,DevTools,DE,22-09-2024,partner,Basic,2,False,0,S-4056f6,A-86cdb4,06-10-2024,31-12-2026,Pro,2,98,1176,False,False,False,False,annual,True,33.0,10256.0,0.0,A-86cdb4,5.0,2.6,0.0
A-86cdb4,Company_250,DevTools,DE,22-09-2024,partner,Basic,2,False,0,S-af6974,A-86cdb4,23-11-2024,31-12-2026,Pro,18,882,10584,False,False,False,False,annual,True,67.0,21531.0,9.0,A-86cdb4,5.0,2.6,0.0
A-86cdb4,Company_250,DevTools,DE,22-09-2024,partner,Basic,2,False,0,S-f180b5,A-86cdb4,13-10-2024,31-12-2026,Basic,17,323,3876,False,False,False,False,monthly,True,47.0,8541.0,6.0,A-86cdb4,5.0,2.6,0.0
A-4bfa33,Company_251,Cybersecurity,US,07-12-2024,event,Basic,8,True,0,S-b8daaa,A-4bfa33,25-12-2024,31-12-2026,Enterprise,8,0,0,True,False,False,False,annual,True,25.0,6783.0,0.0,A-4bfa33,4.0,2.75,0.0
A-4bfa33,Company_251,Cybersecurity,US,07-12-2024,event,Basic,8,True,0,S-70c369,A-4bfa33,24-12-2024,31-12-2026,Pro,72,3528,42336,False,False,False,False,monthly,True,28.0,4303.0,5.0,A-4bfa33,4.0,2.75,0.0
A-4bfa33,Company_251,Cybersecurity,US,07-12-2024,event,Basic,8,True,0,S-5c4b5d,A-4bfa33,19-12-2024,31-12-2026,Pro,8,392,4704,False,False,False,False,annual,True,21.0,9600.0,3.0,A-4bfa33,4.0,2.75,0.0
A-4bfa33,Company_251,Cybersecurity,US,07-12-2024,event,Basic,8,True,0,S-1da72c,A-4bfa33,12-12-2024,31-12-2026,Basic,20,380,4560,False,False,False,False,monthly,True,95.0,23238.0,3.0,A-4bfa33,4.0,2.75,0.0
A-4bfa33,Company_251,Cybersecurity,US,07-12-2024,event,Basic,8,True,0,S-a9bfe0,A-4bfa33,12-12-2024,29-12-2024,Pro,9,441,5292,False,False,False,True,monthly,False,53.0,14731.0,3.0,A-4bfa33,4.0,2.75,0.0
A-4bfa33,Company_251,Cybersecurity,US,07-12-2024,event,Basic,8,True,0,S-f971ab,A-4bfa33,10-12-2024,31-12-2026,Pro,13,637,7644,False,False,False,False,annual,True,70.0,14532.0,2.0,A-4bfa33,4.0,2.75,0.0
A-4bfa33,Company_251,Cybersecurity,US,07-12-2024,event,Basic,8,True,0,S-0efc9b,A-4bfa33,13-12-2024,31-12-2026,Basic,12,228,2736,False,False,False,False,monthly,True,37.0,5057.0,1.0,A-4bfa33,4.0,2.75,0.0
A-dbc825,Company_252,EdTech,FR,07-01-2024,partner,Enterprise,19,False,0,S-bb8429,A-dbc825,27-04-2024,31-12-2026,Pro,19,931,11172,False,False,False,False,annual,True,28.0,11356.0,5.0,A-dbc825,6.0,1.3333333333333333,1.0
A-dbc825,Company_252,EdTech,FR,07-01-2024,partner,Enterprise,19,False,0,S-b6ab32,A-dbc825,08-04-2024,05-08-2024,Enterprise,19,3781,45372,False,False,False,True,annual,True,8.0,4168.0,0.0,A-dbc825,6.0,1.3333333333333333,1.0
A-dbc825,Company_252,EdTech,FR,07-01-2024,partner,Enterprise,19,False,0,S-f99f9e,A-dbc825,19-10-2024,17-12-2024,Enterprise,55,10945,131340,False,False,False,True,monthly,True,17.0,5645.0,0.0,A-dbc825,6.0,1.3333333333333333,1.0
A-dbc825,Company_252,EdTech,FR,07-01-2024,partner,Enterprise,19,False,0,S-2186ea,A-dbc825,06-03-2024,31-12-2026,Pro,19,931,11172,False,False,False,False,annual,True,27.0,11491.0,2.0,A-dbc825,6.0,1.3333333333333333,1.0
A-dbc825,Company_252,EdTech,FR,07-01-2024,partner,Enterprise,19,False,0,S-7c633c,A-dbc825,10-07-2024,31-12-2026,Basic,19,0,0,True,False,False,False,annual,True,62.0,18601.0,1.0,A-dbc825,6.0,1.3333333333333333,1.0
A-dbc825,Company_252,EdTech,FR,07-01-2024,partner,Enterprise,19,False,0,S-5de583,A-dbc825,12-11-2024,31-12-2026,Basic,19,361,4332,False,False,False,False,monthly,True,70.0,15732.0,2.0,A-dbc825,6.0,1.3333333333333333,1.0
A-dbc825,Company_252,EdTech,FR,07-01-2024,partner,Enterprise,19,False,0,S-b8fcc5,A-dbc825,29-06-2024,20-11-2024,Basic,85,1615,19380,False,True,False,True,annual,False,61.0,15430.0,4.0,A-dbc825,6.0,1.3333333333333333,1.0
A-dbc825,Company_252,EdTech,FR,07-01-2024,partner,Enterprise,19,False,0,S-68e134,A-dbc825,20-05-2024,31-12-2026,Basic,19,361,4332,False,False,False,False,monthly,True,29.0,9602.0,3.0,A-dbc825,6.0,1.3333333333333333,1.0
A-dbc825,Company_252,EdTech,FR,07-01-2024,partner,Enterprise,19,False,0,S-cd6bb6,A-dbc825,25-11-2024,31-12-2026,Basic,19,361,4332,False,False,False,False,annual,True,92.0,25672.0,11.0,A-dbc825,6.0,1.3333333333333333,1.0
A-dbc825,Company_252,EdTech,FR,07-01-2024,partner,Enterprise,19,False,0,S-edf4e0,A-dbc825,01-07-2024,31-12-2026,Enterprise,22,4378,52536,False,False,False,False,monthly,True,71.0,16422.0,2.0,A-dbc825,6.0,1.3333333333333333,1.0
A-dbc825,Company_252,EdTech,FR,07-01-2024,partner,Enterprise,19,False,0,S-a22ca2,A-dbc825,30-07-2024,31-12-2026,Enterprise,45,8955,107460,False,False,False,False,monthly,True,29.0,5394.0,7.0,A-dbc825,6.0,1.3333333333333333,1.0
A-dbc825,Company_252,EdTech,FR,07-01-2024,partner,Enterprise,19,False,0,S-249448,A-dbc825,19-01-2024,31-12-2026,Enterprise,19,3781,45372,False,False,False,False,annual,True,70.0,22922.0,8.0,A-dbc825,6.0,1.3333333333333333,1.0
A-dbc825,Company_252,EdTech,FR,07-01-2024,partner,Enterprise,19,False,0,S-b95b76,A-dbc825,02-05-2024,31-12-2026,Pro,19,931,11172,False,False,False,False,monthly,True,42.0,15152.0,7.0,A-dbc825,6.0,1.3333333333333333,1.0
A-dbc825,Company_252,EdTech,FR,07-01-2024,partner,Enterprise,19,False,0,S-b73fdf,A-dbc825,26-04-2024,07-08-2024,Basic,19,361,4332,False,False,False,True,annual,True,39.0,13692.0,3.0,A-dbc825,6.0,1.3333333333333333,1.0
A-dbc825,Company_252,EdTech,FR,07-01-2024,partner,Enterprise,19,False,0,S-83d49e,A-dbc825,27-07-2024,31-12-2026,Pro,19,931,11172,False,False,False,False,annual,True,53.0,11683.0,2.0,A-dbc825,6.0,1.3333333333333333,1.0
A-dbc825,Company_252,EdTech,FR,07-01-2024,partner,Enterprise,19,False,0,S-72e73f,A-dbc825,26-01-2024,31-12-2026,Enterprise,19,3781,45372,False,True,False,False,annual,False,32.0,9839.0,1.0,A-dbc825,6.0,1.3333333333333333,1.0
A-c70870,Company_253,Cybersecurity,US,22-10-2024,partner,Basic,31,False,0,S-8856af,A-c70870,09-12-2024,31-12-2026,Basic,31,0,0,True,False,False,False,annual,True,51.0,15308.0,1.0,A-c70870,5.0,2.4,0.0
A-c70870,Company_253,Cybersecurity,US,22-10-2024,partner,Basic,31,False,0,S-78f738,A-c70870,29-12-2024,31-12-2026,Enterprise,170,33830,405960,False,False,True,False,monthly,True,75.0,21757.0,4.0,A-c70870,5.0,2.4,0.0
A-c70870,Company_253,Cybersecurity,US,22-10-2024,partner,Basic,31,False,0,S-57bdc2,A-c70870,14-11-2024,31-12-2026,Pro,31,0,0,True,False,False,False,monthly,True,57.0,15211.0,3.0,A-c70870,5.0,2.4,0.0
A-c70870,Company_253,Cybersecurity,US,22-10-2024,partner,Basic,31,False,0,S-f4059b,A-c70870,15-12-2024,31-12-2026,Pro,43,0,0,True,True,False,False,annual,True,71.0,28319.0,5.0,A-c70870,5.0,2.4,0.0
A-c70870,Company_253,Cybersecurity,US,22-10-2024,partner,Basic,31,False,0,S-d1aacf,A-c70870,06-12-2024,31-12-2026,Basic,31,589,7068,False,True,False,False,annual,True,44.0,17318.0,1.0,A-c70870,5.0,2.4,0.0
A-c70870,Company_253,Cybersecurity,US,22-10-2024,partner,Basic,31,False,0,S-9e6f0c,A-c70870,11-11-2024,31-12-2026,Basic,31,589,7068,False,False,False,False,monthly,True,18.0,2450.0,1.0,A-c70870,5.0,2.4,0.0
A-c70870,Company_253,Cybersecurity,US,22-10-2024,partner,Basic,31,False,0,S-6eeae1,A-c70870,29-12-2024,31-12-2026,Pro,94,4606,55272,False,False,False,False,annual,True,18.0,5975.0,3.0,A-c70870,5.0,2.4,0.0
A-7c4956,Company_254,DevTools,US,06-05-2023,ads,Enterprise,5,False,1,S-02c3e7,A-7c4956,14-08-2024,31-12-2026,Enterprise,6,1194,14328,False,False,False,False,annual,True,67.0,19897.0,7.0,A-7c4956,3.0,1.3333333333333333,0.0
A-7c4956,Company_254,DevTools,US,06-05-2023,ads,Enterprise,5,False,1,S-b84a07,A-7c4956,05-06-2023,31-12-2026,Pro,9,441,5292,False,False,False,False,annual,True,73.0,26561.0,4.0,A-7c4956,3.0,1.3333333333333333,0.0
A-7c4956,Company_254,DevTools,US,06-05-2023,ads,Enterprise,5,False,1,S-06e837,A-7c4956,17-12-2023,29-03-2024,Basic,9,0,0,True,False,False,True,annual,True,28.0,8183.0,1.0,A-7c4956,3.0,1.3333333333333333,0.0
A-7c4956,Company_254,DevTools,US,06-05-2023,ads,Enterprise,5,False,1,S-8ec197,A-7c4956,02-11-2023,10-10-2024,Basic,51,0,0,True,False,False,True,monthly,True,76.0,20381.0,8.0,A-7c4956,3.0,1.3333333333333333,0.0
A-7c4956,Company_254,DevTools,US,06-05-2023,ads,Enterprise,5,False,1,S-b5035b,A-7c4956,28-12-2023,31-12-2026,Enterprise,5,995,11940,False,False,False,False,monthly,True,78.0,13805.0,7.0,A-7c4956,3.0,1.3333333333333333,0.0
A-7c4956,Company_254,DevTools,US,06-05-2023,ads,Enterprise,5,False,1,S-0b059f,A-7c4956,10-07-2023,30-11-2023,Basic,5,95,1140,False,False,False,True,monthly,False,63.0,20479.0,5.0,A-7c4956,3.0,1.3333333333333333,0.0
A-7c4956,Company_254,DevTools,US,06-05-2023,ads,Enterprise,5,False,1,S-6fde5e,A-7c4956,20-12-2024,31-12-2026,Basic,27,513,6156,False,False,False,False,annual,True,84.0,20353.0,5.0,A-7c4956,3.0,1.3333333333333333,0.0
A-7c4956,Company_254,DevTools,US,06-05-2023,ads,Enterprise,5,False,1,S-a9a5a1,A-7c4956,05-06-2023,31-12-2026,Basic,9,171,2052,False,False,False,False,monthly,False,6.0,48.0,3.0,A-7c4956,3.0,1.3333333333333333,0.0
A-0651a4,Company_255,HealthTech,FR,16-10-2024,organic,Pro,16,False,0,S-8c10c1,A-0651a4,25-12-2024,31-12-2026,Enterprise,65,12935,155220,False,False,False,False,annual,True,49.0,13689.0,5.0,A-0651a4,4.0,2.0,0.0
A-0651a4,Company_255,HealthTech,FR,16-10-2024,organic,Pro,16,False,0,S-c9da7a,A-0651a4,10-11-2024,31-12-2026,Basic,16,304,3648,False,False,False,False,monthly,True,39.0,10788.0,0.0,A-0651a4,4.0,2.0,0.0
A-0651a4,Company_255,HealthTech,FR,16-10-2024,organic,Pro,16,False,0,S-1ebe39,A-0651a4,02-11-2024,31-12-2026,Enterprise,19,3781,45372,False,False,False,False,annual,True,21.0,6377.0,4.0,A-0651a4,4.0,2.0,0.0
A-0651a4,Company_255,HealthTech,FR,16-10-2024,organic,Pro,16,False,0,S-86fd71,A-0651a4,27-10-2024,31-12-2026,Enterprise,60,11940,143280,False,False,False,False,annual,True,88.0,21438.0,2.0,A-0651a4,4.0,2.0,0.0
A-0651a4,Company_255,HealthTech,FR,16-10-2024,organic,Pro,16,False,0,S-e62fc9,A-0651a4,23-12-2024,31-12-2026,Pro,16,784,9408,False,False,False,False,monthly,False,67.0,24147.0,2.0,A-0651a4,4.0,2.0,0.0
A-0651a4,Company_255,HealthTech,FR,16-10-2024,organic,Pro,16,False,0,S-d44088,A-0651a4,21-12-2024,23-12-2024,Pro,16,0,0,True,False,False,True,annual,True,22.0,7470.0,4.0,A-0651a4,4.0,2.0,0.0
A-0651a4,Company_255,HealthTech,FR,16-10-2024,organic,Pro,16,False,0,S-1bbdb1,A-0651a4,13-12-2024,31-12-2026,Basic,54,0,0,True,False,False,False,annual,False,70.0,17330.0,1.0,A-0651a4,4.0,2.0,0.0
A-0651a4,Company_255,HealthTech,FR,16-10-2024,organic,Pro,16,False,0,S-4b7873,A-0651a4,25-11-2024,31-12-2026,Basic,16,304,3648,False,False,False,False,annual,True,52.0,14753.0,3.0,A-0651a4,4.0,2.0,0.0
A-0651a4,Company_255,HealthTech,FR,16-10-2024,organic,Pro,16,False,0,S-16486d,A-0651a4,15-12-2024,31-12-2026,Pro,16,784,9408,False,False,False,False,monthly,True,41.0,13572.0,0.0,A-0651a4,4.0,2.0,0.0
A-0651a4,Company_255,HealthTech,FR,16-10-2024,organic,Pro,16,False,0,S-7fa78f,A-0651a4,13-12-2024,31-12-2026,Enterprise,16,3184,38208,False,False,False,False,monthly,True,26.0,10270.0,4.0,A-0651a4,4.0,2.0,0.0
A-0651a4,Company_255,HealthTech,FR,16-10-2024,organic,Pro,16,False,0,S-f409d8,A-0651a4,04-12-2024,31-12-2026,Enterprise,16,3184,38208,False,False,False,False,annual,True,66.0,17826.0,0.0,A-0651a4,4.0,2.0,0.0
A-0651a4,Company_255,HealthTech,FR,16-10-2024,organic,Pro,16,False,0,S-8ea942,A-0651a4,19-12-2024,31-12-2026,Enterprise,36,0,0,True,False,False,False,annual,True,38.0,15458.0,5.0,A-0651a4,4.0,2.0,0.0
A-0651a4,Company_255,HealthTech,FR,16-10-2024,organic,Pro,16,False,0,S-82b11e,A-0651a4,06-12-2024,31-12-2026,Basic,21,399,4788,False,False,False,False,annual,True,58.0,10487.0,5.0,A-0651a4,4.0,2.0,0.0
A-0651a4,Company_255,HealthTech,FR,16-10-2024,organic,Pro,16,False,0,S-e1820e,A-0651a4,24-11-2024,31-12-2026,Enterprise,19,3781,45372,False,False,False,False,annual,True,33.0,8824.0,0.0,A-0651a4,4.0,2.0,0.0
A-0651a4,Company_255,HealthTech,FR,16-10-2024,organic,Pro,16,False,0,S-510009,A-0651a4,16-11-2024,31-12-2026,Enterprise,16,3184,38208,False,False,False,False,monthly,True,35.0,8997.0,2.0,A-0651a4,4.0,2.0,0.0
A-3ce5b8,Company_256,FinTech,IN,07-09-2023,ads,Basic,8,False,1,S-dabcd2,A-3ce5b8,22-09-2024,31-12-2026,Pro,28,0,0,True,False,False,False,monthly,True,85.0,29973.0,4.0,A-3ce5b8,10.0,2.6,0.0
A-3ce5b8,Company_256,FinTech,IN,07-09-2023,ads,Basic,8,False,1,S-dc7143,A-3ce5b8,28-04-2024,31-12-2026,Enterprise,14,2786,33432,False,False,False,False,monthly,True,57.0,13616.0,0.0,A-3ce5b8,10.0,2.6,0.0
A-3ce5b8,Company_256,FinTech,IN,07-09-2023,ads,Basic,8,False,1,S-e32bf8,A-3ce5b8,05-06-2024,31-12-2026,Enterprise,8,1592,19104,False,False,False,False,annual,True,54.0,16016.0,3.0,A-3ce5b8,10.0,2.6,0.0
A-3ce5b8,Company_256,FinTech,IN,07-09-2023,ads,Basic,8,False,1,S-e11518,A-3ce5b8,15-12-2023,31-12-2026,Pro,189,9261,111132,False,False,False,False,annual,True,31.0,11301.0,1.0,A-3ce5b8,10.0,2.6,0.0
A-3ce5b8,Company_256,FinTech,IN,07-09-2023,ads,Basic,8,False,1,S-2f7250,A-3ce5b8,05-03-2024,31-12-2026,Pro,36,1764,21168,False,False,False,False,monthly,True,64.0,15717.0,1.0,A-3ce5b8,10.0,2.6,0.0
A-3ce5b8,Company_256,FinTech,IN,07-09-2023,ads,Basic,8,False,1,S-b32a70,A-3ce5b8,30-09-2024,31-12-2026,Basic,8,152,1824,False,False,False,False,monthly,True,66.0,18784.0,7.0,A-3ce5b8,10.0,2.6,0.0
A-3ce5b8,Company_256,FinTech,IN,07-09-2023,ads,Basic,8,False,1,S-b991d2,A-3ce5b8,17-02-2024,31-12-2026,Pro,8,392,4704,False,False,False,False,annual,True,54.0,22837.0,5.0,A-3ce5b8,10.0,2.6,0.0
A-3ce5b8,Company_256,FinTech,IN,07-09-2023,ads,Basic,8,False,1,S-c48d0d,A-3ce5b8,22-05-2024,31-12-2026,Basic,37,703,8436,False,False,False,False,annual,True,53.0,11690.0,1.0,A-3ce5b8,10.0,2.6,0.0
A-3ce5b8,Company_256,FinTech,IN,07-09-2023,ads,Basic,8,False,1,S-e4a862,A-3ce5b8,03-10-2024,31-12-2026,Enterprise,8,0,0,True,False,False,False,annual,True,45.0,7868.0,7.0,A-3ce5b8,10.0,2.6,0.0
A-bd4708,Company_257,FinTech,US,21-07-2024,ads,Pro,37,True,0,S-72b92f,A-bd4708,14-12-2024,31-12-2026,Enterprise,37,7363,88356,False,False,False,False,monthly,False,10.0,1770.0,1.0,A-bd4708,4.0,1.75,0.0
A-bd4708,Company_257,FinTech,US,21-07-2024,ads,Pro,37,True,0,S-8e6903,A-bd4708,15-09-2024,31-12-2026,Basic,37,703,8436,False,False,False,False,monthly,False,71.0,21643.0,4.0,A-bd4708,4.0,1.75,0.0
A-bd4708,Company_257,FinTech,US,21-07-2024,ads,Pro,37,True,0,S-bd1ee1,A-bd4708,18-12-2024,31-12-2026,Enterprise,37,7363,88356,False,False,False,False,monthly,True,118.0,38138.0,1.0,A-bd4708,4.0,1.75,0.0
A-bd4708,Company_257,FinTech,US,21-07-2024,ads,Pro,37,True,0,S-e83351,A-bd4708,02-10-2024,31-12-2026,Pro,69,3381,40572,False,True,False,False,annual,True,40.0,14189.0,3.0,A-bd4708,4.0,1.75,0.0
A-bd4708,Company_257,FinTech,US,21-07-2024,ads,Pro,37,True,0,S-02949d,A-bd4708,02-12-2024,31-12-2026,Pro,37,1813,21756,False,False,False,False,annual,True,90.0,32365.0,7.0,A-bd4708,4.0,1.75,0.0
A-bd4708,Company_257,FinTech,US,21-07-2024,ads,Pro,37,True,0,S-651c01,A-bd4708,28-08-2024,31-12-2026,Basic,37,0,0,True,False,False,False,annual,True,24.0,5470.0,1.0,A-bd4708,4.0,1.75,0.0
A-bd4708,Company_257,FinTech,US,21-07-2024,ads,Pro,37,True,0,S-71d31c,A-bd4708,16-12-2024,31-12-2026,Basic,37,0,0,True,False,False,False,annual,False,19.0,8275.0,4.0,A-bd4708,4.0,1.75,0.0
A-bd4708,Company_257,FinTech,US,21-07-2024,ads,Pro,37,True,0,S-b18d59,A-bd4708,20-10-2024,31-12-2026,Pro,37,1813,21756,False,False,False,False,annual,True,53.0,7271.0,1.0,A-bd4708,4.0,1.75,0.0
A-bd4708,Company_257,FinTech,US,21-07-2024,ads,Pro,37,True,0,S-c021c2,A-bd4708,24-07-2024,31-12-2026,Enterprise,37,7363,88356,False,False,False,False,annual,True,38.0,14292.0,1.0,A-bd4708,4.0,1.75,0.0
A-bd4708,Company_257,FinTech,US,21-07-2024,ads,Pro,37,True,0,S-684915,A-bd4708,05-12-2024,31-12-2026,Enterprise,37,0,0,True,False,False,False,annual,True,69.0,23198.0,6.0,A-bd4708,4.0,1.75,0.0
A-bd4708,Company_257,FinTech,US,21-07-2024,ads,Pro,37,True,0,S-70c734,A-bd4708,05-09-2024,31-12-2026,Pro,37,1813,21756,False,False,False,False,annual,True,50.0,10774.0,1.0,A-bd4708,4.0,1.75,0.0
A-bd4708,Company_257,FinTech,US,21-07-2024,ads,Pro,37,True,0,S-3b0fbb,A-bd4708,12-10-2024,31-12-2026,Pro,59,0,0,True,False,False,False,annual,False,27.0,12503.0,0.0,A-bd4708,4.0,1.75,0.0
A-bd4708,Company_257,FinTech,US,21-07-2024,ads,Pro,37,True,0,S-d302e2,A-bd4708,31-08-2024,31-12-2026,Enterprise,37,7363,88356,False,False,False,False,annual,True,44.0,12009.0,0.0,A-bd4708,4.0,1.75,0.0
A-993085,Company_258,HealthTech,US,01-06-2023,ads,Basic,31,True,0,S-73a4e4,A-993085,09-09-2024,31-12-2026,Pro,31,1519,18228,False,False,False,False,monthly,True,58.0,25109.0,4.0,A-993085,4.0,1.75,0.0
A-993085,Company_258,HealthTech,US,01-06-2023,ads,Basic,31,True,0,S-22f848,A-993085,15-10-2023,31-12-2026,Enterprise,49,9751,117012,False,False,False,False,annual,True,86.0,31532.0,1.0,A-993085,4.0,1.75,0.0
A-993085,Company_258,HealthTech,US,01-06-2023,ads,Basic,31,True,0,S-d74a31,A-993085,23-09-2024,31-12-2026,Pro,33,1617,19404,False,False,False,False,monthly,True,49.0,19395.0,8.0,A-993085,4.0,1.75,0.0
A-993085,Company_258,HealthTech,US,01-06-2023,ads,Basic,31,True,0,S-648e54,A-993085,28-06-2024,31-12-2026,Pro,31,1519,18228,False,True,False,False,monthly,True,52.0,11400.0,0.0,A-993085,4.0,1.75,0.0
A-993085,Company_258,HealthTech,US,01-06-2023,ads,Basic,31,True,0,S-53d6be,A-993085,11-05-2024,31-12-2026,Enterprise,31,0,0,True,False,False,False,monthly,True,8.0,2032.0,0.0,A-993085,4.0,1.75,0.0
A-993085,Company_258,HealthTech,US,01-06-2023,ads,Basic,31,True,0,S-b76de2,A-993085,18-08-2023,31-12-2026,Pro,31,1519,18228,False,False,False,False,annual,True,40.0,12940.0,1.0,A-993085,4.0,1.75,0.0
A-993085,Company_258,HealthTech,US,01-06-2023,ads,Basic,31,True,0,S-0d93fe,A-993085,09-08-2023,31-12-2026,Basic,31,589,7068,False,False,False,False,monthly,True,67.0,14967.0,6.0,A-993085,4.0,1.75,0.0
A-993085,Company_258,HealthTech,US,01-06-2023,ads,Basic,31,True,0,S-408c2f,A-993085,23-11-2023,31-12-2026,Basic,31,589,7068,False,False,False,False,annual,True,26.0,11100.0,5.0,A-993085,4.0,1.75,0.0
A-993085,Company_258,HealthTech,US,01-06-2023,ads,Basic,31,True,0,S-f5bef8,A-993085,22-09-2023,31-12-2026,Enterprise,40,7960,95520,False,False,True,False,monthly,True,66.0,24525.0,8.0,A-993085,4.0,1.75,0.0
A-993085,Company_258,HealthTech,US,01-06-2023,ads,Basic,31,True,0,S-a80511,A-993085,14-09-2024,31-12-2026,Pro,31,1519,18228,False,False,False,False,annual,True,68.0,28436.0,5.0,A-993085,4.0,1.75,0.0
A-993085,Company_258,HealthTech,US,01-06-2023,ads,Basic,31,True,0,S-41bb1b,A-993085,17-08-2024,31-12-2026,Basic,31,589,7068,False,False,False,False,annual,True,13.0,5198.0,0.0,A-993085,4.0,1.75,0.0
A-993085,Company_258,HealthTech,US,01-06-2023,ads,Basic,31,True,0,S-532e80,A-993085,30-09-2023,31-12-2026,Enterprise,31,6169,74028,False,False,False,False,annual,False,13.0,363.0,1.0,A-993085,4.0,1.75,0.0
A-993085,Company_258,HealthTech,US,01-06-2023,ads,Basic,31,True,0,S-44ed0c,A-993085,30-10-2023,31-12-2026,Enterprise,31,6169,74028,False,False,True,False,annual,False,41.0,16823.0,5.0,A-993085,4.0,1.75,0.0
A-993085,Company_258,HealthTech,US,01-06-2023,ads,Basic,31,True,0,S-907e70,A-993085,05-08-2023,31-12-2026,Basic,31,589,7068,False,False,False,False,monthly,True,47.0,7772.0,2.0,A-993085,4.0,1.75,0.0
A-993085,Company_258,HealthTech,US,01-06-2023,ads,Basic,31,True,0,S-0455a5,A-993085,22-10-2024,10-11-2024,Enterprise,42,8358,100296,False,True,False,True,monthly,False,31.0,4423.0,4.0,A-993085,4.0,1.75,0.0
A-92a3af,Company_259,Cybersecurity,IN,07-07-2024,organic,Enterprise,25,False,0,S-c005ac,A-92a3af,18-09-2024,31-12-2026,Enterprise,25,4975,59700,False,False,False,False,annual,True,61.0,17152.0,8.0,A-92a3af,4.0,2.0,1.0
A-92a3af,Company_259,Cybersecurity,IN,07-07-2024,organic,Enterprise,25,False,0,S-9a065e,A-92a3af,24-11-2024,31-12-2026,Pro,25,1225,14700,False,False,False,False,monthly,True,16.0,7496.0,4.0,A-92a3af,4.0,2.0,1.0
A-92a3af,Company_259,Cybersecurity,IN,07-07-2024,organic,Enterprise,25,False,0,S-2a9676,A-92a3af,23-07-2024,31-12-2026,Pro,25,1225,14700,False,False,False,False,annual,True,59.0,24843.0,5.0,A-92a3af,4.0,2.0,1.0
A-92a3af,Company_259,Cybersecurity,IN,07-07-2024,organic,Enterprise,25,False,0,S-1ad030,A-92a3af,01-09-2024,31-12-2026,Enterprise,25,4975,59700,False,False,False,False,annual,False,71.0,22276.0,3.0,A-92a3af,4.0,2.0,1.0
A-92a3af,Company_259,Cybersecurity,IN,07-07-2024,organic,Enterprise,25,False,0,S-22cbb3,A-92a3af,30-10-2024,31-12-2026,Pro,77,3773,45276,False,False,True,False,monthly,False,50.0,14850.0,2.0,A-92a3af,4.0,2.0,1.0
A-92a3af,Company_259,Cybersecurity,IN,07-07-2024,organic,Enterprise,25,False,0,S-19858e,A-92a3af,17-09-2024,31-12-2026,Pro,30,1470,17640,False,False,True,False,annual,True,103.0,30403.0,7.0,A-92a3af,4.0,2.0,1.0
A-92a3af,Company_259,Cybersecurity,IN,07-07-2024,organic,Enterprise,25,False,0,S-e874c1,A-92a3af,24-07-2024,31-12-2026,Pro,34,1666,19992,False,False,False,False,monthly,False,84.0,24434.0,1.0,A-92a3af,4.0,2.0,1.0
A-92a3af,Company_259,Cybersecurity,IN,07-07-2024,organic,Enterprise,25,False,0,S-6a9918,A-92a3af,07-11-2024,31-12-2026,Enterprise,35,6965,83580,False,False,False,False,annual,False,99.0,31700.0,9.0,A-92a3af,4.0,2.0,1.0
A-92a3af,Company_259,Cybersecurity,IN,07-07-2024,organic,Enterprise,25,False,0,S-75c438,A-92a3af,14-08-2024,31-12-2026,Pro,34,1666,19992,False,False,False,False,monthly,True,65.0,18328.0,7.0,A-92a3af,4.0,2.0,1.0
A-92a3af,Company_259,Cybersecurity,IN,07-07-2024,organic,Enterprise,25,False,0,S-b18409,A-92a3af,26-10-2024,31-12-2026,Pro,25,1225,14700,False,False,False,False,monthly,True,77.0,21843.0,6.0,A-92a3af,4.0,2.0,1.0
A-92a3af,Company_259,Cybersecurity,IN,07-07-2024,organic,Enterprise,25,False,0,S-7d5bf1,A-92a3af,19-09-2024,31-12-2026,Enterprise,27,5373,64476,False,False,False,False,monthly,True,29.0,4864.0,3.0,A-92a3af,4.0,2.0,1.0
A-151c9a,Company_260,FinTech,US,27-01-2023,ads,Enterprise,23,False,0,S-da9f05,A-151c9a,08-05-2023,31-12-2026,Pro,23,1127,13524,False,False,True,False,annual,True,69.0,18309.0,2.0,A-151c9a,2.0,3.5,0.0
A-151c9a,Company_260,FinTech,US,27-01-2023,ads,Enterprise,23,False,0,S-c033fa,A-151c9a,26-06-2024,31-12-2026,Pro,52,2548,30576,False,False,False,False,monthly,False,68.0,25324.0,4.0,A-151c9a,2.0,3.5,0.0
A-151c9a,Company_260,FinTech,US,27-01-2023,ads,Enterprise,23,False,0,S-f9e2ca,A-151c9a,10-06-2024,31-12-2026,Enterprise,23,4577,54924,False,False,False,False,annual,True,62.0,23532.0,5.0,A-151c9a,2.0,3.5,0.0
A-151c9a,Company_260,FinTech,US,27-01-2023,ads,Enterprise,23,False,0,S-909612,A-151c9a,10-02-2024,31-12-2026,Enterprise,23,4577,54924,False,False,False,False,monthly,True,86.0,23380.0,0.0,A-151c9a,2.0,3.5,0.0
A-151c9a,Company_260,FinTech,US,27-01-2023,ads,Enterprise,23,False,0,S-f24609,A-151c9a,14-07-2023,31-12-2026,Pro,29,1421,17052,False,False,False,False,monthly,True,81.0,30362.0,3.0,A-151c9a,2.0,3.5,0.0
A-474ad4,Company_261,EdTech,US,28-11-2023,organic,Basic,8,False,0,S-3660bb,A-474ad4,14-12-2024,31-12-2026,Enterprise,10,0,0,True,False,False,False,monthly,False,29.0,12244.0,1.0,A-474ad4,3.0,1.6666666666666667,1.0
A-474ad4,Company_261,EdTech,US,28-11-2023,organic,Basic,8,False,0,S-8a9db8,A-474ad4,30-11-2024,07-12-2024,Enterprise,8,1592,19104,False,False,False,True,annual,True,36.0,13892.0,4.0,A-474ad4,3.0,1.6666666666666667,1.0
A-474ad4,Company_261,EdTech,US,28-11-2023,organic,Basic,8,False,0,S-40cbc0,A-474ad4,18-04-2024,31-12-2026,Basic,8,152,1824,False,False,False,False,annual,True,63.0,23620.0,7.0,A-474ad4,3.0,1.6666666666666667,1.0
A-474ad4,Company_261,EdTech,US,28-11-2023,organic,Basic,8,False,0,S-381917,A-474ad4,02-07-2024,31-12-2026,Pro,17,833,9996,False,False,False,False,monthly,True,55.0,17182.0,4.0,A-474ad4,3.0,1.6666666666666667,1.0
A-474ad4,Company_261,EdTech,US,28-11-2023,organic,Basic,8,False,0,S-383fc5,A-474ad4,03-07-2024,31-12-2026,Enterprise,8,0,0,True,False,False,False,monthly,True,66.0,13781.0,3.0,A-474ad4,3.0,1.6666666666666667,1.0
A-474ad4,Company_261,EdTech,US,28-11-2023,organic,Basic,8,False,0,S-80f65d,A-474ad4,06-01-2024,31-12-2026,Basic,23,437,5244,False,False,False,False,monthly,True,22.0,7636.0,0.0,A-474ad4,3.0,1.6666666666666667,1.0
A-474ad4,Company_261,EdTech,US,28-11-2023,organic,Basic,8,False,0,S-504bce,A-474ad4,28-11-2024,30-12-2024,Enterprise,41,0,0,True,False,False,True,annual,True,76.0,15781.0,6.0,A-474ad4,3.0,1.6666666666666667,1.0
A-474ad4,Company_261,EdTech,US,28-11-2023,organic,Basic,8,False,0,S-7eb81c,A-474ad4,15-01-2024,31-12-2026,Pro,8,392,4704,False,False,False,False,monthly,False,25.0,8402.0,2.0,A-474ad4,3.0,1.6666666666666667,1.0
A-474ad4,Company_261,EdTech,US,28-11-2023,organic,Basic,8,False,0,S-1224ea,A-474ad4,10-12-2023,31-12-2026,Pro,8,0,0,True,False,False,False,monthly,True,24.0,8608.0,1.0,A-474ad4,3.0,1.6666666666666667,1.0
A-474ad4,Company_261,EdTech,US,28-11-2023,organic,Basic,8,False,0,S-b5a1a0,A-474ad4,04-12-2023,31-12-2026,Basic,10,190,2280,False,True,True,False,annual,True,33.0,15201.0,2.0,A-474ad4,3.0,1.6666666666666667,1.0
A-474ad4,Company_261,EdTech,US,28-11-2023,organic,Basic,8,False,0,S-e76552,A-474ad4,13-09-2024,31-12-2026,Pro,8,392,4704,False,False,False,False,monthly,False,22.0,9856.0,5.0,A-474ad4,3.0,1.6666666666666667,1.0
A-474ad4,Company_261,EdTech,US,28-11-2023,organic,Basic,8,False,0,S-e7cb68,A-474ad4,29-01-2024,31-12-2026,Pro,9,441,5292,False,False,False,False,annual,True,51.0,10608.0,2.0,A-474ad4,3.0,1.6666666666666667,1.0
A-474ad4,Company_261,EdTech,US,28-11-2023,organic,Basic,8,False,0,S-79e254,A-474ad4,23-03-2024,31-12-2026,Pro,53,2597,31164,False,False,False,False,annual,False,56.0,14909.0,3.0,A-474ad4,3.0,1.6666666666666667,1.0
A-474ad4,Company_261,EdTech,US,28-11-2023,organic,Basic,8,False,0,S-7d4d45,A-474ad4,20-12-2023,31-12-2026,Basic,17,323,3876,False,False,False,False,annual,True,38.0,11338.0,5.0,A-474ad4,3.0,1.6666666666666667,1.0
A-474ad4,Company_261,EdTech,US,28-11-2023,organic,Basic,8,False,0,S-d88b25,A-474ad4,29-12-2024,31-12-2026,Enterprise,24,4776,57312,False,False,False,False,annual,False,9.0,297.0,0.0,A-474ad4,3.0,1.6666666666666667,1.0
A-4ef964,Company_262,HealthTech,US,07-03-2024,organic,Pro,17,False,0,S-03340d,A-4ef964,01-04-2024,31-12-2026,Enterprise,17,3383,40596,False,False,False,False,annual,False,91.0,32273.0,5.0,A-4ef964,3.0,2.6666666666666665,0.0
A-4ef964,Company_262,HealthTech,US,07-03-2024,organic,Pro,17,False,0,S-a04ec4,A-4ef964,17-06-2024,31-12-2026,Pro,17,833,9996,False,False,False,False,annual,True,42.0,11663.0,4.0,A-4ef964,3.0,2.6666666666666665,0.0
A-4ef964,Company_262,HealthTech,US,07-03-2024,organic,Pro,17,False,0,S-6a7c79,A-4ef964,28-08-2024,31-12-2026,Pro,17,0,0,True,False,False,False,monthly,True,43.0,14954.0,1.0,A-4ef964,3.0,2.6666666666666665,0.0
A-4ef964,Company_262,HealthTech,US,07-03-2024,organic,Pro,17,False,0,S-d88f58,A-4ef964,11-11-2024,31-12-2026,Basic,17,323,3876,False,False,False,False,monthly,True,62.0,22273.0,5.0,A-4ef964,3.0,2.6666666666666665,0.0
A-4ef964,Company_262,HealthTech,US,07-03-2024,organic,Pro,17,False,0,S-c1164e,A-4ef964,06-09-2024,31-12-2026,Pro,70,3430,41160,False,False,False,False,monthly,False,5.0,1445.0,1.0,A-4ef964,3.0,2.6666666666666665,0.0
A-4ef964,Company_262,HealthTech,US,07-03-2024,organic,Pro,17,False,0,S-a36a36,A-4ef964,01-05-2024,31-12-2026,Pro,17,833,9996,False,False,False,False,annual,False,69.0,18704.0,8.0,A-4ef964,3.0,2.6666666666666665,0.0
A-4ef964,Company_262,HealthTech,US,07-03-2024,organic,Pro,17,False,0,S-eb23dd,A-4ef964,27-09-2024,29-10-2024,Basic,38,722,8664,False,False,False,True,monthly,True,75.0,18544.0,2.0,A-4ef964,3.0,2.6666666666666665,0.0
A-4ef964,Company_262,HealthTech,US,07-03-2024,organic,Pro,17,False,0,S-804a70,A-4ef964,28-07-2024,31-12-2026,Enterprise,17,3383,40596,False,False,False,False,monthly,True,77.0,24108.0,1.0,A-4ef964,3.0,2.6666666666666665,0.0
A-4ef964,Company_262,HealthTech,US,07-03-2024,organic,Pro,17,False,0,S-7d651b,A-4ef964,15-11-2024,31-12-2026,Pro,28,1372,16464,False,False,False,False,monthly,True,23.0,6699.0,6.0,A-4ef964,3.0,2.6666666666666665,0.0
A-fd9422,Company_263,Cybersecurity,US,04-04-2024,organic,Pro,58,False,0,S-b03125,A-fd9422,20-12-2024,31-12-2026,Pro,58,2842,34104,False,False,True,False,annual,True,119.0,35285.0,10.0,A-fd9422,6.0,3.5,1.0
A-fd9422,Company_263,Cybersecurity,US,04-04-2024,organic,Pro,58,False,0,S-c15fcc,A-fd9422,25-08-2024,02-10-2024,Basic,58,1102,13224,False,False,False,True,monthly,False,48.0,11865.0,1.0,A-fd9422,6.0,3.5,1.0
A-fd9422,Company_263,Cybersecurity,US,04-04-2024,organic,Pro,58,False,0,S-a57b2c,A-fd9422,11-12-2024,31-12-2026,Pro,58,0,0,True,False,False,False,annual,True,45.0,15525.0,2.0,A-fd9422,6.0,3.5,1.0
A-fd9422,Company_263,Cybersecurity,US,04-04-2024,organic,Pro,58,False,0,S-aaf1d0,A-fd9422,12-07-2024,31-12-2026,Enterprise,58,0,0,True,False,False,False,monthly,False,42.0,10062.0,0.0,A-fd9422,6.0,3.5,1.0
A-fd9422,Company_263,Cybersecurity,US,04-04-2024,organic,Pro,58,False,0,S-c8fedf,A-fd9422,01-11-2024,31-12-2026,Enterprise,58,11542,138504,False,False,False,False,monthly,True,37.0,17945.0,0.0,A-fd9422,6.0,3.5,1.0
A-fd9422,Company_263,Cybersecurity,US,04-04-2024,organic,Pro,58,False,0,S-a7a9c3,A-fd9422,01-10-2024,31-12-2026,Basic,58,1102,13224,False,False,False,False,annual,True,45.0,15916.0,3.0,A-fd9422,6.0,3.5,1.0
A-fd9422,Company_263,Cybersecurity,US,04-04-2024,organic,Pro,58,False,0,S-ce5fb5,A-fd9422,25-11-2024,31-12-2026,Enterprise,58,0,0,True,False,False,False,monthly,True,48.0,9320.0,1.0,A-fd9422,6.0,3.5,1.0
A-fd9422,Company_263,Cybersecurity,US,04-04-2024,organic,Pro,58,False,0,S-f9cb96,A-fd9422,09-05-2024,31-12-2026,Enterprise,58,11542,138504,False,True,False,False,annual,True,48.0,18584.0,4.0,A-fd9422,6.0,3.5,1.0
A-fd9422,Company_263,Cybersecurity,US,04-04-2024,organic,Pro,58,False,0,S-641794,A-fd9422,08-05-2024,31-12-2026,Pro,58,0,0,True,False,False,False,annual,True,24.0,8811.0,0.0,A-fd9422,6.0,3.5,1.0
A-0baac2,Company_264,FinTech,DE,30-05-2024,organic,Enterprise,14,False,1,S-afc545,A-0baac2,14-10-2024,31-12-2026,Basic,33,627,7524,False,False,False,False,annual,True,28.0,10167.0,0.0,A-0baac2,6.0,2.1666666666666665,0.0
A-0baac2,Company_264,FinTech,DE,30-05-2024,organic,Enterprise,14,False,1,S-e50d84,A-0baac2,11-12-2024,31-12-2026,Enterprise,14,2786,33432,False,False,False,False,annual,True,27.0,9631.0,1.0,A-0baac2,6.0,2.1666666666666665,0.0
A-0baac2,Company_264,FinTech,DE,30-05-2024,organic,Enterprise,14,False,1,S-33df6f,A-0baac2,11-12-2024,12-12-2024,Enterprise,14,2786,33432,False,False,False,True,monthly,True,36.0,10060.0,1.0,A-0baac2,6.0,2.1666666666666665,0.0
A-0baac2,Company_264,FinTech,DE,30-05-2024,organic,Enterprise,14,False,1,S-1fabe5,A-0baac2,10-12-2024,31-12-2026,Basic,19,361,4332,False,False,False,False,monthly,True,19.0,10011.0,0.0,A-0baac2,6.0,2.1666666666666665,0.0
A-0baac2,Company_264,FinTech,DE,30-05-2024,organic,Enterprise,14,False,1,S-21ebb6,A-0baac2,27-10-2024,31-12-2026,Enterprise,31,6169,74028,False,False,False,False,annual,True,65.0,29148.0,5.0,A-0baac2,6.0,2.1666666666666665,0.0
A-0baac2,Company_264,FinTech,DE,30-05-2024,organic,Enterprise,14,False,1,S-3c3a3e,A-0baac2,02-06-2024,13-09-2024,Enterprise,29,5771,69252,False,False,False,True,annual,True,27.0,4144.0,2.0,A-0baac2,6.0,2.1666666666666665,0.0
A-bb1486,Company_265,HealthTech,US,05-11-2024,organic,Basic,41,False,0,S-bae2c4,A-bb1486,25-12-2024,31-12-2026,Pro,67,3283,39396,False,False,False,False,annual,True,16.0,6479.0,0.0,A-bb1486,3.0,1.0,0.0
A-bb1486,Company_265,HealthTech,US,05-11-2024,organic,Basic,41,False,0,S-7f7e38,A-bb1486,13-11-2024,31-12-2026,Pro,42,2058,24696,False,False,False,False,monthly,True,40.0,15730.0,4.0,A-bb1486,3.0,1.0,0.0
A-bb1486,Company_265,HealthTech,US,05-11-2024,organic,Basic,41,False,0,S-6e5a3d,A-bb1486,23-11-2024,31-12-2026,Pro,41,2009,24108,False,False,False,False,annual,True,56.0,17914.0,2.0,A-bb1486,3.0,1.0,0.0
A-bb1486,Company_265,HealthTech,US,05-11-2024,organic,Basic,41,False,0,S-ed61a2,A-bb1486,17-11-2024,31-12-2026,Pro,69,3381,40572,False,False,False,False,monthly,True,44.0,12943.0,4.0,A-bb1486,3.0,1.0,0.0
A-bb1486,Company_265,HealthTech,US,05-11-2024,organic,Basic,41,False,0,S-58ccb4,A-bb1486,18-11-2024,31-12-2026,Pro,41,2009,24108,False,False,True,False,monthly,True,101.0,33063.0,14.0,A-bb1486,3.0,1.0,0.0
A-bb1486,Company_265,HealthTech,US,05-11-2024,organic,Basic,41,False,0,S-551502,A-bb1486,09-12-2024,31-12-2026,Basic,41,779,9348,False,False,False,False,monthly,False,45.0,11387.0,3.0,A-bb1486,3.0,1.0,0.0
A-bb1486,Company_265,HealthTech,US,05-11-2024,organic,Basic,41,False,0,S-62fa42,A-bb1486,06-12-2024,19-12-2024,Basic,41,779,9348,False,False,True,True,annual,False,39.0,11635.0,6.0,A-bb1486,3.0,1.0,0.0
A-bb1486,Company_265,HealthTech,US,05-11-2024,organic,Basic,41,False,0,S-a19f87,A-bb1486,18-12-2024,31-12-2026,Pro,41,2009,24108,False,False,False,False,annual,True,64.0,9794.0,3.0,A-bb1486,3.0,1.0,0.0
A-560d27,Company_266,DevTools,US,05-05-2024,organic,Pro,23,False,0,S-5d299e,A-560d27,25-10-2024,31-12-2026,Enterprise,23,4577,54924,False,False,False,False,monthly,True,51.0,25071.0,0.0,A-560d27,4.0,2.75,0.0
A-560d27,Company_266,DevTools,US,05-05-2024,organic,Pro,23,False,0,S-214d98,A-560d27,01-06-2024,31-12-2026,Pro,23,1127,13524,False,False,False,False,annual,False,71.0,16345.0,4.0,A-560d27,4.0,2.75,0.0
A-560d27,Company_266,DevTools,US,05-05-2024,organic,Pro,23,False,0,S-6f6fca,A-560d27,07-11-2024,31-12-2026,Enterprise,50,0,0,True,True,False,False,annual,True,66.0,23281.0,3.0,A-560d27,4.0,2.75,0.0
A-560d27,Company_266,DevTools,US,05-05-2024,organic,Pro,23,False,0,S-cb54dc,A-560d27,17-11-2024,31-12-2026,Enterprise,42,0,0,True,False,False,False,annual,False,77.0,16194.0,10.0,A-560d27,4.0,2.75,0.0
A-560d27,Company_266,DevTools,US,05-05-2024,organic,Pro,23,False,0,S-1bc5a4,A-560d27,31-07-2024,31-12-2026,Enterprise,23,4577,54924,False,False,False,False,monthly,False,13.0,1885.0,0.0,A-560d27,4.0,2.75,0.0
A-560d27,Company_266,DevTools,US,05-05-2024,organic,Pro,23,False,0,S-d3f138,A-560d27,21-10-2024,18-11-2024,Enterprise,23,4577,54924,False,False,False,True,monthly,False,28.0,8345.0,0.0,A-560d27,4.0,2.75,0.0
A-560d27,Company_266,DevTools,US,05-05-2024,organic,Pro,23,False,0,S-6e8126,A-560d27,04-11-2024,31-12-2026,Basic,23,437,5244,False,False,False,False,annual,False,60.0,23272.0,3.0,A-560d27,4.0,2.75,0.0
A-560d27,Company_266,DevTools,US,05-05-2024,organic,Pro,23,False,0,S-a603dd,A-560d27,12-11-2024,31-12-2026,Basic,23,437,5244,False,False,False,False,monthly,True,84.0,25887.0,4.0,A-560d27,4.0,2.75,0.0
A-560d27,Company_266,DevTools,US,05-05-2024,organic,Pro,23,False,0,S-899319,A-560d27,23-07-2024,31-12-2026,Enterprise,57,11343,136116,False,False,False,False,monthly,True,32.0,8944.0,7.0,A-560d27,4.0,2.75,0.0
A-560d27,Company_266,DevTools,US,05-05-2024,organic,Pro,23,False,0,S-0cb4fe,A-560d27,31-05-2024,31-12-2026,Enterprise,71,14129,169548,False,False,False,False,monthly,True,35.0,10595.0,2.0,A-560d27,4.0,2.75,0.0
A-560d27,Company_266,DevTools,US,05-05-2024,organic,Pro,23,False,0,S-f3f2bd,A-560d27,17-12-2024,31-12-2026,Basic,29,0,0,True,False,False,False,annual,True,34.0,10636.0,2.0,A-560d27,4.0,2.75,0.0
A-560d27,Company_266,DevTools,US,05-05-2024,organic,Pro,23,False,0,S-f76252,A-560d27,07-10-2024,31-12-2026,Basic,23,437,5244,False,False,False,False,annual,True,36.0,15161.0,3.0,A-560d27,4.0,2.75,0.0
A-0b0d6d,Company_267,DevTools,US,30-12-2024,organic,Pro,3,False,0,S-a69aed,A-0b0d6d,30-12-2024,31-12-2026,Basic,3,57,684,False,False,False,False,monthly,True,76.0,17960.0,14.0,A-0b0d6d,5.0,1.6,1.0
A-0b0d6d,Company_267,DevTools,US,30-12-2024,organic,Pro,3,False,0,S-b35b20,A-0b0d6d,31-12-2024,31-12-2026,Pro,3,147,1764,False,True,False,False,monthly,True,97.0,22633.0,7.0,A-0b0d6d,5.0,1.6,1.0
A-0b0d6d,Company_267,DevTools,US,30-12-2024,organic,Pro,3,False,0,S-a405f7,A-0b0d6d,30-12-2024,31-12-2026,Pro,22,1078,12936,False,False,False,False,annual,True,30.0,7786.0,1.0,A-0b0d6d,5.0,1.6,1.0
A-0b0d6d,Company_267,DevTools,US,30-12-2024,organic,Pro,3,False,0,S-b81c97,A-0b0d6d,31-12-2024,31-12-2026,Pro,18,882,10584,False,False,False,False,monthly,True,65.0,22042.0,2.0,A-0b0d6d,5.0,1.6,1.0
A-0b0d6d,Company_267,DevTools,US,30-12-2024,organic,Pro,3,False,0,S-246942,A-0b0d6d,31-12-2024,31-12-2026,Enterprise,45,8955,107460,False,False,False,False,monthly,True,33.0,8210.0,1.0,A-0b0d6d,5.0,1.6,1.0
A-0b0d6d,Company_267,DevTools,US,30-12-2024,organic,Pro,3,False,0,S-3236ee,A-0b0d6d,31-12-2024,31-12-2026,Basic,13,247,2964,False,False,False,False,monthly,True,50.0,10385.0,4.0,A-0b0d6d,5.0,1.6,1.0
A-0b0d6d,Company_267,DevTools,US,30-12-2024,organic,Pro,3,False,0,S-6ef81d,A-0b0d6d,30-12-2024,31-12-2024,Basic,25,475,5700,False,False,False,True,annual,True,30.0,2829.0,4.0,A-0b0d6d,5.0,1.6,1.0
A-0b0d6d,Company_267,DevTools,US,30-12-2024,organic,Pro,3,False,0,S-7e145e,A-0b0d6d,31-12-2024,31-12-2026,Enterprise,52,10348,124176,False,False,False,False,annual,True,30.0,7692.0,0.0,A-0b0d6d,5.0,1.6,1.0
A-0b0d6d,Company_267,DevTools,US,30-12-2024,organic,Pro,3,False,0,S-5e0619,A-0b0d6d,31-12-2024,31-12-2026,Pro,6,294,3528,False,False,False,False,annual,True,68.0,28028.0,10.0,A-0b0d6d,5.0,1.6,1.0
A-0b0d6d,Company_267,DevTools,US,30-12-2024,organic,Pro,3,False,0,S-6f47c5,A-0b0d6d,31-12-2024,31-12-2024,Enterprise,13,2587,31044,False,False,False,True,annual,True,27.0,7527.0,1.0,A-0b0d6d,5.0,1.6,1.0
A-0b0d6d,Company_267,DevTools,US,30-12-2024,organic,Pro,3,False,0,S-5c4dd7,A-0b0d6d,31-12-2024,31-12-2026,Pro,21,1029,12348,False,False,False,False,annual,True,46.0,19396.0,3.0,A-0b0d6d,5.0,1.6,1.0
A-0b0d6d,Company_267,DevTools,US,30-12-2024,organic,Pro,3,False,0,S-196e49,A-0b0d6d,30-12-2024,31-12-2026,Basic,12,228,2736,False,False,False,False,monthly,True,21.0,4620.0,0.0,A-0b0d6d,5.0,1.6,1.0
A-0b0d6d,Company_267,DevTools,US,30-12-2024,organic,Pro,3,False,0,S-ef2703,A-0b0d6d,30-12-2024,31-12-2026,Enterprise,36,7164,85968,False,False,False,False,annual,True,9.0,3303.0,1.0,A-0b0d6d,5.0,1.6,1.0
A-2789e3,Company_268,FinTech,US,14-09-2024,partner,Enterprise,11,False,0,S-a805a5,A-2789e3,18-09-2024,31-12-2026,Basic,33,627,7524,False,False,False,False,monthly,True,53.0,15039.0,4.0,A-2789e3,4.0,3.0,0.0
A-2789e3,Company_268,FinTech,US,14-09-2024,partner,Enterprise,11,False,0,S-1cff18,A-2789e3,03-10-2024,31-12-2026,Basic,11,209,2508,False,False,False,False,monthly,True,46.0,12807.0,9.0,A-2789e3,4.0,3.0,0.0
A-2789e3,Company_268,FinTech,US,14-09-2024,partner,Enterprise,11,False,0,S-18f7e5,A-2789e3,04-12-2024,31-12-2026,Enterprise,30,5970,71640,False,False,False,False,annual,True,38.0,17576.0,3.0,A-2789e3,4.0,3.0,0.0
A-2789e3,Company_268,FinTech,US,14-09-2024,partner,Enterprise,11,False,0,S-5eb846,A-2789e3,10-12-2024,31-12-2026,Pro,11,539,6468,False,False,False,False,monthly,False,34.0,10045.0,6.0,A-2789e3,4.0,3.0,0.0
A-2789e3,Company_268,FinTech,US,14-09-2024,partner,Enterprise,11,False,0,S-d2fae0,A-2789e3,10-10-2024,31-12-2026,Enterprise,11,0,0,True,False,False,False,monthly,True,59.0,24287.0,1.0,A-2789e3,4.0,3.0,0.0
A-2789e3,Company_268,FinTech,US,14-09-2024,partner,Enterprise,11,False,0,S-bcbe03,A-2789e3,22-10-2024,31-12-2026,Basic,11,209,2508,False,False,False,False,monthly,False,24.0,7443.0,3.0,A-2789e3,4.0,3.0,0.0
A-2789e3,Company_268,FinTech,US,14-09-2024,partner,Enterprise,11,False,0,S-57f1a7,A-2789e3,06-11-2024,31-12-2026,Enterprise,11,2189,26268,False,False,False,False,annual,True,78.0,20215.0,5.0,A-2789e3,4.0,3.0,0.0
A-2789e3,Company_268,FinTech,US,14-09-2024,partner,Enterprise,11,False,0,S-0c91c4,A-2789e3,11-10-2024,31-12-2026,Enterprise,11,2189,26268,False,False,True,False,annual,True,72.0,15328.0,3.0,A-2789e3,4.0,3.0,0.0
A-2789e3,Company_268,FinTech,US,14-09-2024,partner,Enterprise,11,False,0,S-cf30e2,A-2789e3,14-12-2024,31-12-2026,Pro,11,0,0,True,False,False,False,monthly,True,58.0,13079.0,0.0,A-2789e3,4.0,3.0,0.0
A-2789e3,Company_268,FinTech,US,14-09-2024,partner,Enterprise,11,False,0,S-4e762d,A-2789e3,06-11-2024,31-12-2026,Enterprise,61,12139,145668,False,False,False,False,annual,True,74.0,33879.0,6.0,A-2789e3,4.0,3.0,0.0
A-2789e3,Company_268,FinTech,US,14-09-2024,partner,Enterprise,11,False,0,S-ada98e,A-2789e3,21-10-2024,31-12-2026,Basic,11,209,2508,False,True,False,False,annual,True,78.0,24550.0,5.0,A-2789e3,4.0,3.0,0.0
A-2789e3,Company_268,FinTech,US,14-09-2024,partner,Enterprise,11,False,0,S-c04755,A-2789e3,14-10-2024,31-12-2026,Basic,11,209,2508,False,False,False,False,annual,True,66.0,11629.0,0.0,A-2789e3,4.0,3.0,0.0
A-b07346,Company_269,HealthTech,US,10-10-2024,partner,Pro,51,False,1,S-fd04d6,A-b07346,28-12-2024,31-12-2026,Enterprise,51,0,0,True,False,False,False,annual,True,77.0,31437.0,7.0,A-b07346,3.0,2.3333333333333335,0.0
A-b07346,Company_269,HealthTech,US,10-10-2024,partner,Pro,51,False,1,S-bb45bb,A-b07346,22-12-2024,31-12-2026,Enterprise,51,10149,121788,False,False,False,False,annual,False,90.0,26494.0,7.0,A-b07346,3.0,2.3333333333333335,0.0
A-b07346,Company_269,HealthTech,US,10-10-2024,partner,Pro,51,False,1,S-bff4f8,A-b07346,21-11-2024,31-12-2026,Enterprise,51,10149,121788,False,False,False,False,annual,False,26.0,6747.0,5.0,A-b07346,3.0,2.3333333333333335,0.0
A-b07346,Company_269,HealthTech,US,10-10-2024,partner,Pro,51,False,1,S-da198f,A-b07346,06-11-2024,31-12-2026,Basic,51,969,11628,False,False,False,False,annual,True,97.0,30870.0,2.0,A-b07346,3.0,2.3333333333333335,0.0
A-b07346,Company_269,HealthTech,US,10-10-2024,partner,Pro,51,False,1,S-4484ae,A-b07346,08-12-2024,31-12-2026,Enterprise,51,10149,121788,False,True,False,False,monthly,True,36.0,11395.0,1.0,A-b07346,3.0,2.3333333333333335,0.0
A-902ef7,Company_270,HealthTech,US,03-09-2024,other,Enterprise,83,False,1,S-c7f564,A-902ef7,23-11-2024,31-12-2026,Pro,83,0,0,True,True,False,False,annual,True,111.0,38357.0,6.0,A-902ef7,2.0,2.0,0.0
A-902ef7,Company_270,HealthTech,US,03-09-2024,other,Enterprise,83,False,1,S-b6aabe,A-902ef7,25-12-2024,31-12-2026,Basic,83,1577,18924,False,False,False,False,annual,True,11.0,5643.0,3.0,A-902ef7,2.0,2.0,0.0
A-902ef7,Company_270,HealthTech,US,03-09-2024,other,Enterprise,83,False,1,S-8d8dd0,A-902ef7,30-09-2024,31-12-2026,Enterprise,83,16517,198204,False,True,False,False,monthly,True,36.0,14000.0,2.0,A-902ef7,2.0,2.0,0.0
A-902ef7,Company_270,HealthTech,US,03-09-2024,other,Enterprise,83,False,1,S-3012fa,A-902ef7,05-09-2024,31-12-2026,Pro,83,4067,48804,False,False,False,False,annual,True,37.0,9699.0,0.0,A-902ef7,2.0,2.0,0.0
A-902ef7,Company_270,HealthTech,US,03-09-2024,other,Enterprise,83,False,1,S-a9762e,A-902ef7,05-12-2024,31-12-2026,Pro,83,4067,48804,False,False,False,False,annual,True,46.0,19990.0,2.0,A-902ef7,2.0,2.0,0.0
A-902ef7,Company_270,HealthTech,US,03-09-2024,other,Enterprise,83,False,1,S-aad754,A-902ef7,07-11-2024,31-12-2026,Basic,83,1577,18924,False,False,False,False,annual,True,100.0,28604.0,7.0,A-902ef7,2.0,2.0,0.0
A-902ef7,Company_270,HealthTech,US,03-09-2024,other,Enterprise,83,False,1,S-39b5ce,A-902ef7,11-12-2024,31-12-2026,Enterprise,83,16517,198204,False,False,False,False,annual,True,46.0,19768.0,4.0,A-902ef7,2.0,2.0,0.0
A-902ef7,Company_270,HealthTech,US,03-09-2024,other,Enterprise,83,False,1,S-3ae7af,A-902ef7,18-12-2024,31-12-2026,Basic,83,0,0,True,False,False,False,monthly,True,27.0,9817.0,0.0,A-902ef7,2.0,2.0,0.0
A-20736a,Company_271,EdTech,IN,16-03-2024,organic,Enterprise,50,False,0,S-d2a604,A-20736a,03-10-2024,31-12-2026,Pro,61,2989,35868,False,False,True,False,monthly,True,31.0,5879.0,3.0,A-20736a,4.0,3.75,0.0
A-20736a,Company_271,EdTech,IN,16-03-2024,organic,Enterprise,50,False,0,S-bedd26,A-20736a,03-09-2024,31-12-2026,Enterprise,50,9950,119400,False,False,False,False,monthly,True,87.0,24222.0,5.0,A-20736a,4.0,3.75,0.0
A-20736a,Company_271,EdTech,IN,16-03-2024,organic,Enterprise,50,False,0,S-62f5b1,A-20736a,23-11-2024,31-12-2026,Enterprise,50,9950,119400,False,True,False,False,annual,True,45.0,13466.0,2.0,A-20736a,4.0,3.75,0.0
A-20736a,Company_271,EdTech,IN,16-03-2024,organic,Enterprise,50,False,0,S-b95c5c,A-20736a,13-10-2024,31-12-2026,Enterprise,64,12736,152832,False,False,False,False,monthly,True,38.0,11366.0,0.0,A-20736a,4.0,3.75,0.0
A-20736a,Company_271,EdTech,IN,16-03-2024,organic,Enterprise,50,False,0,S-f9f7af,A-20736a,07-08-2024,31-12-2026,Pro,50,2450,29400,False,False,False,False,annual,True,105.0,26498.0,6.0,A-20736a,4.0,3.75,0.0
A-20736a,Company_271,EdTech,IN,16-03-2024,organic,Enterprise,50,False,0,S-f32731,A-20736a,02-10-2024,31-12-2026,Enterprise,50,0,0,True,False,False,False,monthly,True,81.0,12309.0,4.0,A-20736a,4.0,3.75,0.0
A-20736a,Company_271,EdTech,IN,16-03-2024,organic,Enterprise,50,False,0,S-f57b2b,A-20736a,09-05-2024,31-12-2026,Pro,50,2450,29400,False,False,False,False,annual,True,43.0,14668.0,2.0,A-20736a,4.0,3.75,0.0
A-e4bf56,Company_272,HealthTech,IN,28-10-2024,ads,Pro,17,False,1,S-431c03,A-e4bf56,02-12-2024,19-12-2024,Enterprise,37,7363,88356,False,False,False,True,monthly,True,40.0,16257.0,1.0,A-e4bf56,8.0,2.75,0.0
A-e4bf56,Company_272,HealthTech,IN,28-10-2024,ads,Pro,17,False,1,S-478ae9,A-e4bf56,26-11-2024,31-12-2026,Pro,35,1715,20580,False,False,True,False,monthly,False,32.0,7114.0,4.0,A-e4bf56,8.0,2.75,0.0
A-e4bf56,Company_272,HealthTech,IN,28-10-2024,ads,Pro,17,False,1,S-bba658,A-e4bf56,17-12-2024,31-12-2026,Basic,17,323,3876,False,False,False,False,monthly,False,73.0,25104.0,1.0,A-e4bf56,8.0,2.75,0.0
A-e4bf56,Company_272,HealthTech,IN,28-10-2024,ads,Pro,17,False,1,S-ed2bb5,A-e4bf56,17-11-2024,31-12-2026,Enterprise,17,3383,40596,False,False,False,False,monthly,True,30.0,7434.0,2.0,A-e4bf56,8.0,2.75,0.0
A-e4bf56,Company_272,HealthTech,IN,28-10-2024,ads,Pro,17,False,1,S-51569a,A-e4bf56,25-12-2024,31-12-2026,Enterprise,22,4378,52536,False,False,False,False,monthly,True,61.0,18603.0,0.0,A-e4bf56,8.0,2.75,0.0
A-e4bf56,Company_272,HealthTech,IN,28-10-2024,ads,Pro,17,False,1,S-aeec81,A-e4bf56,12-12-2024,31-12-2026,Pro,19,931,11172,False,False,False,False,monthly,False,43.0,18693.0,2.0,A-e4bf56,8.0,2.75,0.0
A-e4bf56,Company_272,HealthTech,IN,28-10-2024,ads,Pro,17,False,1,S-69fb37,A-e4bf56,12-12-2024,31-12-2026,Pro,17,833,9996,False,False,False,False,annual,True,60.0,22283.0,0.0,A-e4bf56,8.0,2.75,0.0
A-cea1f0,Company_273,FinTech,US,07-04-2024,event,Pro,8,False,1,S-c07ede,A-cea1f0,07-10-2024,31-12-2026,Pro,8,392,4704,False,False,False,False,annual,False,24.0,3954.0,1.0,A-cea1f0,5.0,2.6,0.0
A-cea1f0,Company_273,FinTech,US,07-04-2024,event,Pro,8,False,1,S-2372d2,A-cea1f0,22-12-2024,31-12-2026,Enterprise,21,4179,50148,False,False,False,False,annual,False,28.0,4043.0,3.0,A-cea1f0,5.0,2.6,0.0
A-cea1f0,Company_273,FinTech,US,07-04-2024,event,Pro,8,False,1,S-dbd6b9,A-cea1f0,19-11-2024,31-12-2026,Pro,8,0,0,True,False,False,False,annual,True,114.0,33233.0,3.0,A-cea1f0,5.0,2.6,0.0
A-cea1f0,Company_273,FinTech,US,07-04-2024,event,Pro,8,False,1,S-e5efce,A-cea1f0,06-08-2024,31-12-2026,Pro,8,392,4704,False,False,False,False,annual,False,62.0,20643.0,2.0,A-cea1f0,5.0,2.6,0.0
A-cea1f0,Company_273,FinTech,US,07-04-2024,event,Pro,8,False,1,S-7be132,A-cea1f0,21-10-2024,31-12-2026,Basic,14,266,3192,False,False,False,False,annual,True,56.0,10763.0,0.0,A-cea1f0,5.0,2.6,0.0
A-cea1f0,Company_273,FinTech,US,07-04-2024,event,Pro,8,False,1,S-1d69ca,A-cea1f0,24-06-2024,31-12-2026,Basic,30,570,6840,False,False,False,False,monthly,False,21.0,6752.0,2.0,A-cea1f0,5.0,2.6,0.0
A-cea1f0,Company_273,FinTech,US,07-04-2024,event,Pro,8,False,1,S-691d69,A-cea1f0,18-10-2024,31-12-2026,Enterprise,22,4378,52536,False,True,False,False,monthly,True,101.0,28496.0,7.0,A-cea1f0,5.0,2.6,0.0
A-cea1f0,Company_273,FinTech,US,07-04-2024,event,Pro,8,False,1,S-8ebe58,A-cea1f0,09-06-2024,31-12-2026,Pro,8,0,0,True,False,False,False,annual,True,63.0,21323.0,5.0,A-cea1f0,5.0,2.6,0.0
A-cea1f0,Company_273,FinTech,US,07-04-2024,event,Pro,8,False,1,S-9925b9,A-cea1f0,01-06-2024,31-12-2026,Basic,25,475,5700,False,False,True,False,annual,False,78.0,19846.0,4.0,A-cea1f0,5.0,2.6,0.0
A-cea1f0,Company_273,FinTech,US,07-04-2024,event,Pro,8,False,1,S-b59bff,A-cea1f0,27-12-2024,31-12-2026,Enterprise,8,1592,19104,False,False,False,False,annual,False,39.0,12135.0,1.0,A-cea1f0,5.0,2.6,0.0
A-ef84cf,Company_274,EdTech,US,01-03-2024,partner,Enterprise,8,False,0,S-9333c5,A-ef84cf,06-06-2024,13-08-2024,Basic,8,152,1824,False,False,False,True,annual,False,50.0,18476.0,1.0,A-ef84cf,5.0,2.6,1.0
A-ef84cf,Company_274,EdTech,US,01-03-2024,partner,Enterprise,8,False,0,S-763d33,A-ef84cf,25-07-2024,31-12-2026,Basic,23,437,5244,False,False,True,False,annual,False,68.0,30204.0,3.0,A-ef84cf,5.0,2.6,1.0
A-ef84cf,Company_274,EdTech,US,01-03-2024,partner,Enterprise,8,False,0,S-d5ac8c,A-ef84cf,22-05-2024,31-12-2026,Enterprise,34,6766,81192,False,False,False,False,annual,True,35.0,6862.0,1.0,A-ef84cf,5.0,2.6,1.0
A-ef84cf,Company_274,EdTech,US,01-03-2024,partner,Enterprise,8,False,0,S-62fb8e,A-ef84cf,12-03-2024,31-12-2026,Enterprise,8,0,0,True,False,False,False,monthly,True,87.0,27324.0,5.0,A-ef84cf,5.0,2.6,1.0
A-ef84cf,Company_274,EdTech,US,01-03-2024,partner,Enterprise,8,False,0,S-1ffdd8,A-ef84cf,08-08-2024,31-12-2026,Basic,8,152,1824,False,False,False,False,monthly,True,69.0,17554.0,1.0,A-ef84cf,5.0,2.6,1.0
A-d49cc5,Company_275,Cybersecurity,FR,19-09-2023,event,Basic,50,False,0,S-101201,A-d49cc5,13-02-2024,31-12-2026,Basic,50,950,11400,False,False,False,False,annual,True,49.0,18271.0,5.0,A-d49cc5,4.0,2.25,0.0
A-d49cc5,Company_275,Cybersecurity,FR,19-09-2023,event,Basic,50,False,0,S-34553e,A-d49cc5,25-06-2024,31-12-2026,Basic,50,950,11400,False,False,False,False,annual,False,44.0,10444.0,3.0,A-d49cc5,4.0,2.25,0.0
A-d49cc5,Company_275,Cybersecurity,FR,19-09-2023,event,Basic,50,False,0,S-bc736c,A-d49cc5,28-09-2024,31-12-2026,Basic,50,950,11400,False,False,False,False,monthly,True,56.0,15344.0,0.0,A-d49cc5,4.0,2.25,0.0
A-d49cc5,Company_275,Cybersecurity,FR,19-09-2023,event,Basic,50,False,0,S-aea1bf,A-d49cc5,10-05-2024,31-12-2026,Pro,50,2450,29400,False,False,False,False,monthly,True,83.0,34988.0,10.0,A-d49cc5,4.0,2.25,0.0
A-d49cc5,Company_275,Cybersecurity,FR,19-09-2023,event,Basic,50,False,0,S-9c735f,A-d49cc5,06-07-2024,31-12-2026,Basic,50,950,11400,False,False,False,False,annual,True,25.0,12608.0,4.0,A-d49cc5,4.0,2.25,0.0
A-d49cc5,Company_275,Cybersecurity,FR,19-09-2023,event,Basic,50,False,0,S-6b0a2f,A-d49cc5,26-03-2024,31-12-2026,Pro,50,2450,29400,False,False,False,False,annual,True,78.0,19169.0,6.0,A-d49cc5,4.0,2.25,0.0
A-d49cc5,Company_275,Cybersecurity,FR,19-09-2023,event,Basic,50,False,0,S-d09309,A-d49cc5,09-10-2024,31-12-2026,Pro,75,3675,44100,False,False,False,False,monthly,True,27.0,9095.0,2.0,A-d49cc5,4.0,2.25,0.0
A-d49cc5,Company_275,Cybersecurity,FR,19-09-2023,event,Basic,50,False,0,S-8317da,A-d49cc5,10-12-2024,31-12-2026,Basic,50,950,11400,False,False,False,False,monthly,True,74.0,23014.0,4.0,A-d49cc5,4.0,2.25,0.0
A-67be94,Company_276,EdTech,US,04-04-2023,organic,Enterprise,26,False,0,S-51924b,A-67be94,18-01-2024,31-12-2026,Basic,62,1178,14136,False,False,False,False,annual,True,86.0,29750.0,5.0,A-67be94,5.0,1.6,0.0
A-67be94,Company_276,EdTech,US,04-04-2023,organic,Enterprise,26,False,0,S-de9e50,A-67be94,21-11-2023,31-12-2026,Basic,41,779,9348,False,False,False,False,annual,True,83.0,27898.0,2.0,A-67be94,5.0,1.6,0.0
A-67be94,Company_276,EdTech,US,04-04-2023,organic,Enterprise,26,False,0,S-b6e15a,A-67be94,17-09-2023,18-02-2024,Enterprise,37,7363,88356,False,False,False,True,monthly,False,57.0,7521.0,3.0,A-67be94,5.0,1.6,0.0
A-67be94,Company_276,EdTech,US,04-04-2023,organic,Enterprise,26,False,0,S-a707da,A-67be94,18-12-2024,31-12-2026,Pro,26,1274,15288,False,True,False,False,monthly,True,29.0,7568.0,4.0,A-67be94,5.0,1.6,0.0
A-67be94,Company_276,EdTech,US,04-04-2023,organic,Enterprise,26,False,0,S-28d64b,A-67be94,03-04-2024,31-12-2026,Basic,26,494,5928,False,False,False,False,monthly,True,57.0,12128.0,2.0,A-67be94,5.0,1.6,0.0
A-67be94,Company_276,EdTech,US,04-04-2023,organic,Enterprise,26,False,0,S-d604ec,A-67be94,29-08-2023,31-12-2026,Basic,26,494,5928,False,False,False,False,monthly,True,64.0,22458.0,1.0,A-67be94,5.0,1.6,0.0
A-67be94,Company_276,EdTech,US,04-04-2023,organic,Enterprise,26,False,0,S-58b1a2,A-67be94,20-06-2024,31-12-2026,Enterprise,52,10348,124176,False,False,False,False,monthly,True,40.0,19874.0,0.0,A-67be94,5.0,1.6,0.0
A-4e960a,Company_277,FinTech,US,17-01-2024,other,Enterprise,12,True,1,S-327e7c,A-4e960a,07-02-2024,31-12-2026,Enterprise,17,0,0,True,False,False,False,annual,True,29.0,9581.0,2.0,A-4e960a,6.0,2.0,0.0
A-4e960a,Company_277,FinTech,US,17-01-2024,other,Enterprise,12,True,1,S-21e372,A-4e960a,23-09-2024,31-12-2026,Basic,12,228,2736,False,False,False,False,monthly,True,27.0,3731.0,0.0,A-4e960a,6.0,2.0,0.0
A-4e960a,Company_277,FinTech,US,17-01-2024,other,Enterprise,12,True,1,S-206227,A-4e960a,10-07-2024,31-12-2026,Enterprise,12,2388,28656,False,False,True,False,monthly,True,91.0,33815.0,4.0,A-4e960a,6.0,2.0,0.0
A-4e960a,Company_277,FinTech,US,17-01-2024,other,Enterprise,12,True,1,S-539566,A-4e960a,11-03-2024,31-12-2026,Basic,12,228,2736,False,False,False,False,monthly,True,35.0,17344.0,2.0,A-4e960a,6.0,2.0,0.0
A-4e960a,Company_277,FinTech,US,17-01-2024,other,Enterprise,12,True,1,S-0b054a,A-4e960a,01-06-2024,31-12-2026,Basic,40,760,9120,False,False,False,False,annual,True,31.0,9302.0,1.0,A-4e960a,6.0,2.0,0.0
A-4e960a,Company_277,FinTech,US,17-01-2024,other,Enterprise,12,True,1,S-2d63e2,A-4e960a,03-08-2024,31-12-2026,Pro,12,588,7056,False,False,False,False,monthly,True,30.0,6298.0,0.0,A-4e960a,6.0,2.0,0.0
A-4e960a,Company_277,FinTech,US,17-01-2024,other,Enterprise,12,True,1,S-51f213,A-4e960a,24-11-2024,31-12-2026,Pro,12,588,7056,False,False,False,False,monthly,True,25.0,4731.0,3.0,A-4e960a,6.0,2.0,0.0
A-4e960a,Company_277,FinTech,US,17-01-2024,other,Enterprise,12,True,1,S-a87ff6,A-4e960a,08-12-2024,31-12-2026,Basic,12,228,2736,False,False,False,False,monthly,True,41.0,7944.0,5.0,A-4e960a,6.0,2.0,0.0
A-4e960a,Company_277,FinTech,US,17-01-2024,other,Enterprise,12,True,1,S-2d7947,A-4e960a,04-06-2024,31-12-2026,Basic,12,228,2736,False,False,False,False,annual,True,11.0,4711.0,0.0,A-4e960a,6.0,2.0,0.0
A-4e960a,Company_277,FinTech,US,17-01-2024,other,Enterprise,12,True,1,S-183502,A-4e960a,11-04-2024,31-12-2026,Enterprise,71,14129,169548,False,False,False,False,monthly,True,48.0,12500.0,1.0,A-4e960a,6.0,2.0,0.0
A-4e960a,Company_277,FinTech,US,17-01-2024,other,Enterprise,12,True,1,S-82348a,A-4e960a,02-04-2024,31-12-2026,Basic,12,0,0,True,False,False,False,annual,False,76.0,22499.0,1.0,A-4e960a,6.0,2.0,0.0
A-4e960a,Company_277,FinTech,US,17-01-2024,other,Enterprise,12,True,1,S-79ef9b,A-4e960a,02-04-2024,31-12-2026,Enterprise,23,4577,54924,False,False,False,False,annual,True,68.0,21487.0,2.0,A-4e960a,6.0,2.0,0.0
A-c37cab,Company_278,Cybersecurity,UK,29-07-2024,event,Pro,13,False,0,S-2661dc,A-c37cab,07-08-2024,31-12-2026,Pro,20,0,0,True,False,False,False,monthly,True,48.0,15730.0,6.0,A-c37cab,4.0,3.75,1.0
A-c37cab,Company_278,Cybersecurity,UK,29-07-2024,event,Pro,13,False,0,S-1e8c9e,A-c37cab,13-12-2024,31-12-2026,Pro,13,637,7644,False,False,False,False,monthly,True,50.0,9327.0,1.0,A-c37cab,4.0,3.75,1.0
A-c37cab,Company_278,Cybersecurity,UK,29-07-2024,event,Pro,13,False,0,S-3b29ea,A-c37cab,26-11-2024,31-12-2026,Basic,13,247,2964,False,False,False,False,monthly,False,75.0,27941.0,2.0,A-c37cab,4.0,3.75,1.0
A-c37cab,Company_278,Cybersecurity,UK,29-07-2024,event,Pro,13,False,0,S-05624a,A-c37cab,26-10-2024,31-12-2026,Pro,13,637,7644,False,False,False,False,annual,True,67.0,14743.0,0.0,A-c37cab,4.0,3.75,1.0
A-c37cab,Company_278,Cybersecurity,UK,29-07-2024,event,Pro,13,False,0,S-a0f3f7,A-c37cab,30-07-2024,31-12-2026,Enterprise,21,4179,50148,False,False,False,False,annual,True,101.0,29004.0,7.0,A-c37cab,4.0,3.75,1.0
A-c37cab,Company_278,Cybersecurity,UK,29-07-2024,event,Pro,13,False,0,S-b7c506,A-c37cab,27-09-2024,31-12-2026,Basic,30,570,6840,False,False,False,False,monthly,True,16.0,533.0,2.0,A-c37cab,4.0,3.75,1.0
A-c37cab,Company_278,Cybersecurity,UK,29-07-2024,event,Pro,13,False,0,S-9b8504,A-c37cab,19-10-2024,31-12-2026,Pro,13,637,7644,False,False,True,False,annual,True,99.0,34914.0,6.0,A-c37cab,4.0,3.75,1.0
A-c37cab,Company_278,Cybersecurity,UK,29-07-2024,event,Pro,13,False,0,S-f4a4c8,A-c37cab,05-10-2024,13-12-2024,Enterprise,98,19502,234024,False,True,False,True,monthly,True,39.0,8400.0,7.0,A-c37cab,4.0,3.75,1.0
A-c37cab,Company_278,Cybersecurity,UK,29-07-2024,event,Pro,13,False,0,S-a2e1dd,A-c37cab,10-08-2024,29-09-2024,Enterprise,13,0,0,True,False,False,True,monthly,True,82.0,20062.0,1.0,A-c37cab,4.0,3.75,1.0
A-c37cab,Company_278,Cybersecurity,UK,29-07-2024,event,Pro,13,False,0,S-90a6c9,A-c37cab,18-10-2024,31-12-2026,Pro,46,0,0,True,False,False,False,monthly,True,24.0,8807.0,3.0,A-c37cab,4.0,3.75,1.0
A-c37cab,Company_278,Cybersecurity,UK,29-07-2024,event,Pro,13,False,0,S-6bc703,A-c37cab,01-08-2024,31-12-2026,Enterprise,13,2587,31044,False,False,False,False,monthly,True,55.0,19960.0,3.0,A-c37cab,4.0,3.75,1.0
A-c37cab,Company_278,Cybersecurity,UK,29-07-2024,event,Pro,13,False,0,S-cb853a,A-c37cab,17-12-2024,31-12-2026,Basic,23,437,5244,False,False,False,False,annual,True,52.0,13888.0,2.0,A-c37cab,4.0,3.75,1.0
A-533452,Company_279,DevTools,AU,12-11-2024,organic,Pro,9,False,0,S-d97c5f,A-533452,25-11-2024,31-12-2026,Pro,101,4949,59388,False,False,False,False,monthly,True,29.0,4525.0,6.0,A-533452,4.0,2.0,0.0
A-533452,Company_279,DevTools,AU,12-11-2024,organic,Pro,9,False,0,S-8deb5f,A-533452,25-12-2024,31-12-2026,Basic,52,988,11856,False,False,False,False,annual,False,69.0,19143.0,3.0,A-533452,4.0,2.0,0.0
A-533452,Company_279,DevTools,AU,12-11-2024,organic,Pro,9,False,0,S-8ececc,A-533452,15-12-2024,31-12-2026,Pro,9,441,5292,False,False,False,False,annual,True,25.0,4550.0,2.0,A-533452,4.0,2.0,0.0
A-533452,Company_279,DevTools,AU,12-11-2024,organic,Pro,9,False,0,S-4c2f78,A-533452,24-11-2024,31-12-2026,Pro,51,2499,29988,False,False,False,False,monthly,True,29.0,9835.0,0.0,A-533452,4.0,2.0,0.0
A-533452,Company_279,DevTools,AU,12-11-2024,organic,Pro,9,False,0,S-ed7a72,A-533452,21-11-2024,31-12-2026,Pro,25,1225,14700,False,False,False,False,monthly,True,38.0,15813.0,1.0,A-533452,4.0,2.0,0.0
A-533452,Company_279,DevTools,AU,12-11-2024,organic,Pro,9,False,0,S-38b3b4,A-533452,28-11-2024,31-12-2026,Enterprise,26,5174,62088,False,False,False,False,annual,True,81.0,17770.0,5.0,A-533452,4.0,2.0,0.0
A-533452,Company_279,DevTools,AU,12-11-2024,organic,Pro,9,False,0,S-9bf16e,A-533452,23-11-2024,20-12-2024,Pro,9,441,5292,False,False,False,True,monthly,True,67.0,19727.0,13.0,A-533452,4.0,2.0,0.0
A-533452,Company_279,DevTools,AU,12-11-2024,organic,Pro,9,False,0,S-11d922,A-533452,28-11-2024,31-12-2026,Enterprise,15,2985,35820,False,False,True,False,monthly,True,83.0,27316.0,5.0,A-533452,4.0,2.0,0.0
A-533452,Company_279,DevTools,AU,12-11-2024,organic,Pro,9,False,0,S-151b22,A-533452,18-12-2024,31-12-2026,Basic,9,171,2052,False,False,False,False,annual,True,74.0,27192.0,1.0,A-533452,4.0,2.0,0.0
A-533452,Company_279,DevTools,AU,12-11-2024,organic,Pro,9,False,0,S-ac01fb,A-533452,27-11-2024,31-12-2026,Enterprise,14,0,0,True,False,False,False,annual,True,48.0,9573.0,5.0,A-533452,4.0,2.0,0.0
A-533452,Company_279,DevTools,AU,12-11-2024,organic,Pro,9,False,0,S-5daabf,A-533452,16-12-2024,31-12-2026,Enterprise,9,1791,21492,False,True,True,False,monthly,True,52.0,17282.0,3.0,A-533452,4.0,2.0,0.0
A-443b7c,Company_280,Cybersecurity,US,06-09-2024,other,Enterprise,1,False,1,S-f7fccd,A-443b7c,18-11-2024,31-12-2026,Basic,6,0,0,True,True,False,False,annual,True,39.0,11574.0,4.0,A-443b7c,8.0,2.75,0.0
A-443b7c,Company_280,Cybersecurity,US,06-09-2024,other,Enterprise,1,False,1,S-1e83a6,A-443b7c,29-12-2024,31-12-2026,Basic,8,152,1824,False,False,False,False,annual,True,21.0,6984.0,1.0,A-443b7c,8.0,2.75,0.0
A-443b7c,Company_280,Cybersecurity,US,06-09-2024,other,Enterprise,1,False,1,S-c9b181,A-443b7c,08-10-2024,31-12-2026,Pro,28,1372,16464,False,True,False,False,monthly,True,24.0,10523.0,3.0,A-443b7c,8.0,2.75,0.0
A-443b7c,Company_280,Cybersecurity,US,06-09-2024,other,Enterprise,1,False,1,S-2991c7,A-443b7c,11-11-2024,31-12-2026,Pro,38,1862,22344,False,False,False,False,monthly,True,4.0,60.0,0.0,A-443b7c,8.0,2.75,0.0
A-443b7c,Company_280,Cybersecurity,US,06-09-2024,other,Enterprise,1,False,1,S-b6c0a0,A-443b7c,01-11-2024,31-12-2026,Basic,3,57,684,False,False,False,False,monthly,True,34.0,9407.0,1.0,A-443b7c,8.0,2.75,0.0
A-443b7c,Company_280,Cybersecurity,US,06-09-2024,other,Enterprise,1,False,1,S-851743,A-443b7c,27-10-2024,31-12-2026,Pro,13,637,7644,False,True,False,False,monthly,True,42.0,12930.0,3.0,A-443b7c,8.0,2.75,0.0
A-443b7c,Company_280,Cybersecurity,US,06-09-2024,other,Enterprise,1,False,1,S-166024,A-443b7c,20-10-2024,31-12-2026,Basic,24,456,5472,False,False,False,False,monthly,True,42.0,15721.0,1.0,A-443b7c,8.0,2.75,0.0
A-443b7c,Company_280,Cybersecurity,US,06-09-2024,other,Enterprise,1,False,1,S-39e396,A-443b7c,29-11-2024,31-12-2026,Basic,8,152,1824,False,False,False,False,annual,True,57.0,16852.0,1.0,A-443b7c,8.0,2.75,0.0
A-443b7c,Company_280,Cybersecurity,US,06-09-2024,other,Enterprise,1,False,1,S-d1a6c6,A-443b7c,26-12-2024,29-12-2024,Basic,17,323,3876,False,False,False,True,monthly,False,21.0,6987.0,0.0,A-443b7c,8.0,2.75,0.0
A-443b7c,Company_280,Cybersecurity,US,06-09-2024,other,Enterprise,1,False,1,S-fcc241,A-443b7c,25-09-2024,31-12-2026,Enterprise,70,13930,167160,False,False,False,False,annual,True,47.0,20892.0,0.0,A-443b7c,8.0,2.75,0.0
A-443b7c,Company_280,Cybersecurity,US,06-09-2024,other,Enterprise,1,False,1,S-7a1803,A-443b7c,26-10-2024,31-12-2026,Enterprise,11,0,0,True,False,False,False,annual,True,54.0,19870.0,1.0,A-443b7c,8.0,2.75,0.0
A-443b7c,Company_280,Cybersecurity,US,06-09-2024,other,Enterprise,1,False,1,S-f2dd76,A-443b7c,13-11-2024,21-11-2024,Pro,39,0,0,True,False,False,True,monthly,False,25.0,1956.0,0.0,A-443b7c,8.0,2.75,0.0
A-443b7c,Company_280,Cybersecurity,US,06-09-2024,other,Enterprise,1,False,1,S-c1c645,A-443b7c,06-10-2024,31-12-2026,Basic,4,76,912,False,True,False,False,annual,True,76.0,24586.0,6.0,A-443b7c,8.0,2.75,0.0
A-443b7c,Company_280,Cybersecurity,US,06-09-2024,other,Enterprise,1,False,1,S-af1def,A-443b7c,30-09-2024,31-12-2026,Basic,36,684,8208,False,False,False,False,monthly,False,43.0,10076.0,3.0,A-443b7c,8.0,2.75,0.0
A-443b7c,Company_280,Cybersecurity,US,06-09-2024,other,Enterprise,1,False,1,S-87d801,A-443b7c,16-09-2024,31-12-2026,Pro,5,245,2940,False,False,False,False,monthly,True,46.0,8874.0,3.0,A-443b7c,8.0,2.75,0.0
A-443b7c,Company_280,Cybersecurity,US,06-09-2024,other,Enterprise,1,False,1,S-fa92c5,A-443b7c,01-10-2024,31-12-2026,Pro,84,4116,49392,False,False,False,False,monthly,True,43.0,17747.0,2.0,A-443b7c,8.0,2.75,0.0
A-1f7acb,Company_281,FinTech,UK,06-08-2023,ads,Basic,64,True,0,S-96fb48,A-1f7acb,27-08-2024,31-12-2026,Pro,64,3136,37632,False,False,True,False,monthly,True,44.0,16207.0,13.0,A-1f7acb,7.0,3.142857142857143,0.0
A-1f7acb,Company_281,FinTech,UK,06-08-2023,ads,Basic,64,True,0,S-e63c67,A-1f7acb,03-07-2024,31-12-2026,Pro,64,3136,37632,False,False,False,False,annual,True,127.0,36466.0,12.0,A-1f7acb,7.0,3.142857142857143,0.0
A-1f7acb,Company_281,FinTech,UK,06-08-2023,ads,Basic,64,True,0,S-eb8b81,A-1f7acb,31-10-2023,31-12-2026,Basic,64,1216,14592,False,False,False,False,monthly,True,57.0,22586.0,6.0,A-1f7acb,7.0,3.142857142857143,0.0
A-1f7acb,Company_281,FinTech,UK,06-08-2023,ads,Basic,64,True,0,S-3bc591,A-1f7acb,03-06-2024,31-12-2026,Basic,64,0,0,True,False,True,False,annual,False,73.0,23442.0,2.0,A-1f7acb,7.0,3.142857142857143,0.0
A-1f7acb,Company_281,FinTech,UK,06-08-2023,ads,Basic,64,True,0,S-9fa49b,A-1f7acb,01-09-2023,31-12-2026,Enterprise,64,12736,152832,False,True,False,False,annual,False,81.0,17998.0,4.0,A-1f7acb,7.0,3.142857142857143,0.0
A-1f7acb,Company_281,FinTech,UK,06-08-2023,ads,Basic,64,True,0,S-768196,A-1f7acb,14-10-2023,31-12-2026,Basic,64,1216,14592,False,False,False,False,monthly,True,38.0,12428.0,2.0,A-1f7acb,7.0,3.142857142857143,0.0
A-1f7acb,Company_281,FinTech,UK,06-08-2023,ads,Basic,64,True,0,S-f4a3ac,A-1f7acb,22-09-2024,31-12-2026,Enterprise,64,12736,152832,False,False,False,False,annual,True,26.0,8609.0,1.0,A-1f7acb,7.0,3.142857142857143,0.0
A-1f7acb,Company_281,FinTech,UK,06-08-2023,ads,Basic,64,True,0,S-2636a7,A-1f7acb,05-07-2024,31-12-2026,Enterprise,64,12736,152832,False,False,True,False,annual,True,64.0,26332.0,7.0,A-1f7acb,7.0,3.142857142857143,0.0
A-f51f16,Company_282,HealthTech,US,25-12-2023,partner,Enterprise,1,False,0,S-03a97f,A-f51f16,15-03-2024,31-12-2026,Pro,60,2940,35280,False,False,False,False,annual,True,46.0,17239.0,6.0,A-f51f16,4.0,1.5,0.0
A-f51f16,Company_282,HealthTech,US,25-12-2023,partner,Enterprise,1,False,0,S-11d378,A-f51f16,18-02-2024,31-12-2026,Basic,24,456,5472,False,True,False,False,monthly,True,24.0,7210.0,0.0,A-f51f16,4.0,1.5,0.0
A-f51f16,Company_282,HealthTech,US,25-12-2023,partner,Enterprise,1,False,0,S-3fb291,A-f51f16,06-05-2024,31-12-2026,Enterprise,39,7761,93132,False,False,False,False,annual,True,18.0,3570.0,6.0,A-f51f16,4.0,1.5,0.0
A-f51f16,Company_282,HealthTech,US,25-12-2023,partner,Enterprise,1,False,0,S-35c7c8,A-f51f16,23-02-2024,31-12-2026,Basic,4,76,912,False,False,False,False,monthly,True,67.0,21768.0,3.0,A-f51f16,4.0,1.5,0.0
A-f51f16,Company_282,HealthTech,US,25-12-2023,partner,Enterprise,1,False,0,S-b94bce,A-f51f16,06-04-2024,31-12-2026,Enterprise,2,0,0,True,False,False,False,monthly,True,64.0,27455.0,4.0,A-f51f16,4.0,1.5,0.0
A-f51f16,Company_282,HealthTech,US,25-12-2023,partner,Enterprise,1,False,0,S-e90e70,A-f51f16,27-08-2024,31-12-2026,Basic,2,38,456,False,False,False,False,annual,True,36.0,13688.0,2.0,A-f51f16,4.0,1.5,0.0
A-f51f16,Company_282,HealthTech,US,25-12-2023,partner,Enterprise,1,False,0,S-109e0c,A-f51f16,14-03-2024,31-12-2026,Enterprise,10,1990,23880,False,True,False,False,annual,True,54.0,22616.0,0.0,A-f51f16,4.0,1.5,0.0
A-f51f16,Company_282,HealthTech,US,25-12-2023,partner,Enterprise,1,False,0,S-b120fb,A-f51f16,01-04-2024,23-08-2024,Pro,1,49,588,False,False,False,True,annual,False,75.0,32547.0,7.0,A-f51f16,4.0,1.5,0.0
A-5a3eb9,Company_283,DevTools,CA,20-08-2023,other,Enterprise,18,True,0,S-1cff77,A-5a3eb9,20-09-2023,31-12-2026,Pro,65,3185,38220,False,False,False,False,annual,True,55.0,16215.0,2.0,A-5a3eb9,3.0,0.0,0.0
A-5a3eb9,Company_283,DevTools,CA,20-08-2023,other,Enterprise,18,True,0,S-75c1b4,A-5a3eb9,10-12-2024,28-12-2024,Pro,18,882,10584,False,False,False,True,annual,True,47.0,14025.0,1.0,A-5a3eb9,3.0,0.0,0.0
A-5a3eb9,Company_283,DevTools,CA,20-08-2023,other,Enterprise,18,True,0,S-4fdfa3,A-5a3eb9,09-11-2024,31-12-2026,Enterprise,18,3582,42984,False,False,False,False,monthly,True,77.0,25777.0,7.0,A-5a3eb9,3.0,0.0,0.0
A-5a3eb9,Company_283,DevTools,CA,20-08-2023,other,Enterprise,18,True,0,S-718bf5,A-5a3eb9,15-03-2024,31-12-2026,Pro,18,882,10584,False,False,False,False,annual,True,54.0,4961.0,2.0,A-5a3eb9,3.0,0.0,0.0
A-5a3eb9,Company_283,DevTools,CA,20-08-2023,other,Enterprise,18,True,0,S-936e80,A-5a3eb9,21-09-2023,31-12-2026,Pro,18,882,10584,False,False,False,False,annual,True,66.0,26992.0,1.0,A-5a3eb9,3.0,0.0,0.0
A-5a3eb9,Company_283,DevTools,CA,20-08-2023,other,Enterprise,18,True,0,S-2632a2,A-5a3eb9,15-03-2024,31-12-2026,Basic,18,342,4104,False,False,True,False,annual,True,77.0,17774.0,3.0,A-5a3eb9,3.0,0.0,0.0
A-5a3eb9,Company_283,DevTools,CA,20-08-2023,other,Enterprise,18,True,0,S-4994d6,A-5a3eb9,26-08-2024,31-12-2026,Basic,44,836,10032,False,False,True,False,annual,True,71.0,23736.0,4.0,A-5a3eb9,3.0,0.0,0.0
A-5a3eb9,Company_283,DevTools,CA,20-08-2023,other,Enterprise,18,True,0,S-1f149a,A-5a3eb9,18-08-2024,31-12-2026,Pro,21,1029,12348,False,False,False,False,annual,True,51.0,15548.0,2.0,A-5a3eb9,3.0,0.0,0.0
A-5a3eb9,Company_283,DevTools,CA,20-08-2023,other,Enterprise,18,True,0,S-3baf90,A-5a3eb9,19-06-2024,31-12-2026,Basic,40,760,9120,False,False,False,False,annual,False,64.0,20048.0,6.0,A-5a3eb9,3.0,0.0,0.0
A-5a3eb9,Company_283,DevTools,CA,20-08-2023,other,Enterprise,18,True,0,S-20812a,A-5a3eb9,14-06-2024,31-12-2026,Pro,69,3381,40572,False,False,False,False,monthly,True,22.0,4405.0,0.0,A-5a3eb9,3.0,0.0,0.0
A-5a3eb9,Company_283,DevTools,CA,20-08-2023,other,Enterprise,18,True,0,S-755502,A-5a3eb9,28-05-2024,31-12-2026,Enterprise,18,3582,42984,False,False,False,False,annual,True,26.0,12102.0,0.0,A-5a3eb9,3.0,0.0,0.0
A-5a3eb9,Company_283,DevTools,CA,20-08-2023,other,Enterprise,18,True,0,S-34cfad,A-5a3eb9,15-12-2023,31-12-2026,Basic,29,551,6612,False,False,False,False,annual,True,36.0,8490.0,2.0,A-5a3eb9,3.0,0.0,0.0
A-5a3eb9,Company_283,DevTools,CA,20-08-2023,other,Enterprise,18,True,0,S-61fa27,A-5a3eb9,30-10-2024,31-12-2026,Basic,21,399,4788,False,False,False,False,annual,False,76.0,26807.0,4.0,A-5a3eb9,3.0,0.0,0.0
A-5f2961,Company_284,HealthTech,US,22-11-2024,partner,Basic,4,False,0,S-8cad7b,A-5f2961,23-12-2024,31-12-2026,Basic,16,304,3648,False,False,False,False,annual,True,39.0,14245.0,2.0,A-5f2961,1.0,0.0,0.0
A-5f2961,Company_284,HealthTech,US,22-11-2024,partner,Basic,4,False,0,S-5d68fb,A-5f2961,02-12-2024,31-12-2026,Pro,49,2401,28812,False,False,False,False,annual,True,95.0,24910.0,1.0,A-5f2961,1.0,0.0,0.0
A-5f2961,Company_284,HealthTech,US,22-11-2024,partner,Basic,4,False,0,S-e41457,A-5f2961,17-12-2024,31-12-2026,Enterprise,4,796,9552,False,False,False,False,annual,True,39.0,12855.0,1.0,A-5f2961,1.0,0.0,0.0
A-5f2961,Company_284,HealthTech,US,22-11-2024,partner,Basic,4,False,0,S-9c8d9e,A-5f2961,20-12-2024,31-12-2026,Pro,24,1176,14112,False,False,False,False,monthly,True,37.0,14256.0,5.0,A-5f2961,1.0,0.0,0.0
A-5f2961,Company_284,HealthTech,US,22-11-2024,partner,Basic,4,False,0,S-31be9c,A-5f2961,02-12-2024,31-12-2026,Basic,55,1045,12540,False,False,False,False,monthly,False,37.0,10656.0,5.0,A-5f2961,1.0,0.0,0.0
A-5f2961,Company_284,HealthTech,US,22-11-2024,partner,Basic,4,False,0,S-09950d,A-5f2961,27-11-2024,31-12-2026,Enterprise,7,1393,16716,False,False,False,False,annual,True,65.0,15637.0,4.0,A-5f2961,1.0,0.0,0.0
A-5f2961,Company_284,HealthTech,US,22-11-2024,partner,Basic,4,False,0,S-8d89a8,A-5f2961,03-12-2024,31-12-2026,Enterprise,16,3184,38208,False,False,False,False,monthly,True,36.0,10464.0,1.0,A-5f2961,1.0,0.0,0.0
A-417d2f,Company_285,Cybersecurity,IN,04-07-2023,partner,Pro,4,True,0,S-dceac6,A-417d2f,30-12-2023,31-12-2026,Enterprise,4,796,9552,False,False,False,False,annual,True,33.0,13929.0,2.0,A-417d2f,6.0,2.1666666666666665,0.0
A-417d2f,Company_285,Cybersecurity,IN,04-07-2023,partner,Pro,4,True,0,S-82db05,A-417d2f,09-12-2024,31-12-2026,Pro,26,1274,15288,False,False,False,False,monthly,True,43.0,11259.0,3.0,A-417d2f,6.0,2.1666666666666665,0.0
A-417d2f,Company_285,Cybersecurity,IN,04-07-2023,partner,Pro,4,True,0,S-65c079,A-417d2f,04-07-2023,31-12-2026,Basic,5,95,1140,False,False,False,False,annual,True,55.0,13119.0,2.0,A-417d2f,6.0,2.1666666666666665,0.0
A-417d2f,Company_285,Cybersecurity,IN,04-07-2023,partner,Pro,4,True,0,S-9220c9,A-417d2f,23-06-2024,31-12-2026,Pro,4,196,2352,False,False,False,False,monthly,True,54.0,11805.0,2.0,A-417d2f,6.0,2.1666666666666665,0.0
A-417d2f,Company_285,Cybersecurity,IN,04-07-2023,partner,Pro,4,True,0,S-f874e5,A-417d2f,16-07-2023,31-12-2026,Enterprise,51,10149,121788,False,False,False,False,annual,True,102.0,38597.0,2.0,A-417d2f,6.0,2.1666666666666665,0.0
A-417d2f,Company_285,Cybersecurity,IN,04-07-2023,partner,Pro,4,True,0,S-8d2824,A-417d2f,14-08-2023,31-12-2026,Basic,37,703,8436,False,False,False,False,annual,False,52.0,18843.0,4.0,A-417d2f,6.0,2.1666666666666665,0.0
A-417d2f,Company_285,Cybersecurity,IN,04-07-2023,partner,Pro,4,True,0,S-9f4914,A-417d2f,31-10-2024,31-12-2026,Basic,37,703,8436,False,False,False,False,monthly,True,17.0,1928.0,1.0,A-417d2f,6.0,2.1666666666666665,0.0
A-417d2f,Company_285,Cybersecurity,IN,04-07-2023,partner,Pro,4,True,0,S-38eb77,A-417d2f,02-02-2024,03-05-2024,Enterprise,26,5174,62088,False,True,False,True,monthly,True,39.0,8353.0,1.0,A-417d2f,6.0,2.1666666666666665,0.0
A-417d2f,Company_285,Cybersecurity,IN,04-07-2023,partner,Pro,4,True,0,S-f55146,A-417d2f,21-09-2024,31-12-2026,Enterprise,14,0,0,True,False,False,False,annual,True,44.0,11020.0,4.0,A-417d2f,6.0,2.1666666666666665,0.0
A-417d2f,Company_285,Cybersecurity,IN,04-07-2023,partner,Pro,4,True,0,S-ba7f2a,A-417d2f,24-01-2024,31-12-2026,Basic,14,266,3192,False,False,False,False,annual,True,68.0,20609.0,5.0,A-417d2f,6.0,2.1666666666666665,0.0
A-417d2f,Company_285,Cybersecurity,IN,04-07-2023,partner,Pro,4,True,0,S-0a3e58,A-417d2f,28-12-2024,31-12-2026,Pro,33,1617,19404,False,False,False,False,monthly,True,23.0,4612.0,2.0,A-417d2f,6.0,2.1666666666666665,0.0
A-417d2f,Company_285,Cybersecurity,IN,04-07-2023,partner,Pro,4,True,0,S-ac42e8,A-417d2f,08-09-2024,31-12-2026,Basic,49,931,11172,False,False,False,False,monthly,False,20.0,5459.0,0.0,A-417d2f,6.0,2.1666666666666665,0.0
A-417d2f,Company_285,Cybersecurity,IN,04-07-2023,partner,Pro,4,True,0,S-e958ba,A-417d2f,29-03-2024,31-12-2026,Pro,13,637,7644,False,False,False,False,monthly,True,64.0,15242.0,3.0,A-417d2f,6.0,2.1666666666666665,0.0
A-417d2f,Company_285,Cybersecurity,IN,04-07-2023,partner,Pro,4,True,0,S-328ac2,A-417d2f,14-10-2024,31-12-2026,Pro,4,196,2352,False,False,False,False,annual,False,28.0,9579.0,0.0,A-417d2f,6.0,2.1666666666666665,0.0
A-417d2f,Company_285,Cybersecurity,IN,04-07-2023,partner,Pro,4,True,0,S-30a9dd,A-417d2f,30-10-2024,31-12-2026,Basic,8,0,0,True,False,False,False,annual,True,46.0,15769.0,0.0,A-417d2f,6.0,2.1666666666666665,0.0
A-417d2f,Company_285,Cybersecurity,IN,04-07-2023,partner,Pro,4,True,0,S-6f04a4,A-417d2f,14-09-2024,31-12-2026,Pro,4,196,2352,False,False,False,False,monthly,True,34.0,6278.0,0.0,A-417d2f,6.0,2.1666666666666665,0.0
A-e98302,Company_286,EdTech,US,26-12-2023,ads,Enterprise,16,True,0,S-6f1051,A-e98302,01-02-2024,31-12-2026,Enterprise,34,6766,81192,False,False,False,False,annual,True,56.0,17314.0,6.0,A-e98302,9.0,3.2222222222222223,0.0
A-e98302,Company_286,EdTech,US,26-12-2023,ads,Enterprise,16,True,0,S-b409d1,A-e98302,21-01-2024,31-12-2026,Pro,18,882,10584,False,False,False,False,annual,True,36.0,11244.0,3.0,A-e98302,9.0,3.2222222222222223,0.0
A-e98302,Company_286,EdTech,US,26-12-2023,ads,Enterprise,16,True,0,S-e3dff3,A-e98302,14-07-2024,31-12-2026,Pro,23,1127,13524,False,False,False,False,annual,True,75.0,26590.0,2.0,A-e98302,9.0,3.2222222222222223,0.0
A-e98302,Company_286,EdTech,US,26-12-2023,ads,Enterprise,16,True,0,S-b07043,A-e98302,22-11-2024,31-12-2026,Basic,16,304,3648,False,False,False,False,annual,True,25.0,6873.0,0.0,A-e98302,9.0,3.2222222222222223,0.0
A-e98302,Company_286,EdTech,US,26-12-2023,ads,Enterprise,16,True,0,S-008f3c,A-e98302,23-12-2024,28-12-2024,Pro,58,2842,34104,False,False,False,True,annual,True,6.0,1950.0,0.0,A-e98302,9.0,3.2222222222222223,0.0
A-e98302,Company_286,EdTech,US,26-12-2023,ads,Enterprise,16,True,0,S-10a1b5,A-e98302,09-09-2024,31-12-2026,Basic,34,646,7752,False,False,False,False,annual,False,75.0,24780.0,7.0,A-e98302,9.0,3.2222222222222223,0.0
A-8bde0c,Company_287,DevTools,US,04-11-2024,organic,Basic,12,False,0,S-f6e14c,A-8bde0c,15-12-2024,31-12-2026,Enterprise,28,5572,66864,False,False,False,False,annual,True,43.0,18279.0,0.0,A-8bde0c,3.0,2.6666666666666665,0.0
A-8bde0c,Company_287,DevTools,US,04-11-2024,organic,Basic,12,False,0,S-859ee0,A-8bde0c,26-12-2024,31-12-2026,Enterprise,28,5572,66864,False,False,False,False,monthly,True,48.0,11401.0,0.0,A-8bde0c,3.0,2.6666666666666665,0.0
A-8bde0c,Company_287,DevTools,US,04-11-2024,organic,Basic,12,False,0,S-937207,A-8bde0c,28-12-2024,31-12-2026,Enterprise,12,2388,28656,False,False,False,False,monthly,True,37.0,16239.0,6.0,A-8bde0c,3.0,2.6666666666666665,0.0
A-8bde0c,Company_287,DevTools,US,04-11-2024,organic,Basic,12,False,0,S-ec41f7,A-8bde0c,13-12-2024,31-12-2026,Enterprise,19,3781,45372,False,True,False,False,monthly,True,50.0,12194.0,4.0,A-8bde0c,3.0,2.6666666666666665,0.0
A-8bde0c,Company_287,DevTools,US,04-11-2024,organic,Basic,12,False,0,S-b112eb,A-8bde0c,19-12-2024,31-12-2026,Basic,53,1007,12084,False,False,False,False,monthly,True,105.0,30610.0,4.0,A-8bde0c,3.0,2.6666666666666665,0.0
A-8bde0c,Company_287,DevTools,US,04-11-2024,organic,Basic,12,False,0,S-13a013,A-8bde0c,19-12-2024,31-12-2026,Basic,23,437,5244,False,False,False,False,annual,True,45.0,16375.0,9.0,A-8bde0c,3.0,2.6666666666666665,0.0
A-8bde0c,Company_287,DevTools,US,04-11-2024,organic,Basic,12,False,0,S-129a62,A-8bde0c,15-12-2024,31-12-2026,Basic,34,0,0,True,False,False,False,monthly,False,24.0,5442.0,2.0,A-8bde0c,3.0,2.6666666666666665,0.0
A-8bde0c,Company_287,DevTools,US,04-11-2024,organic,Basic,12,False,0,S-9d505c,A-8bde0c,14-12-2024,31-12-2026,Basic,61,1159,13908,False,False,False,False,monthly,True,19.0,6244.0,2.0,A-8bde0c,3.0,2.6666666666666665,0.0
A-8bde0c,Company_287,DevTools,US,04-11-2024,organic,Basic,12,False,0,S-cfd4a3,A-8bde0c,23-12-2024,31-12-2026,Pro,93,4557,54684,False,False,False,False,annual,True,5.0,1720.0,0.0,A-8bde0c,3.0,2.6666666666666665,0.0
A-8bde0c,Company_287,DevTools,US,04-11-2024,organic,Basic,12,False,0,S-a61006,A-8bde0c,24-12-2024,31-12-2026,Enterprise,12,2388,28656,False,True,False,False,monthly,True,50.0,18651.0,0.0,A-8bde0c,3.0,2.6666666666666665,0.0
A-8bde0c,Company_287,DevTools,US,04-11-2024,organic,Basic,12,False,0,S-dda681,A-8bde0c,21-12-2024,31-12-2026,Pro,12,588,7056,False,False,False,False,monthly,False,22.0,9834.0,2.0,A-8bde0c,3.0,2.6666666666666665,0.0
A-8bde0c,Company_287,DevTools,US,04-11-2024,organic,Basic,12,False,0,S-4c6ee1,A-8bde0c,23-12-2024,31-12-2026,Pro,15,735,8820,False,False,False,False,annual,True,40.0,12279.0,2.0,A-8bde0c,3.0,2.6666666666666665,0.0
A-8bde0c,Company_287,DevTools,US,04-11-2024,organic,Basic,12,False,0,S-2ee940,A-8bde0c,12-12-2024,31-12-2026,Enterprise,12,2388,28656,False,False,False,False,annual,True,59.0,14611.0,1.0,A-8bde0c,3.0,2.6666666666666665,0.0
A-8bde0c,Company_287,DevTools,US,04-11-2024,organic,Basic,12,False,0,S-885bd4,A-8bde0c,13-11-2024,31-12-2026,Pro,12,588,7056,False,False,False,False,annual,True,36.0,14352.0,0.0,A-8bde0c,3.0,2.6666666666666665,0.0
A-8bde0c,Company_287,DevTools,US,04-11-2024,organic,Basic,12,False,0,S-ff9bde,A-8bde0c,20-12-2024,22-12-2024,Pro,12,588,7056,False,False,False,True,monthly,True,32.0,7304.0,4.0,A-8bde0c,3.0,2.6666666666666665,0.0
A-8bde0c,Company_287,DevTools,US,04-11-2024,organic,Basic,12,False,0,S-d43ad9,A-8bde0c,14-12-2024,31-12-2026,Pro,13,637,7644,False,False,False,False,annual,False,81.0,17064.0,1.0,A-8bde0c,3.0,2.6666666666666665,0.0
A-8bde0c,Company_287,DevTools,US,04-11-2024,organic,Basic,12,False,0,S-daf6b3,A-8bde0c,04-11-2024,31-12-2026,Pro,12,588,7056,False,False,False,False,monthly,True,45.0,18293.0,4.0,A-8bde0c,3.0,2.6666666666666665,0.0
A-8bde0c,Company_287,DevTools,US,04-11-2024,organic,Basic,12,False,0,S-4fe9b6,A-8bde0c,19-12-2024,30-12-2024,Pro,25,1225,14700,False,False,False,True,annual,True,32.0,10016.0,2.0,A-8bde0c,3.0,2.6666666666666665,0.0
A-bcf87c,Company_288,FinTech,US,27-06-2024,event,Pro,10,False,1,S-c75159,A-bcf87c,22-08-2024,28-09-2024,Enterprise,31,6169,74028,False,False,False,True,monthly,True,73.0,20907.0,5.0,A-bcf87c,2.0,4.0,0.0
A-bcf87c,Company_288,FinTech,US,27-06-2024,event,Pro,10,False,1,S-b2d472,A-bcf87c,27-08-2024,11-12-2024,Enterprise,10,1990,23880,False,False,False,True,annual,False,57.0,20913.0,2.0,A-bcf87c,2.0,4.0,0.0
A-bcf87c,Company_288,FinTech,US,27-06-2024,event,Pro,10,False,1,S-e260ff,A-bcf87c,09-12-2024,31-12-2026,Enterprise,21,4179,50148,False,False,False,False,annual,True,60.0,11118.0,0.0,A-bcf87c,2.0,4.0,0.0
A-bcf87c,Company_288,FinTech,US,27-06-2024,event,Pro,10,False,1,S-ef4ad8,A-bcf87c,14-08-2024,31-12-2026,Pro,10,490,5880,False,False,False,False,annual,False,11.0,2167.0,1.0,A-bcf87c,2.0,4.0,0.0
A-bcf87c,Company_288,FinTech,US,27-06-2024,event,Pro,10,False,1,S-dc90ef,A-bcf87c,22-07-2024,31-12-2026,Pro,17,833,9996,False,False,False,False,annual,True,57.0,16019.0,8.0,A-bcf87c,2.0,4.0,0.0
A-bcf87c,Company_288,FinTech,US,27-06-2024,event,Pro,10,False,1,S-c555c4,A-bcf87c,13-12-2024,31-12-2026,Enterprise,17,3383,40596,False,False,False,False,monthly,True,31.0,14447.0,0.0,A-bcf87c,2.0,4.0,0.0
A-bcf87c,Company_288,FinTech,US,27-06-2024,event,Pro,10,False,1,S-08f8d3,A-bcf87c,27-11-2024,31-12-2026,Pro,21,1029,12348,False,False,False,False,monthly,True,37.0,13246.0,0.0,A-bcf87c,2.0,4.0,0.0
A-bcf87c,Company_288,FinTech,US,27-06-2024,event,Pro,10,False,1,S-1bdc35,A-bcf87c,28-10-2024,31-12-2026,Basic,10,190,2280,False,False,False,False,monthly,True,32.0,6531.0,2.0,A-bcf87c,2.0,4.0,0.0
A-bcf87c,Company_288,FinTech,US,27-06-2024,event,Pro,10,False,1,S-0e12c9,A-bcf87c,10-12-2024,31-12-2026,Basic,51,0,0,True,False,False,False,monthly,True,44.0,13004.0,1.0,A-bcf87c,2.0,4.0,0.0
A-bcf87c,Company_288,FinTech,US,27-06-2024,event,Pro,10,False,1,S-d2e82c,A-bcf87c,09-11-2024,31-12-2026,Enterprise,16,3184,38208,False,False,False,False,monthly,True,58.0,14838.0,0.0,A-bcf87c,2.0,4.0,0.0
A-bcf87c,Company_288,FinTech,US,27-06-2024,event,Pro,10,False,1,S-ea8479,A-bcf87c,25-10-2024,31-12-2026,Basic,17,323,3876,False,False,True,False,annual,False,43.0,14400.0,0.0,A-bcf87c,2.0,4.0,0.0
A-54ecc2,Company_289,Cybersecurity,US,11-06-2023,partner,Enterprise,4,False,0,S-36d5c9,A-54ecc2,16-09-2023,31-12-2026,Enterprise,11,2189,26268,False,False,False,False,monthly,True,86.0,24459.0,5.0,A-54ecc2,5.0,2.0,0.0
A-54ecc2,Company_289,Cybersecurity,US,11-06-2023,partner,Enterprise,4,False,0,S-eea643,A-54ecc2,30-10-2024,31-12-2026,Enterprise,28,5572,66864,False,False,False,False,monthly,True,51.0,18984.0,2.0,A-54ecc2,5.0,2.0,0.0
A-54ecc2,Company_289,Cybersecurity,US,11-06-2023,partner,Enterprise,4,False,0,S-875cf3,A-54ecc2,29-04-2024,31-12-2026,Enterprise,30,5970,71640,False,False,False,False,monthly,True,72.0,18894.0,7.0,A-54ecc2,5.0,2.0,0.0
A-54ecc2,Company_289,Cybersecurity,US,11-06-2023,partner,Enterprise,4,False,0,S-4da04b,A-54ecc2,16-09-2024,31-12-2026,Pro,7,343,4116,False,False,True,False,annual,True,45.0,12015.0,3.0,A-54ecc2,5.0,2.0,0.0
A-54ecc2,Company_289,Cybersecurity,US,11-06-2023,partner,Enterprise,4,False,0,S-7ac30a,A-54ecc2,16-10-2024,31-12-2026,Enterprise,5,995,11940,False,False,False,False,annual,True,49.0,15221.0,4.0,A-54ecc2,5.0,2.0,0.0
A-54ecc2,Company_289,Cybersecurity,US,11-06-2023,partner,Enterprise,4,False,0,S-0fa88d,A-54ecc2,27-09-2024,31-12-2026,Basic,6,114,1368,False,False,False,False,monthly,True,50.0,11648.0,3.0,A-54ecc2,5.0,2.0,0.0
A-54ecc2,Company_289,Cybersecurity,US,11-06-2023,partner,Enterprise,4,False,0,S-a7524a,A-54ecc2,25-08-2024,31-12-2026,Pro,13,637,7644,False,False,False,False,monthly,True,28.0,9186.0,5.0,A-54ecc2,5.0,2.0,0.0
A-54ecc2,Company_289,Cybersecurity,US,11-06-2023,partner,Enterprise,4,False,0,S-936a83,A-54ecc2,13-09-2023,31-12-2026,Enterprise,34,0,0,True,False,False,False,monthly,True,56.0,17476.0,2.0,A-54ecc2,5.0,2.0,0.0
A-54ecc2,Company_289,Cybersecurity,US,11-06-2023,partner,Enterprise,4,False,0,S-bbd8b5,A-54ecc2,26-11-2023,31-12-2026,Basic,4,76,912,False,False,False,False,annual,True,51.0,12743.0,0.0,A-54ecc2,5.0,2.0,0.0
A-54ecc2,Company_289,Cybersecurity,US,11-06-2023,partner,Enterprise,4,False,0,S-e6678a,A-54ecc2,16-08-2023,31-12-2026,Pro,4,196,2352,False,False,False,False,annual,False,47.0,14109.0,3.0,A-54ecc2,5.0,2.0,0.0
A-54ecc2,Company_289,Cybersecurity,US,11-06-2023,partner,Enterprise,4,False,0,S-147ad7,A-54ecc2,29-08-2024,31-12-2026,Basic,4,76,912,False,False,False,False,annual,True,72.0,28763.0,5.0,A-54ecc2,5.0,2.0,0.0
A-625d0b,Company_290,EdTech,AU,02-09-2024,ads,Basic,9,False,0,S-c4c9ce,A-625d0b,16-11-2024,22-11-2024,Enterprise,10,1990,23880,False,False,False,True,monthly,True,37.0,8492.0,5.0,A-625d0b,5.0,0.6,0.0
A-625d0b,Company_290,EdTech,AU,02-09-2024,ads,Basic,9,False,0,S-601f31,A-625d0b,09-11-2024,31-12-2026,Pro,14,686,8232,False,False,False,False,annual,True,27.0,11333.0,0.0,A-625d0b,5.0,0.6,0.0
A-625d0b,Company_290,EdTech,AU,02-09-2024,ads,Basic,9,False,0,S-66ffe0,A-625d0b,21-11-2024,31-12-2026,Pro,38,1862,22344,False,False,False,False,monthly,True,33.0,9289.0,8.0,A-625d0b,5.0,0.6,0.0
A-625d0b,Company_290,EdTech,AU,02-09-2024,ads,Basic,9,False,0,S-7018bf,A-625d0b,17-10-2024,31-12-2026,Pro,42,2058,24696,False,False,False,False,monthly,False,10.0,3000.0,2.0,A-625d0b,5.0,0.6,0.0
A-625d0b,Company_290,EdTech,AU,02-09-2024,ads,Basic,9,False,0,S-29ec80,A-625d0b,29-12-2024,31-12-2026,Enterprise,9,1791,21492,False,False,False,False,annual,True,42.0,10465.0,1.0,A-625d0b,5.0,0.6,0.0
A-625d0b,Company_290,EdTech,AU,02-09-2024,ads,Basic,9,False,0,S-3b7f8e,A-625d0b,07-10-2024,31-12-2026,Enterprise,9,1791,21492,False,False,False,False,monthly,True,71.0,21394.0,4.0,A-625d0b,5.0,0.6,0.0
A-625d0b,Company_290,EdTech,AU,02-09-2024,ads,Basic,9,False,0,S-b156cf,A-625d0b,22-11-2024,31-12-2026,Pro,9,441,5292,False,False,False,False,annual,True,62.0,16748.0,3.0,A-625d0b,5.0,0.6,0.0
A-625d0b,Company_290,EdTech,AU,02-09-2024,ads,Basic,9,False,0,S-f50b14,A-625d0b,25-09-2024,31-12-2026,Basic,9,0,0,True,False,False,False,annual,True,42.0,11372.0,3.0,A-625d0b,5.0,0.6,0.0
A-625d0b,Company_290,EdTech,AU,02-09-2024,ads,Basic,9,False,0,S-b27c2f,A-625d0b,24-12-2024,31-12-2026,Pro,17,833,9996,False,False,False,False,monthly,True,107.0,22805.0,4.0,A-625d0b,5.0,0.6,0.0
A-625d0b,Company_290,EdTech,AU,02-09-2024,ads,Basic,9,False,0,S-277111,A-625d0b,14-10-2024,31-12-2026,Pro,9,441,5292,False,False,False,False,monthly,True,36.0,6494.0,1.0,A-625d0b,5.0,0.6,0.0
A-625d0b,Company_290,EdTech,AU,02-09-2024,ads,Basic,9,False,0,S-304f59,A-625d0b,15-10-2024,31-12-2026,Basic,25,0,0,True,False,False,False,annual,True,62.0,20097.0,7.0,A-625d0b,5.0,0.6,0.0
A-fce879,Company_291,EdTech,UK,24-09-2024,partner,Pro,10,True,1,S-b147b9,A-fce879,13-12-2024,31-12-2026,Basic,21,399,4788,False,False,False,False,annual,True,52.0,8974.0,2.0,A-fce879,2.0,4.0,0.0
A-fce879,Company_291,EdTech,UK,24-09-2024,partner,Pro,10,True,1,S-b998a9,A-fce879,18-10-2024,31-12-2026,Enterprise,10,1990,23880,False,False,False,False,annual,True,80.0,35218.0,1.0,A-fce879,2.0,4.0,0.0
A-fce879,Company_291,EdTech,UK,24-09-2024,partner,Pro,10,True,1,S-ba67a5,A-fce879,27-10-2024,31-12-2026,Enterprise,19,3781,45372,False,False,False,False,annual,True,74.0,24047.0,1.0,A-fce879,2.0,4.0,0.0
A-fce879,Company_291,EdTech,UK,24-09-2024,partner,Pro,10,True,1,S-d0eeb2,A-fce879,18-10-2024,31-12-2026,Pro,45,0,0,True,False,True,False,monthly,True,45.0,14469.0,0.0,A-fce879,2.0,4.0,0.0
A-fce879,Company_291,EdTech,UK,24-09-2024,partner,Pro,10,True,1,S-c14eeb,A-fce879,28-09-2024,31-12-2026,Basic,33,627,7524,False,False,False,False,monthly,True,48.0,16032.0,10.0,A-fce879,2.0,4.0,0.0
A-b07b56,Company_292,DevTools,US,08-11-2024,event,Pro,25,False,1,S-b95110,A-b07b56,16-12-2024,31-12-2026,Pro,25,1225,14700,False,False,False,False,monthly,False,33.0,13570.0,1.0,A-b07b56,4.0,0.75,0.0
A-b07b56,Company_292,DevTools,US,08-11-2024,event,Pro,25,False,1,S-35a22f,A-b07b56,19-12-2024,31-12-2026,Pro,34,1666,19992,False,False,False,False,annual,True,63.0,24868.0,3.0,A-b07b56,4.0,0.75,0.0
A-b07b56,Company_292,DevTools,US,08-11-2024,event,Pro,25,False,1,S-8c767b,A-b07b56,03-12-2024,09-12-2024,Enterprise,29,0,0,True,False,False,True,monthly,True,35.0,13430.0,2.0,A-b07b56,4.0,0.75,0.0
A-b07b56,Company_292,DevTools,US,08-11-2024,event,Pro,25,False,1,S-0bb284,A-b07b56,16-12-2024,31-12-2026,Pro,27,1323,15876,False,False,False,False,monthly,False,38.0,10264.0,1.0,A-b07b56,4.0,0.75,0.0
A-b07b56,Company_292,DevTools,US,08-11-2024,event,Pro,25,False,1,S-155e15,A-b07b56,02-12-2024,31-12-2026,Pro,30,1470,17640,False,False,False,False,monthly,True,48.0,11538.0,3.0,A-b07b56,4.0,0.75,0.0
A-b07b56,Company_292,DevTools,US,08-11-2024,event,Pro,25,False,1,S-680dbe,A-b07b56,18-12-2024,31-12-2026,Enterprise,25,4975,59700,False,False,False,False,annual,True,39.0,12674.0,9.0,A-b07b56,4.0,0.75,0.0
A-b07b56,Company_292,DevTools,US,08-11-2024,event,Pro,25,False,1,S-c87441,A-b07b56,16-11-2024,31-12-2026,Basic,25,475,5700,False,False,False,False,annual,True,69.0,19636.0,3.0,A-b07b56,4.0,0.75,0.0
A-b07b56,Company_292,DevTools,US,08-11-2024,event,Pro,25,False,1,S-6ab430,A-b07b56,24-11-2024,31-12-2026,Pro,25,1225,14700,False,False,False,False,monthly,True,25.0,2579.0,0.0,A-b07b56,4.0,0.75,0.0
A-b07b56,Company_292,DevTools,US,08-11-2024,event,Pro,25,False,1,S-3d5e0c,A-b07b56,26-11-2024,31-12-2026,Basic,25,0,0,True,False,False,False,monthly,True,32.0,7149.0,2.0,A-b07b56,4.0,0.75,0.0
A-b07b56,Company_292,DevTools,US,08-11-2024,event,Pro,25,False,1,S-80dc6b,A-b07b56,21-12-2024,31-12-2026,Basic,25,0,0,True,False,False,False,annual,True,14.0,2401.0,3.0,A-b07b56,4.0,0.75,0.0
A-b07b56,Company_292,DevTools,US,08-11-2024,event,Pro,25,False,1,S-53b07a,A-b07b56,08-12-2024,31-12-2026,Pro,25,1225,14700,False,False,False,False,annual,True,60.0,12501.0,0.0,A-b07b56,4.0,0.75,0.0
A-b07b56,Company_292,DevTools,US,08-11-2024,event,Pro,25,False,1,S-79b038,A-b07b56,29-11-2024,31-12-2026,Basic,25,475,5700,False,False,False,False,annual,True,32.0,12691.0,0.0,A-b07b56,4.0,0.75,0.0
A-b07b56,Company_292,DevTools,US,08-11-2024,event,Pro,25,False,1,S-e6ad38,A-b07b56,19-11-2024,31-12-2026,Pro,25,1225,14700,False,False,False,False,monthly,True,61.0,18389.0,4.0,A-b07b56,4.0,0.75,0.0
A-b07b56,Company_292,DevTools,US,08-11-2024,event,Pro,25,False,1,S-887d48,A-b07b56,20-11-2024,31-12-2026,Pro,25,1225,14700,False,False,False,False,annual,True,49.0,9904.0,0.0,A-b07b56,4.0,0.75,0.0
A-b07b56,Company_292,DevTools,US,08-11-2024,event,Pro,25,False,1,S-a83bc2,A-b07b56,25-11-2024,31-12-2026,Basic,25,475,5700,False,False,False,False,monthly,False,35.0,13868.0,8.0,A-b07b56,4.0,0.75,0.0
A-6da850,Company_293,FinTech,IN,07-10-2023,organic,Pro,5,False,0,S-5f9a67,A-6da850,04-12-2023,31-12-2026,Pro,5,245,2940,False,False,False,False,annual,True,40.0,6141.0,5.0,A-6da850,5.0,0.8,0.0
A-6da850,Company_293,FinTech,IN,07-10-2023,organic,Pro,5,False,0,S-6c9ee1,A-6da850,20-02-2024,31-12-2026,Enterprise,23,0,0,True,False,False,False,monthly,True,16.0,2189.0,2.0,A-6da850,5.0,0.8,0.0
A-6da850,Company_293,FinTech,IN,07-10-2023,organic,Pro,5,False,0,S-42aaf0,A-6da850,31-12-2024,31-12-2024,Basic,6,114,1368,False,False,False,True,annual,True,40.0,8021.0,2.0,A-6da850,5.0,0.8,0.0
A-6da850,Company_293,FinTech,IN,07-10-2023,organic,Pro,5,False,0,S-7685a3,A-6da850,05-08-2024,31-12-2026,Basic,18,0,0,True,True,False,False,monthly,True,84.0,26510.0,6.0,A-6da850,5.0,0.8,0.0
A-6da850,Company_293,FinTech,IN,07-10-2023,organic,Pro,5,False,0,S-92f4b4,A-6da850,09-02-2024,31-12-2026,Basic,18,342,4104,False,False,False,False,monthly,True,15.0,5385.0,0.0,A-6da850,5.0,0.8,0.0
A-6da850,Company_293,FinTech,IN,07-10-2023,organic,Pro,5,False,0,S-e3903e,A-6da850,16-10-2024,08-12-2024,Pro,31,1519,18228,False,False,False,True,annual,True,32.0,10896.0,2.0,A-6da850,5.0,0.8,0.0
A-6da850,Company_293,FinTech,IN,07-10-2023,organic,Pro,5,False,0,S-be079b,A-6da850,29-04-2024,31-12-2026,Basic,5,0,0,True,False,True,False,monthly,False,69.0,17519.0,7.0,A-6da850,5.0,0.8,0.0
A-6da850,Company_293,FinTech,IN,07-10-2023,organic,Pro,5,False,0,S-305a67,A-6da850,12-04-2024,31-12-2026,Basic,12,228,2736,False,False,False,False,annual,True,26.0,5973.0,0.0,A-6da850,5.0,0.8,0.0
A-6da850,Company_293,FinTech,IN,07-10-2023,organic,Pro,5,False,0,S-b6aefa,A-6da850,01-09-2024,31-12-2026,Pro,5,245,2940,False,False,False,False,annual,True,50.0,13377.0,6.0,A-6da850,5.0,0.8,0.0
A-6da850,Company_293,FinTech,IN,07-10-2023,organic,Pro,5,False,0,S-858aa0,A-6da850,09-10-2024,31-12-2026,Enterprise,25,4975,59700,False,False,False,False,annual,False,47.0,14913.0,3.0,A-6da850,5.0,0.8,0.0
A-6da850,Company_293,FinTech,IN,07-10-2023,organic,Pro,5,False,0,S-5f40a3,A-6da850,28-12-2024,31-12-2026,Basic,5,0,0,True,False,False,False,monthly,False,39.0,9374.0,7.0,A-6da850,5.0,0.8,0.0
A-6da850,Company_293,FinTech,IN,07-10-2023,organic,Pro,5,False,0,S-a8e49e,A-6da850,17-01-2024,31-12-2026,Enterprise,5,995,11940,False,False,False,False,monthly,True,36.0,12988.0,1.0,A-6da850,5.0,0.8,0.0
A-6da850,Company_293,FinTech,IN,07-10-2023,organic,Pro,5,False,0,S-dd220e,A-6da850,02-06-2024,31-12-2026,Enterprise,37,7363,88356,False,False,False,False,monthly,True,124.0,30605.0,4.0,A-6da850,5.0,0.8,0.0
A-6da850,Company_293,FinTech,IN,07-10-2023,organic,Pro,5,False,0,S-76b176,A-6da850,10-11-2024,09-12-2024,Pro,8,392,4704,False,False,False,True,monthly,False,32.0,5237.0,1.0,A-6da850,5.0,0.8,0.0
A-6da850,Company_293,FinTech,IN,07-10-2023,organic,Pro,5,False,0,S-69b66d,A-6da850,08-01-2024,31-12-2026,Basic,25,475,5700,False,True,False,False,annual,True,28.0,6882.0,4.0,A-6da850,5.0,0.8,0.0
A-6da850,Company_293,FinTech,IN,07-10-2023,organic,Pro,5,False,0,S-f553b5,A-6da850,08-10-2023,31-12-2026,Pro,34,1666,19992,False,True,False,False,monthly,True,36.0,10360.0,4.0,A-6da850,5.0,0.8,0.0
A-342303,Company_294,EdTech,US,16-03-2024,other,Pro,1,True,0,S-d4f02f,A-342303,10-07-2024,31-12-2026,Pro,28,1372,16464,False,False,False,False,annual,True,7.0,574.0,1.0,A-342303,3.0,3.0,0.0
A-342303,Company_294,EdTech,US,16-03-2024,other,Pro,1,True,0,S-52d03a,A-342303,30-11-2024,31-12-2026,Enterprise,10,0,0,True,False,False,False,annual,True,53.0,8571.0,1.0,A-342303,3.0,3.0,0.0
A-342303,Company_294,EdTech,US,16-03-2024,other,Pro,1,True,0,S-6fa5cd,A-342303,03-05-2024,31-12-2026,Basic,17,323,3876,False,False,False,False,monthly,True,81.0,14004.0,3.0,A-342303,3.0,3.0,0.0
A-e7a1e2,Company_295,Cybersecurity,US,23-06-2024,event,Enterprise,3,False,0,S-f81687,A-e7a1e2,23-11-2024,13-12-2024,Enterprise,5,995,11940,False,False,False,True,monthly,True,65.0,22943.0,5.0,A-e7a1e2,1.0,4.0,0.0
A-e7a1e2,Company_295,Cybersecurity,US,23-06-2024,event,Enterprise,3,False,0,S-183073,A-e7a1e2,19-07-2024,31-12-2026,Enterprise,14,2786,33432,False,False,False,False,monthly,True,47.0,8574.0,5.0,A-e7a1e2,1.0,4.0,0.0
A-e7a1e2,Company_295,Cybersecurity,US,23-06-2024,event,Enterprise,3,False,0,S-381c99,A-e7a1e2,03-11-2024,31-12-2026,Basic,3,57,684,False,False,False,False,monthly,True,32.0,10592.0,1.0,A-e7a1e2,1.0,4.0,0.0
A-e7a1e2,Company_295,Cybersecurity,US,23-06-2024,event,Enterprise,3,False,0,S-50e517,A-e7a1e2,28-10-2024,31-12-2026,Basic,12,228,2736,False,False,False,False,annual,True,87.0,28946.0,6.0,A-e7a1e2,1.0,4.0,0.0
A-e7a1e2,Company_295,Cybersecurity,US,23-06-2024,event,Enterprise,3,False,0,S-b5e9e7,A-e7a1e2,26-10-2024,31-12-2026,Enterprise,12,2388,28656,False,False,False,False,annual,True,86.0,19151.0,3.0,A-e7a1e2,1.0,4.0,0.0
A-e7a1e2,Company_295,Cybersecurity,US,23-06-2024,event,Enterprise,3,False,0,S-d6cffe,A-e7a1e2,10-10-2024,31-12-2026,Enterprise,6,0,0,True,False,False,False,annual,True,81.0,27735.0,4.0,A-e7a1e2,1.0,4.0,0.0
A-e7a1e2,Company_295,Cybersecurity,US,23-06-2024,event,Enterprise,3,False,0,S-462bd2,A-e7a1e2,23-10-2024,31-12-2026,Enterprise,3,0,0,True,False,False,False,annual,True,64.0,27582.0,6.0,A-e7a1e2,1.0,4.0,0.0
A-e7a1e2,Company_295,Cybersecurity,US,23-06-2024,event,Enterprise,3,False,0,S-df69fe,A-e7a1e2,29-12-2024,31-12-2026,Enterprise,44,8756,105072,False,False,False,False,annual,True,35.0,8045.0,0.0,A-e7a1e2,1.0,4.0,0.0
A-e7a1e2,Company_295,Cybersecurity,US,23-06-2024,event,Enterprise,3,False,0,S-85b5ce,A-e7a1e2,26-12-2024,31-12-2026,Basic,10,190,2280,False,False,False,False,annual,True,0.0,0.0,0.0,A-e7a1e2,1.0,4.0,0.0
A-e7a1e2,Company_295,Cybersecurity,US,23-06-2024,event,Enterprise,3,False,0,S-d5eae3,A-e7a1e2,09-08-2024,31-12-2026,Enterprise,12,2388,28656,False,False,False,False,monthly,False,76.0,23936.0,1.0,A-e7a1e2,1.0,4.0,0.0
A-e7a1e2,Company_295,Cybersecurity,US,23-06-2024,event,Enterprise,3,False,0,S-a0f5ac,A-e7a1e2,07-10-2024,31-12-2026,Pro,13,637,7644,False,False,False,False,monthly,True,46.0,12994.0,2.0,A-e7a1e2,1.0,4.0,0.0
A-e7a1e2,Company_295,Cybersecurity,US,23-06-2024,event,Enterprise,3,False,0,S-0dd555,A-e7a1e2,22-11-2024,31-12-2026,Pro,33,1617,19404,False,False,False,False,annual,False,84.0,30430.0,3.0,A-e7a1e2,1.0,4.0,0.0
A-f1f639,Company_296,EdTech,US,26-02-2023,ads,Basic,2,False,0,S-343bab,A-f1f639,18-08-2023,31-12-2026,Enterprise,5,995,11940,False,False,False,False,monthly,True,17.0,4362.0,1.0,A-f1f639,7.0,3.4285714285714284,0.0
A-f1f639,Company_296,EdTech,US,26-02-2023,ads,Basic,2,False,0,S-07c2c2,A-f1f639,03-07-2023,31-12-2026,Basic,5,95,1140,False,False,False,False,monthly,True,46.0,11743.0,0.0,A-f1f639,7.0,3.4285714285714284,0.0
A-f1f639,Company_296,EdTech,US,26-02-2023,ads,Basic,2,False,0,S-ab212b,A-f1f639,16-01-2024,31-12-2026,Basic,2,38,456,False,True,False,False,monthly,True,21.0,10728.0,1.0,A-f1f639,7.0,3.4285714285714284,0.0
A-f1f639,Company_296,EdTech,US,26-02-2023,ads,Basic,2,False,0,S-f52fd6,A-f1f639,19-09-2024,31-12-2026,Enterprise,9,1791,21492,False,False,False,False,monthly,True,55.0,16264.0,8.0,A-f1f639,7.0,3.4285714285714284,0.0
A-a865bd,Company_297,Cybersecurity,US,19-09-2023,organic,Pro,38,False,0,S-921dc3,A-a865bd,22-05-2024,31-12-2026,Enterprise,38,7562,90744,False,False,False,False,annual,False,51.0,14198.0,3.0,A-a865bd,2.0,1.5,0.0
A-a865bd,Company_297,Cybersecurity,US,19-09-2023,organic,Pro,38,False,0,S-977d49,A-a865bd,11-04-2024,31-12-2026,Enterprise,38,7562,90744,False,False,False,False,monthly,True,71.0,11778.0,5.0,A-a865bd,2.0,1.5,0.0
A-a865bd,Company_297,Cybersecurity,US,19-09-2023,organic,Pro,38,False,0,S-018501,A-a865bd,19-09-2024,31-12-2026,Pro,56,2744,32928,False,False,False,False,monthly,False,62.0,16314.0,3.0,A-a865bd,2.0,1.5,0.0
A-a865bd,Company_297,Cybersecurity,US,19-09-2023,organic,Pro,38,False,0,S-69362d,A-a865bd,26-04-2024,31-12-2026,Basic,68,1292,15504,False,False,False,False,annual,True,9.0,3186.0,0.0,A-a865bd,2.0,1.5,0.0
A-a865bd,Company_297,Cybersecurity,US,19-09-2023,organic,Pro,38,False,0,S-9d7fa9,A-a865bd,17-01-2024,31-12-2026,Pro,38,1862,22344,False,False,False,False,monthly,True,37.0,14644.0,2.0,A-a865bd,2.0,1.5,0.0
A-4e631b,Company_298,FinTech,US,16-03-2024,other,Enterprise,22,False,0,S-5fffe8,A-4e631b,26-07-2024,31-12-2026,Basic,22,418,5016,False,False,False,False,monthly,True,69.0,25407.0,9.0,A-4e631b,2.0,2.0,0.0
A-4e631b,Company_298,FinTech,US,16-03-2024,other,Enterprise,22,False,0,S-ab24c6,A-4e631b,15-10-2024,31-12-2026,Enterprise,22,4378,52536,False,False,True,False,annual,True,52.0,14001.0,0.0,A-4e631b,2.0,2.0,0.0
A-4e631b,Company_298,FinTech,US,16-03-2024,other,Enterprise,22,False,0,S-f5888c,A-4e631b,10-12-2024,31-12-2026,Basic,22,418,5016,False,False,False,False,annual,True,62.0,13059.0,1.0,A-4e631b,2.0,2.0,0.0
A-4e631b,Company_298,FinTech,US,16-03-2024,other,Enterprise,22,False,0,S-61bcfb,A-4e631b,05-11-2024,31-12-2026,Basic,22,418,5016,False,False,False,False,monthly,True,71.0,19529.0,1.0,A-4e631b,2.0,2.0,0.0
A-4e631b,Company_298,FinTech,US,16-03-2024,other,Enterprise,22,False,0,S-503afa,A-4e631b,18-03-2024,31-12-2026,Enterprise,40,7960,95520,False,False,False,False,monthly,False,32.0,6859.0,3.0,A-4e631b,2.0,2.0,0.0
A-4e631b,Company_298,FinTech,US,16-03-2024,other,Enterprise,22,False,0,S-4e4b10,A-4e631b,22-08-2024,31-12-2026,Basic,22,418,5016,False,False,False,False,monthly,False,37.0,16523.0,5.0,A-4e631b,2.0,2.0,0.0
A-4e631b,Company_298,FinTech,US,16-03-2024,other,Enterprise,22,False,0,S-92421b,A-4e631b,12-11-2024,31-12-2026,Pro,22,0,0,True,False,False,False,monthly,True,23.0,5799.0,0.0,A-4e631b,2.0,2.0,0.0
A-4e631b,Company_298,FinTech,US,16-03-2024,other,Enterprise,22,False,0,S-713e06,A-4e631b,06-11-2024,31-12-2026,Enterprise,26,5174,62088,False,False,False,False,annual,True,64.0,25363.0,4.0,A-4e631b,2.0,2.0,0.0
A-4e631b,Company_298,FinTech,US,16-03-2024,other,Enterprise,22,False,0,S-0acba4,A-4e631b,22-11-2024,31-12-2026,Basic,22,418,5016,False,False,False,False,annual,False,41.0,19616.0,2.0,A-4e631b,2.0,2.0,0.0
A-4e631b,Company_298,FinTech,US,16-03-2024,other,Enterprise,22,False,0,S-4193dd,A-4e631b,13-10-2024,31-12-2026,Basic,22,418,5016,False,False,False,False,monthly,True,24.0,4275.0,3.0,A-4e631b,2.0,2.0,0.0
A-4e631b,Company_298,FinTech,US,16-03-2024,other,Enterprise,22,False,0,S-1a04fe,A-4e631b,13-05-2024,31-12-2026,Enterprise,22,4378,52536,False,True,False,False,annual,True,27.0,4237.0,1.0,A-4e631b,2.0,2.0,0.0
A-7f6b86,Company_299,HealthTech,US,24-08-2023,partner,Basic,45,True,1,S-3445f5,A-7f6b86,15-10-2023,31-12-2026,Basic,45,855,10260,False,False,False,False,annual,False,38.0,15991.0,1.0,A-7f6b86,7.0,1.5714285714285714,0.0
A-7f6b86,Company_299,HealthTech,US,24-08-2023,partner,Basic,45,True,1,S-f49e0b,A-7f6b86,21-01-2024,21-03-2024,Pro,45,2205,26460,False,True,False,True,annual,True,22.0,5870.0,0.0,A-7f6b86,7.0,1.5714285714285714,0.0
A-7f6b86,Company_299,HealthTech,US,24-08-2023,partner,Basic,45,True,1,S-a0c517,A-7f6b86,24-10-2023,31-12-2026,Pro,59,2891,34692,False,True,False,False,monthly,True,65.0,28284.0,4.0,A-7f6b86,7.0,1.5714285714285714,0.0
A-7f6b86,Company_299,HealthTech,US,24-08-2023,partner,Basic,45,True,1,S-5fb9ab,A-7f6b86,27-10-2024,31-12-2026,Enterprise,45,0,0,True,False,False,False,annual,False,37.0,1508.0,5.0,A-7f6b86,7.0,1.5714285714285714,0.0
A-7f6b86,Company_299,HealthTech,US,24-08-2023,partner,Basic,45,True,1,S-5ddf8d,A-7f6b86,06-12-2024,31-12-2026,Basic,45,855,10260,False,False,False,False,annual,True,92.0,30121.0,0.0,A-7f6b86,7.0,1.5714285714285714,0.0
A-7f6b86,Company_299,HealthTech,US,24-08-2023,partner,Basic,45,True,1,S-8e7d28,A-7f6b86,05-07-2024,31-12-2026,Pro,45,0,0,True,False,False,False,monthly,True,30.0,12813.0,0.0,A-7f6b86,7.0,1.5714285714285714,0.0
A-7f6b86,Company_299,HealthTech,US,24-08-2023,partner,Basic,45,True,1,S-8f4f5b,A-7f6b86,30-08-2023,31-12-2026,Pro,45,0,0,True,False,False,False,annual,True,32.0,15376.0,0.0,A-7f6b86,7.0,1.5714285714285714,0.0
A-7f6b86,Company_299,HealthTech,US,24-08-2023,partner,Basic,45,True,1,S-f17152,A-7f6b86,16-09-2024,31-12-2026,Enterprise,59,11741,140892,False,False,False,False,annual,True,61.0,19969.0,3.0,A-7f6b86,7.0,1.5714285714285714,0.0
A-7f6b86,Company_299,HealthTech,US,24-08-2023,partner,Basic,45,True,1,S-480226,A-7f6b86,21-05-2024,31-12-2026,Basic,45,855,10260,False,True,False,False,annual,True,43.0,14317.0,1.0,A-7f6b86,7.0,1.5714285714285714,0.0
A-8adedc,Company_300,EdTech,US,11-02-2024,event,Basic,4,True,1,S-dbc1ca,A-8adedc,24-04-2024,31-12-2026,Enterprise,14,2786,33432,False,False,False,False,annual,True,34.0,9293.0,5.0,A-8adedc,4.0,1.0,0.0
A-8adedc,Company_300,EdTech,US,11-02-2024,event,Basic,4,True,1,S-d8441d,A-8adedc,16-03-2024,31-12-2026,Basic,4,76,912,False,False,False,False,annual,True,25.0,7453.0,0.0,A-8adedc,4.0,1.0,0.0
A-8adedc,Company_300,EdTech,US,11-02-2024,event,Basic,4,True,1,S-86c28f,A-8adedc,02-04-2024,31-12-2026,Pro,79,3871,46452,False,False,False,False,annual,True,31.0,8796.0,4.0,A-8adedc,4.0,1.0,0.0
A-8adedc,Company_300,EdTech,US,11-02-2024,event,Basic,4,True,1,S-871e83,A-8adedc,21-03-2024,31-12-2026,Enterprise,14,2786,33432,False,False,False,False,annual,True,82.0,22597.0,1.0,A-8adedc,4.0,1.0,0.0
A-8adedc,Company_300,EdTech,US,11-02-2024,event,Basic,4,True,1,S-94cf13,A-8adedc,23-05-2024,31-12-2026,Basic,5,95,1140,False,False,False,False,annual,True,42.0,15016.0,1.0,A-8adedc,4.0,1.0,0.0
A-8adedc,Company_300,EdTech,US,11-02-2024,event,Basic,4,True,1,S-70d15d,A-8adedc,22-02-2024,09-03-2024,Enterprise,57,11343,136116,False,False,False,True,monthly,True,66.0,18723.0,6.0,A-8adedc,4.0,1.0,0.0
A-8adedc,Company_300,EdTech,US,11-02-2024,event,Basic,4,True,1,S-f36088,A-8adedc,24-05-2024,31-12-2026,Enterprise,43,0,0,True,False,False,False,annual,True,37.0,9428.0,3.0,A-8adedc,4.0,1.0,0.0
A-8adedc,Company_300,EdTech,US,11-02-2024,event,Basic,4,True,1,S-09251c,A-8adedc,17-07-2024,30-10-2024,Enterprise,16,3184,38208,False,False,False,True,monthly,True,65.0,15637.0,4.0,A-8adedc,4.0,1.0,0.0
A-8adedc,Company_300,EdTech,US,11-02-2024,event,Basic,4,True,1,S-e98bfd,A-8adedc,18-05-2024,31-12-2026,Basic,4,76,912,False,False,False,False,annual,True,0.0,0.0,0.0,A-8adedc,4.0,1.0,0.0
A-8adedc,Company_300,EdTech,US,11-02-2024,event,Basic,4,True,1,S-26deeb,A-8adedc,07-09-2024,31-12-2026,Pro,68,3332,39984,False,False,False,False,annual,True,19.0,5387.0,0.0,A-8adedc,4.0,1.0,0.0
A-8adedc,Company_300,EdTech,US,11-02-2024,event,Basic,4,True,1,S-0e8b21,A-8adedc,21-08-2024,31-12-2026,Basic,22,418,5016,False,False,False,False,monthly,True,45.0,8280.0,0.0,A-8adedc,4.0,1.0,0.0
A-8adedc,Company_300,EdTech,US,11-02-2024,event,Basic,4,True,1,S-acb7af,A-8adedc,23-05-2024,31-12-2026,Enterprise,4,0,0,True,False,False,False,annual,True,18.0,4902.0,0.0,A-8adedc,4.0,1.0,0.0
A-8adedc,Company_300,EdTech,US,11-02-2024,event,Basic,4,True,1,S-4f9730,A-8adedc,21-07-2024,31-12-2026,Enterprise,25,0,0,True,False,False,False,monthly,True,70.0,28904.0,5.0,A-8adedc,4.0,1.0,0.0
A-8adedc,Company_300,EdTech,US,11-02-2024,event,Basic,4,True,1,S-448b6d,A-8adedc,08-06-2024,31-12-2026,Basic,19,361,4332,False,False,False,False,monthly,False,49.0,11581.0,4.0,A-8adedc,4.0,1.0,0.0
A-2edab2,Company_301,HealthTech,US,17-11-2023,event,Enterprise,17,False,0,S-eb15a1,A-2edab2,30-11-2024,31-12-2026,Enterprise,17,3383,40596,False,False,False,False,monthly,True,13.0,4394.0,0.0,A-2edab2,4.0,0.75,0.0
A-2edab2,Company_301,HealthTech,US,17-11-2023,event,Enterprise,17,False,0,S-32b223,A-2edab2,28-11-2023,31-12-2026,Pro,17,833,9996,False,False,False,False,annual,True,43.0,19260.0,2.0,A-2edab2,4.0,0.75,0.0
A-2edab2,Company_301,HealthTech,US,17-11-2023,event,Enterprise,17,False,0,S-fade3d,A-2edab2,24-07-2024,31-12-2026,Basic,17,323,3876,False,True,False,False,annual,True,41.0,17459.0,1.0,A-2edab2,4.0,0.75,0.0
A-2edab2,Company_301,HealthTech,US,17-11-2023,event,Enterprise,17,False,0,S-80af85,A-2edab2,22-11-2023,31-12-2026,Basic,17,323,3876,False,False,False,False,annual,True,60.0,19242.0,9.0,A-2edab2,4.0,0.75,0.0
A-2edab2,Company_301,HealthTech,US,17-11-2023,event,Enterprise,17,False,0,S-e8d48e,A-2edab2,19-06-2024,31-12-2026,Enterprise,17,3383,40596,False,False,False,False,annual,True,46.0,12388.0,4.0,A-2edab2,4.0,0.75,0.0
A-2edab2,Company_301,HealthTech,US,17-11-2023,event,Enterprise,17,False,0,S-f73a84,A-2edab2,15-12-2024,31-12-2026,Pro,17,833,9996,False,False,False,False,monthly,True,51.0,10033.0,2.0,A-2edab2,4.0,0.75,0.0
A-2edab2,Company_301,HealthTech,US,17-11-2023,event,Enterprise,17,False,0,S-e6513c,A-2edab2,05-12-2023,31-12-2026,Basic,17,323,3876,False,False,False,False,monthly,True,97.0,31190.0,2.0,A-2edab2,4.0,0.75,0.0
A-2edab2,Company_301,HealthTech,US,17-11-2023,event,Enterprise,17,False,0,S-d396d1,A-2edab2,05-03-2024,11-10-2024,Pro,17,833,9996,False,False,False,True,monthly,True,34.0,8650.0,3.0,A-2edab2,4.0,0.75,0.0
A-2edab2,Company_301,HealthTech,US,17-11-2023,event,Enterprise,17,False,0,S-c7e38a,A-2edab2,03-10-2024,31-12-2026,Basic,17,323,3876,False,False,False,False,annual,True,56.0,20176.0,3.0,A-2edab2,4.0,0.75,0.0
A-2edab2,Company_301,HealthTech,US,17-11-2023,event,Enterprise,17,False,0,S-7fbc53,A-2edab2,29-03-2024,31-12-2026,Pro,17,833,9996,False,False,False,False,monthly,False,46.0,18012.0,0.0,A-2edab2,4.0,0.75,0.0
A-149a69,Company_302,DevTools,US,17-10-2024,event,Basic,34,False,0,S-4c5456,A-149a69,19-12-2024,31-12-2026,Basic,34,646,7752,False,False,False,False,monthly,True,54.0,16473.0,5.0,A-149a69,8.0,2.625,0.0
A-149a69,Company_302,DevTools,US,17-10-2024,event,Basic,34,False,0,S-770018,A-149a69,14-12-2024,31-12-2026,Enterprise,34,6766,81192,False,False,False,False,annual,False,73.0,24270.0,2.0,A-149a69,8.0,2.625,0.0
A-149a69,Company_302,DevTools,US,17-10-2024,event,Basic,34,False,0,S-a54381,A-149a69,05-12-2024,31-12-2026,Basic,34,646,7752,False,False,False,False,monthly,False,81.0,19151.0,2.0,A-149a69,8.0,2.625,0.0
A-a6d261,Company_303,FinTech,CA,29-11-2023,other,Pro,9,False,0,S-7e1791,A-a6d261,09-05-2024,31-12-2026,Enterprise,9,1791,21492,False,False,False,False,annual,True,47.0,13130.0,1.0,A-a6d261,4.0,3.5,1.0
A-a6d261,Company_303,FinTech,CA,29-11-2023,other,Pro,9,False,0,S-7cc0ec,A-a6d261,25-02-2024,31-12-2026,Pro,9,441,5292,False,False,False,False,monthly,False,48.0,16286.0,2.0,A-a6d261,4.0,3.5,1.0
A-a6d261,Company_303,FinTech,CA,29-11-2023,other,Pro,9,False,0,S-9be237,A-a6d261,20-09-2024,31-12-2026,Pro,26,1274,15288,False,False,False,False,annual,True,19.0,2699.0,0.0,A-a6d261,4.0,3.5,1.0
A-a6d261,Company_303,FinTech,CA,29-11-2023,other,Pro,9,False,0,S-6aa20b,A-a6d261,11-01-2024,31-12-2026,Enterprise,9,0,0,True,False,False,False,monthly,True,45.0,15825.0,4.0,A-a6d261,4.0,3.5,1.0
A-a6d261,Company_303,FinTech,CA,29-11-2023,other,Pro,9,False,0,S-d1b062,A-a6d261,07-03-2024,31-12-2026,Enterprise,14,2786,33432,False,False,False,False,monthly,True,16.0,2240.0,2.0,A-a6d261,4.0,3.5,1.0
A-a6d261,Company_303,FinTech,CA,29-11-2023,other,Pro,9,False,0,S-faf395,A-a6d261,08-07-2024,31-12-2026,Basic,9,171,2052,False,False,False,False,annual,True,45.0,18003.0,1.0,A-a6d261,4.0,3.5,1.0
A-a6d261,Company_303,FinTech,CA,29-11-2023,other,Pro,9,False,0,S-58d2c8,A-a6d261,19-11-2024,31-12-2026,Basic,13,247,2964,False,True,False,False,annual,True,51.0,20107.0,1.0,A-a6d261,4.0,3.5,1.0
A-a6d261,Company_303,FinTech,CA,29-11-2023,other,Pro,9,False,0,S-69b070,A-a6d261,18-09-2024,31-12-2026,Enterprise,27,5373,64476,False,True,False,False,annual,True,109.0,27570.0,6.0,A-a6d261,4.0,3.5,1.0
A-a6d261,Company_303,FinTech,CA,29-11-2023,other,Pro,9,False,0,S-04b127,A-a6d261,13-12-2023,31-12-2026,Basic,9,171,2052,False,False,False,False,monthly,True,24.0,10844.0,0.0,A-a6d261,4.0,3.5,1.0
A-a6d261,Company_303,FinTech,CA,29-11-2023,other,Pro,9,False,0,S-27c00d,A-a6d261,08-06-2024,31-12-2026,Basic,48,912,10944,False,False,False,False,monthly,True,52.0,14553.0,6.0,A-a6d261,4.0,3.5,1.0
A-a6d261,Company_303,FinTech,CA,29-11-2023,other,Pro,9,False,0,S-50c6f5,A-a6d261,26-04-2024,26-11-2024,Enterprise,103,20497,245964,False,False,False,True,monthly,True,35.0,15001.0,3.0,A-a6d261,4.0,3.5,1.0
A-a6d261,Company_303,FinTech,CA,29-11-2023,other,Pro,9,False,0,S-e753fa,A-a6d261,06-02-2024,31-12-2026,Pro,28,1372,16464,False,True,False,False,annual,True,40.0,6658.0,2.0,A-a6d261,4.0,3.5,1.0
A-a6d261,Company_303,FinTech,CA,29-11-2023,other,Pro,9,False,0,S-00dea4,A-a6d261,14-01-2024,31-12-2026,Enterprise,15,2985,35820,False,False,False,False,monthly,True,63.0,16766.0,0.0,A-a6d261,4.0,3.5,1.0
A-a6d261,Company_303,FinTech,CA,29-11-2023,other,Pro,9,False,0,S-d471c6,A-a6d261,16-07-2024,31-12-2026,Basic,9,171,2052,False,False,False,False,monthly,True,33.0,9553.0,1.0,A-a6d261,4.0,3.5,1.0
A-443f6f,Company_304,Cybersecurity,US,07-12-2024,organic,Basic,19,False,0,S-9c2b8e,A-443f6f,26-12-2024,31-12-2026,Basic,19,361,4332,False,True,False,False,annual,True,58.0,19192.0,5.0,A-443f6f,4.0,3.5,0.0
A-443f6f,Company_304,Cybersecurity,US,07-12-2024,organic,Basic,19,False,0,S-e86a94,A-443f6f,26-12-2024,31-12-2026,Pro,19,931,11172,False,False,False,False,monthly,True,26.0,8486.0,0.0,A-443f6f,4.0,3.5,0.0
A-443f6f,Company_304,Cybersecurity,US,07-12-2024,organic,Basic,19,False,0,S-bdac36,A-443f6f,08-12-2024,31-12-2026,Enterprise,19,3781,45372,False,False,False,False,monthly,False,101.0,25968.0,2.0,A-443f6f,4.0,3.5,0.0
A-443f6f,Company_304,Cybersecurity,US,07-12-2024,organic,Basic,19,False,0,S-0283b5,A-443f6f,10-12-2024,31-12-2026,Pro,19,931,11172,False,False,False,False,annual,True,47.0,14501.0,0.0,A-443f6f,4.0,3.5,0.0
A-443f6f,Company_304,Cybersecurity,US,07-12-2024,organic,Basic,19,False,0,S-df5924,A-443f6f,21-12-2024,22-12-2024,Pro,19,931,11172,False,False,False,True,annual,True,119.0,41329.0,9.0,A-443f6f,4.0,3.5,0.0
A-443f6f,Company_304,Cybersecurity,US,07-12-2024,organic,Basic,19,False,0,S-a2fb62,A-443f6f,10-12-2024,31-12-2026,Pro,19,931,11172,False,False,False,False,annual,True,45.0,14543.0,2.0,A-443f6f,4.0,3.5,0.0
A-443f6f,Company_304,Cybersecurity,US,07-12-2024,organic,Basic,19,False,0,S-c6ff41,A-443f6f,19-12-2024,31-12-2026,Basic,38,722,8664,False,False,False,False,monthly,True,14.0,584.0,1.0,A-443f6f,4.0,3.5,0.0
A-443f6f,Company_304,Cybersecurity,US,07-12-2024,organic,Basic,19,False,0,S-869978,A-443f6f,24-12-2024,31-12-2026,Enterprise,19,3781,45372,False,False,False,False,monthly,False,69.0,15857.0,6.0,A-443f6f,4.0,3.5,0.0
A-443f6f,Company_304,Cybersecurity,US,07-12-2024,organic,Basic,19,False,0,S-42822d,A-443f6f,15-12-2024,31-12-2026,Pro,25,1225,14700,False,False,False,False,annual,True,48.0,17689.0,3.0,A-443f6f,4.0,3.5,0.0
A-202b67,Company_305,HealthTech,US,22-03-2024,organic,Pro,11,False,0,S-f703bd,A-202b67,04-09-2024,31-12-2026,Pro,11,539,6468,False,False,False,False,monthly,True,28.0,10852.0,1.0,A-202b67,4.0,3.5,0.0
A-202b67,Company_305,HealthTech,US,22-03-2024,organic,Pro,11,False,0,S-bff8c5,A-202b67,18-07-2024,31-12-2026,Basic,11,209,2508,False,False,False,False,monthly,True,58.0,8667.0,4.0,A-202b67,4.0,3.5,0.0
A-202b67,Company_305,HealthTech,US,22-03-2024,organic,Pro,11,False,0,S-540cee,A-202b67,22-06-2024,31-12-2026,Enterprise,25,4975,59700,False,True,False,False,annual,True,79.0,17843.0,7.0,A-202b67,4.0,3.5,0.0
A-202b67,Company_305,HealthTech,US,22-03-2024,organic,Pro,11,False,0,S-36b46e,A-202b67,27-03-2024,31-12-2026,Pro,11,539,6468,False,False,False,False,monthly,True,43.0,15284.0,1.0,A-202b67,4.0,3.5,0.0
A-202b67,Company_305,HealthTech,US,22-03-2024,organic,Pro,11,False,0,S-6cd38d,A-202b67,28-08-2024,31-12-2026,Basic,22,418,5016,False,False,False,False,annual,True,57.0,10882.0,9.0,A-202b67,4.0,3.5,0.0
A-202b67,Company_305,HealthTech,US,22-03-2024,organic,Pro,11,False,0,S-b5162d,A-202b67,09-10-2024,31-12-2026,Enterprise,29,5771,69252,False,False,False,False,monthly,True,0.0,0.0,0.0,A-202b67,4.0,3.5,0.0
A-202b67,Company_305,HealthTech,US,22-03-2024,organic,Pro,11,False,0,S-93592e,A-202b67,18-05-2024,31-12-2026,Pro,61,2989,35868,False,False,False,False,monthly,True,32.0,5925.0,5.0,A-202b67,4.0,3.5,0.0
A-202b67,Company_305,HealthTech,US,22-03-2024,organic,Pro,11,False,0,S-ede33a,A-202b67,07-07-2024,23-12-2024,Enterprise,11,2189,26268,False,False,False,True,annual,True,54.0,12705.0,5.0,A-202b67,4.0,3.5,0.0
A-202b67,Company_305,HealthTech,US,22-03-2024,organic,Pro,11,False,0,S-008cab,A-202b67,31-05-2024,31-12-2026,Pro,11,539,6468,False,False,False,False,monthly,False,96.0,28356.0,8.0,A-202b67,4.0,3.5,0.0
A-00bed1,Company_306,Cybersecurity,US,14-11-2023,ads,Basic,28,True,0,S-64fba3,A-00bed1,16-07-2024,31-12-2026,Enterprise,28,5572,66864,False,False,False,False,annual,True,70.0,23876.0,0.0,A-00bed1,4.0,1.0,0.0
A-00bed1,Company_306,Cybersecurity,US,14-11-2023,ads,Basic,28,True,0,S-f3dd83,A-00bed1,28-08-2024,31-12-2026,Enterprise,28,0,0,True,False,False,False,monthly,True,40.0,9883.0,2.0,A-00bed1,4.0,1.0,0.0
A-00bed1,Company_306,Cybersecurity,US,14-11-2023,ads,Basic,28,True,0,S-a86344,A-00bed1,18-08-2024,31-12-2026,Pro,36,1764,21168,False,True,False,False,annual,True,50.0,7436.0,3.0,A-00bed1,4.0,1.0,0.0
A-00bed1,Company_306,Cybersecurity,US,14-11-2023,ads,Basic,28,True,0,S-a7360b,A-00bed1,16-11-2023,31-12-2026,Basic,61,1159,13908,False,True,False,False,annual,True,47.0,15421.0,0.0,A-00bed1,4.0,1.0,0.0
A-00bed1,Company_306,Cybersecurity,US,14-11-2023,ads,Basic,28,True,0,S-76a214,A-00bed1,14-05-2024,31-12-2026,Enterprise,49,9751,117012,False,False,False,False,annual,True,35.0,9866.0,3.0,A-00bed1,4.0,1.0,0.0
A-00bed1,Company_306,Cybersecurity,US,14-11-2023,ads,Basic,28,True,0,S-289702,A-00bed1,01-09-2024,31-12-2026,Enterprise,28,5572,66864,False,False,False,False,annual,False,16.0,4272.0,3.0,A-00bed1,4.0,1.0,0.0
A-00bed1,Company_306,Cybersecurity,US,14-11-2023,ads,Basic,28,True,0,S-7f9ce5,A-00bed1,20-07-2024,31-12-2026,Pro,28,1372,16464,False,False,False,False,monthly,True,66.0,17597.0,3.0,A-00bed1,4.0,1.0,0.0
A-00bed1,Company_306,Cybersecurity,US,14-11-2023,ads,Basic,28,True,0,S-585d4c,A-00bed1,06-05-2024,31-12-2026,Enterprise,28,5572,66864,False,True,False,False,monthly,True,89.0,27218.0,5.0,A-00bed1,4.0,1.0,0.0
A-00bed1,Company_306,Cybersecurity,US,14-11-2023,ads,Basic,28,True,0,S-4a724b,A-00bed1,06-08-2024,31-12-2026,Pro,28,1372,16464,False,False,False,False,annual,True,39.0,8675.0,5.0,A-00bed1,4.0,1.0,0.0
A-00bed1,Company_306,Cybersecurity,US,14-11-2023,ads,Basic,28,True,0,S-3fbf9e,A-00bed1,06-04-2024,31-12-2026,Pro,28,1372,16464,False,False,False,False,monthly,True,62.0,19490.0,3.0,A-00bed1,4.0,1.0,0.0
A-ffc04f,Company_307,EdTech,US,06-06-2024,ads,Pro,13,False,0,S-e27a20,A-ffc04f,28-12-2024,31-12-2026,Basic,13,247,2964,False,False,False,False,monthly,True,59.0,17018.0,9.0,A-ffc04f,7.0,2.5714285714285716,1.0
A-ffc04f,Company_307,EdTech,US,06-06-2024,ads,Pro,13,False,0,S-053142,A-ffc04f,06-11-2024,31-12-2026,Basic,16,304,3648,False,False,False,False,monthly,True,60.0,18508.0,6.0,A-ffc04f,7.0,2.5714285714285716,1.0
A-ffc04f,Company_307,EdTech,US,06-06-2024,ads,Pro,13,False,0,S-f1fa8b,A-ffc04f,31-07-2024,31-12-2026,Pro,55,2695,32340,False,False,False,False,monthly,False,68.0,27595.0,6.0,A-ffc04f,7.0,2.5714285714285716,1.0
A-ffc04f,Company_307,EdTech,US,06-06-2024,ads,Pro,13,False,0,S-342708,A-ffc04f,30-11-2024,21-12-2024,Pro,41,2009,24108,False,False,False,True,annual,True,52.0,20854.0,1.0,A-ffc04f,7.0,2.5714285714285716,1.0
A-ffc04f,Company_307,EdTech,US,06-06-2024,ads,Pro,13,False,0,S-bd3e24,A-ffc04f,21-12-2024,21-12-2024,Pro,13,637,7644,False,False,False,True,annual,True,39.0,12229.0,1.0,A-ffc04f,7.0,2.5714285714285716,1.0
A-ffc04f,Company_307,EdTech,US,06-06-2024,ads,Pro,13,False,0,S-14a95a,A-ffc04f,22-10-2024,31-12-2026,Pro,20,980,11760,False,False,False,False,monthly,True,56.0,21457.0,4.0,A-ffc04f,7.0,2.5714285714285716,1.0
A-ffc04f,Company_307,EdTech,US,06-06-2024,ads,Pro,13,False,0,S-dcde3f,A-ffc04f,05-08-2024,31-12-2026,Pro,13,0,0,True,False,False,False,monthly,False,27.0,6497.0,5.0,A-ffc04f,7.0,2.5714285714285716,1.0
A-ffc04f,Company_307,EdTech,US,06-06-2024,ads,Pro,13,False,0,S-aaf847,A-ffc04f,19-09-2024,31-12-2026,Enterprise,13,2587,31044,False,False,False,False,monthly,False,54.0,10879.0,1.0,A-ffc04f,7.0,2.5714285714285716,1.0
A-ffc04f,Company_307,EdTech,US,06-06-2024,ads,Pro,13,False,0,S-35ff9e,A-ffc04f,09-09-2024,31-12-2026,Enterprise,19,3781,45372,False,False,False,False,monthly,False,41.0,21084.0,3.0,A-ffc04f,7.0,2.5714285714285716,1.0
A-ffc04f,Company_307,EdTech,US,06-06-2024,ads,Pro,13,False,0,S-6d507b,A-ffc04f,08-06-2024,31-12-2026,Enterprise,13,2587,31044,False,False,False,False,annual,True,92.0,23234.0,4.0,A-ffc04f,7.0,2.5714285714285716,1.0
A-ffc04f,Company_307,EdTech,US,06-06-2024,ads,Pro,13,False,0,S-c19e74,A-ffc04f,19-09-2024,31-12-2026,Enterprise,13,0,0,True,False,False,False,annual,True,59.0,19292.0,5.0,A-ffc04f,7.0,2.5714285714285716,1.0
A-ffc04f,Company_307,EdTech,US,06-06-2024,ads,Pro,13,False,0,S-5bbb5b,A-ffc04f,01-12-2024,31-12-2026,Enterprise,15,2985,35820,False,False,True,False,annual,True,9.0,1584.0,0.0,A-ffc04f,7.0,2.5714285714285716,1.0
A-ffc04f,Company_307,EdTech,US,06-06-2024,ads,Pro,13,False,0,S-94471b,A-ffc04f,04-10-2024,31-12-2026,Basic,13,247,2964,False,False,False,False,monthly,False,107.0,35721.0,12.0,A-ffc04f,7.0,2.5714285714285716,1.0
A-ffc04f,Company_307,EdTech,US,06-06-2024,ads,Pro,13,False,0,S-df819a,A-ffc04f,08-09-2024,31-12-2026,Pro,20,980,11760,False,False,False,False,monthly,False,73.0,20692.0,6.0,A-ffc04f,7.0,2.5714285714285716,1.0
A-ffc04f,Company_307,EdTech,US,06-06-2024,ads,Pro,13,False,0,S-eea4ae,A-ffc04f,14-09-2024,31-12-2026,Pro,13,0,0,True,False,False,False,monthly,False,61.0,20703.0,1.0,A-ffc04f,7.0,2.5714285714285716,1.0
A-65c341,Company_308,FinTech,US,26-12-2023,ads,Pro,11,True,0,S-fedcd9,A-65c341,01-10-2024,31-12-2026,Enterprise,11,2189,26268,False,False,False,False,annual,True,57.0,15440.0,3.0,A-65c341,5.0,0.8,0.0
A-65c341,Company_308,FinTech,US,26-12-2023,ads,Pro,11,True,0,S-dd85c4,A-65c341,26-02-2024,18-07-2024,Enterprise,31,6169,74028,False,False,False,True,monthly,True,61.0,18898.0,1.0,A-65c341,5.0,0.8,0.0
A-65c341,Company_308,FinTech,US,26-12-2023,ads,Pro,11,True,0,S-003fc0,A-65c341,03-10-2024,31-12-2026,Basic,11,0,0,True,False,False,False,annual,True,43.0,11933.0,1.0,A-65c341,5.0,0.8,0.0
A-65c341,Company_308,FinTech,US,26-12-2023,ads,Pro,11,True,0,S-e4df5d,A-65c341,15-02-2024,31-12-2026,Pro,17,833,9996,False,False,False,False,annual,True,33.0,14085.0,1.0,A-65c341,5.0,0.8,0.0
A-65c341,Company_308,FinTech,US,26-12-2023,ads,Pro,11,True,0,S-71827b,A-65c341,15-11-2024,23-11-2024,Pro,39,1911,22932,False,False,False,True,monthly,True,32.0,9334.0,0.0,A-65c341,5.0,0.8,0.0
A-65c341,Company_308,FinTech,US,26-12-2023,ads,Pro,11,True,0,S-d6aefa,A-65c341,14-03-2024,31-12-2026,Enterprise,84,16716,200592,False,False,False,False,annual,True,88.0,37512.0,2.0,A-65c341,5.0,0.8,0.0
A-65c341,Company_308,FinTech,US,26-12-2023,ads,Pro,11,True,0,S-f4dbc7,A-65c341,21-09-2024,31-12-2026,Pro,11,539,6468,False,False,False,False,monthly,True,34.0,12532.0,4.0,A-65c341,5.0,0.8,0.0
A-65c341,Company_308,FinTech,US,26-12-2023,ads,Pro,11,True,0,S-0c0ddf,A-65c341,05-10-2024,31-12-2026,Enterprise,11,2189,26268,False,False,False,False,annual,True,62.0,27334.0,6.0,A-65c341,5.0,0.8,0.0
A-dcc2f0,Company_309,FinTech,UK,22-07-2023,organic,Basic,15,False,0,S-2d62ad,A-dcc2f0,29-11-2023,31-12-2026,Enterprise,15,2985,35820,False,False,False,False,monthly,True,50.0,15100.0,2.0,A-dcc2f0,2.0,0.0,0.0
A-dcc2f0,Company_309,FinTech,UK,22-07-2023,organic,Basic,15,False,0,S-b2409c,A-dcc2f0,16-01-2024,31-12-2026,Enterprise,15,2985,35820,False,False,False,False,monthly,True,102.0,44507.0,3.0,A-dcc2f0,2.0,0.0,0.0
A-dcc2f0,Company_309,FinTech,UK,22-07-2023,organic,Basic,15,False,0,S-a30f36,A-dcc2f0,03-10-2024,31-12-2026,Pro,15,735,8820,False,False,False,False,annual,True,26.0,4264.0,0.0,A-dcc2f0,2.0,0.0,0.0
A-dcc2f0,Company_309,FinTech,UK,22-07-2023,organic,Basic,15,False,0,S-27ab7f,A-dcc2f0,23-12-2023,31-12-2026,Basic,25,475,5700,False,False,False,False,annual,True,51.0,8917.0,0.0,A-dcc2f0,2.0,0.0,0.0
A-dcc2f0,Company_309,FinTech,UK,22-07-2023,organic,Basic,15,False,0,S-c1d6cf,A-dcc2f0,15-01-2024,31-12-2026,Enterprise,16,3184,38208,False,False,False,False,monthly,True,55.0,24951.0,1.0,A-dcc2f0,2.0,0.0,0.0
A-dcc2f0,Company_309,FinTech,UK,22-07-2023,organic,Basic,15,False,0,S-ff1b11,A-dcc2f0,30-11-2024,31-12-2026,Basic,32,608,7296,False,False,False,False,annual,False,62.0,18274.0,2.0,A-dcc2f0,2.0,0.0,0.0
A-dcc2f0,Company_309,FinTech,UK,22-07-2023,organic,Basic,15,False,0,S-3d0e5c,A-dcc2f0,22-11-2023,31-12-2026,Enterprise,19,0,0,True,False,False,False,monthly,True,104.0,32721.0,1.0,A-dcc2f0,2.0,0.0,0.0
A-dcc2f0,Company_309,FinTech,UK,22-07-2023,organic,Basic,15,False,0,S-3b5031,A-dcc2f0,13-03-2024,31-12-2026,Pro,22,1078,12936,False,True,False,False,annual,True,48.0,12334.0,3.0,A-dcc2f0,2.0,0.0,0.0
A-dcc2f0,Company_309,FinTech,UK,22-07-2023,organic,Basic,15,False,0,S-ba3fc7,A-dcc2f0,25-10-2024,31-12-2026,Enterprise,15,2985,35820,False,False,False,False,annual,True,19.0,6681.0,0.0,A-dcc2f0,2.0,0.0,0.0
A-dcc2f0,Company_309,FinTech,UK,22-07-2023,organic,Basic,15,False,0,S-9780e9,A-dcc2f0,02-09-2024,31-12-2026,Basic,15,0,0,True,False,False,False,annual,True,54.0,15700.0,1.0,A-dcc2f0,2.0,0.0,0.0
A-dcc2f0,Company_309,FinTech,UK,22-07-2023,organic,Basic,15,False,0,S-af7a2c,A-dcc2f0,13-11-2024,31-12-2026,Basic,22,418,5016,False,True,False,False,annual,True,12.0,660.0,0.0,A-dcc2f0,2.0,0.0,0.0
A-dcc2f0,Company_309,FinTech,UK,22-07-2023,organic,Basic,15,False,0,S-983266,A-dcc2f0,16-09-2024,03-11-2024,Pro,15,735,8820,False,False,False,True,annual,True,93.0,22743.0,8.0,A-dcc2f0,2.0,0.0,0.0
A-dcc2f0,Company_309,FinTech,UK,22-07-2023,organic,Basic,15,False,0,S-c87692,A-dcc2f0,02-10-2023,31-12-2026,Basic,15,285,3420,False,False,False,False,annual,True,40.0,11553.0,1.0,A-dcc2f0,2.0,0.0,0.0
A-dcc2f0,Company_309,FinTech,UK,22-07-2023,organic,Basic,15,False,0,S-69a2d8,A-dcc2f0,03-12-2023,31-12-2026,Pro,15,735,8820,False,False,False,False,monthly,True,27.0,8174.0,0.0,A-dcc2f0,2.0,0.0,0.0
A-dcc2f0,Company_309,FinTech,UK,22-07-2023,organic,Basic,15,False,0,S-67b7bf,A-dcc2f0,13-10-2024,31-12-2026,Basic,15,285,3420,False,False,False,False,monthly,False,90.0,17120.0,4.0,A-dcc2f0,2.0,0.0,0.0
A-ced9aa,Company_310,DevTools,US,05-10-2024,other,Enterprise,3,False,0,S-c4a98e,A-ced9aa,16-12-2024,31-12-2026,Enterprise,5,995,11940,False,False,False,False,monthly,True,48.0,9075.0,2.0,A-ced9aa,7.0,0.42857142857142855,0.0
A-ced9aa,Company_310,DevTools,US,05-10-2024,other,Enterprise,3,False,0,S-3c072b,A-ced9aa,01-12-2024,31-12-2026,Basic,3,57,684,False,False,False,False,monthly,True,85.0,28232.0,8.0,A-ced9aa,7.0,0.42857142857142855,0.0
A-ced9aa,Company_310,DevTools,US,05-10-2024,other,Enterprise,3,False,0,S-86673a,A-ced9aa,08-11-2024,31-12-2026,Basic,22,418,5016,False,False,False,False,monthly,True,73.0,23251.0,1.0,A-ced9aa,7.0,0.42857142857142855,0.0
A-ced9aa,Company_310,DevTools,US,05-10-2024,other,Enterprise,3,False,0,S-b0e621,A-ced9aa,23-11-2024,31-12-2026,Pro,3,147,1764,False,False,False,False,monthly,True,25.0,10468.0,2.0,A-ced9aa,7.0,0.42857142857142855,0.0
A-ced9aa,Company_310,DevTools,US,05-10-2024,other,Enterprise,3,False,0,S-1b7677,A-ced9aa,04-12-2024,20-12-2024,Enterprise,6,1194,14328,False,False,False,True,annual,True,50.0,13645.0,3.0,A-ced9aa,7.0,0.42857142857142855,0.0
A-ced9aa,Company_310,DevTools,US,05-10-2024,other,Enterprise,3,False,0,S-90c2a9,A-ced9aa,07-11-2024,31-12-2026,Pro,3,147,1764,False,False,False,False,annual,True,30.0,13456.0,3.0,A-ced9aa,7.0,0.42857142857142855,0.0
A-ced9aa,Company_310,DevTools,US,05-10-2024,other,Enterprise,3,False,0,S-b2c291,A-ced9aa,10-12-2024,31-12-2026,Enterprise,3,597,7164,False,False,False,False,annual,True,23.0,967.0,5.0,A-ced9aa,7.0,0.42857142857142855,0.0
A-ced9aa,Company_310,DevTools,US,05-10-2024,other,Enterprise,3,False,0,S-b4b084,A-ced9aa,21-12-2024,31-12-2026,Enterprise,5,995,11940,False,False,False,False,monthly,True,58.0,20544.0,4.0,A-ced9aa,7.0,0.42857142857142855,0.0
A-ced9aa,Company_310,DevTools,US,05-10-2024,other,Enterprise,3,False,0,S-81cd46,A-ced9aa,11-10-2024,31-12-2026,Enterprise,6,1194,14328,False,False,False,False,annual,True,44.0,19408.0,5.0,A-ced9aa,7.0,0.42857142857142855,0.0
A-ced9aa,Company_310,DevTools,US,05-10-2024,other,Enterprise,3,False,0,S-a72188,A-ced9aa,31-12-2024,31-12-2026,Pro,3,147,1764,False,False,False,False,annual,True,34.0,9245.0,5.0,A-ced9aa,7.0,0.42857142857142855,0.0
A-ced9aa,Company_310,DevTools,US,05-10-2024,other,Enterprise,3,False,0,S-c7621b,A-ced9aa,23-11-2024,25-11-2024,Basic,19,361,4332,False,False,False,True,annual,True,61.0,18679.0,1.0,A-ced9aa,7.0,0.42857142857142855,0.0
A-3d957b,Company_311,HealthTech,UK,04-04-2024,other,Pro,14,False,0,S-74e211,A-3d957b,15-07-2024,31-12-2026,Pro,14,686,8232,False,True,False,False,monthly,False,17.0,4007.0,0.0,A-3d957b,3.0,1.0,0.0
A-3d957b,Company_311,HealthTech,UK,04-04-2024,other,Pro,14,False,0,S-5a18e5,A-3d957b,05-08-2024,31-12-2026,Enterprise,14,2786,33432,False,True,False,False,monthly,True,62.0,21718.0,9.0,A-3d957b,3.0,1.0,0.0
A-3d957b,Company_311,HealthTech,UK,04-04-2024,other,Pro,14,False,0,S-2cc962,A-3d957b,16-10-2024,31-12-2026,Enterprise,14,2786,33432,False,False,False,False,annual,False,22.0,6610.0,2.0,A-3d957b,3.0,1.0,0.0
A-3d957b,Company_311,HealthTech,UK,04-04-2024,other,Pro,14,False,0,S-527b39,A-3d957b,18-08-2024,28-10-2024,Enterprise,14,2786,33432,False,False,False,True,monthly,True,28.0,8592.0,2.0,A-3d957b,3.0,1.0,0.0
A-3d957b,Company_311,HealthTech,UK,04-04-2024,other,Pro,14,False,0,S-154119,A-3d957b,30-08-2024,31-12-2026,Basic,73,1387,16644,False,False,False,False,monthly,True,14.0,2772.0,0.0,A-3d957b,3.0,1.0,0.0
A-3d957b,Company_311,HealthTech,UK,04-04-2024,other,Pro,14,False,0,S-7425f9,A-3d957b,30-07-2024,31-12-2026,Pro,29,1421,17052,False,True,False,False,monthly,True,0.0,0.0,0.0,A-3d957b,3.0,1.0,0.0
A-89ee83,Company_312,Cybersecurity,US,04-10-2024,organic,Pro,1,False,1,S-ceffe9,A-89ee83,23-11-2024,31-12-2026,Enterprise,2,398,4776,False,False,False,False,monthly,True,78.0,27595.0,0.0,A-89ee83,5.0,2.4,1.0
A-89ee83,Company_312,Cybersecurity,US,04-10-2024,organic,Pro,1,False,1,S-f5f5b3,A-89ee83,26-12-2024,29-12-2024,Basic,10,190,2280,False,False,False,True,annual,True,40.0,5797.0,7.0,A-89ee83,5.0,2.4,1.0
A-89ee83,Company_312,Cybersecurity,US,04-10-2024,organic,Pro,1,False,1,S-13c8b6,A-89ee83,29-10-2024,31-12-2026,Basic,27,513,6156,False,False,False,False,monthly,True,63.0,25378.0,2.0,A-89ee83,5.0,2.4,1.0
A-89ee83,Company_312,Cybersecurity,US,04-10-2024,organic,Pro,1,False,1,S-bf304b,A-89ee83,27-12-2024,31-12-2026,Enterprise,18,3582,42984,False,False,False,False,monthly,True,27.0,6055.0,1.0,A-89ee83,5.0,2.4,1.0
A-89ee83,Company_312,Cybersecurity,US,04-10-2024,organic,Pro,1,False,1,S-a82639,A-89ee83,25-10-2024,31-12-2026,Enterprise,40,7960,95520,False,False,False,False,monthly,True,41.0,11689.0,7.0,A-89ee83,5.0,2.4,1.0
A-89ee83,Company_312,Cybersecurity,US,04-10-2024,organic,Pro,1,False,1,S-d61475,A-89ee83,20-12-2024,31-12-2026,Basic,3,57,684,False,True,False,False,monthly,True,48.0,7466.0,1.0,A-89ee83,5.0,2.4,1.0
A-89ee83,Company_312,Cybersecurity,US,04-10-2024,organic,Pro,1,False,1,S-ae4bb3,A-89ee83,22-11-2024,31-12-2026,Pro,74,3626,43512,False,True,False,False,annual,True,47.0,14711.0,3.0,A-89ee83,5.0,2.4,1.0
A-89ee83,Company_312,Cybersecurity,US,04-10-2024,organic,Pro,1,False,1,S-9e450b,A-89ee83,21-12-2024,31-12-2024,Enterprise,23,4577,54924,False,False,False,True,monthly,True,34.0,13893.0,1.0,A-89ee83,5.0,2.4,1.0
A-89ee83,Company_312,Cybersecurity,US,04-10-2024,organic,Pro,1,False,1,S-28eeec,A-89ee83,29-11-2024,31-12-2026,Pro,2,98,1176,False,True,False,False,annual,True,46.0,11325.0,0.0,A-89ee83,5.0,2.4,1.0
A-89ee83,Company_312,Cybersecurity,US,04-10-2024,organic,Pro,1,False,1,S-d8165b,A-89ee83,18-10-2024,31-12-2026,Basic,38,722,8664,False,False,False,False,annual,True,60.0,23953.0,4.0,A-89ee83,5.0,2.4,1.0
A-89ee83,Company_312,Cybersecurity,US,04-10-2024,organic,Pro,1,False,1,S-7e7a73,A-89ee83,20-12-2024,31-12-2026,Enterprise,16,3184,38208,False,False,False,False,monthly,True,81.0,24764.0,0.0,A-89ee83,5.0,2.4,1.0
A-883b7d,Company_313,Cybersecurity,IN,28-03-2024,other,Basic,17,False,0,S-4e3e04,A-883b7d,16-08-2024,31-12-2026,Enterprise,17,3383,40596,False,False,False,False,annual,False,46.0,12991.0,1.0,A-883b7d,7.0,2.5714285714285716,1.0
A-883b7d,Company_313,Cybersecurity,IN,28-03-2024,other,Basic,17,False,0,S-472fda,A-883b7d,19-08-2024,31-12-2026,Pro,27,1323,15876,False,False,False,False,annual,True,26.0,7874.0,1.0,A-883b7d,7.0,2.5714285714285716,1.0
A-883b7d,Company_313,Cybersecurity,IN,28-03-2024,other,Basic,17,False,0,S-0206eb,A-883b7d,26-04-2024,31-12-2026,Basic,31,589,7068,False,False,False,False,monthly,True,65.0,19454.0,1.0,A-883b7d,7.0,2.5714285714285716,1.0
A-883b7d,Company_313,Cybersecurity,IN,28-03-2024,other,Basic,17,False,0,S-9c0df6,A-883b7d,24-04-2024,07-09-2024,Pro,41,2009,24108,False,False,False,True,monthly,True,54.0,16443.0,6.0,A-883b7d,7.0,2.5714285714285716,1.0
A-883b7d,Company_313,Cybersecurity,IN,28-03-2024,other,Basic,17,False,0,S-635570,A-883b7d,12-05-2024,31-12-2026,Enterprise,50,0,0,True,False,False,False,annual,False,35.0,15369.0,5.0,A-883b7d,7.0,2.5714285714285716,1.0
A-883b7d,Company_313,Cybersecurity,IN,28-03-2024,other,Basic,17,False,0,S-a70baa,A-883b7d,10-08-2024,31-12-2026,Enterprise,17,3383,40596,False,False,False,False,annual,True,39.0,16648.0,0.0,A-883b7d,7.0,2.5714285714285716,1.0
A-883b7d,Company_313,Cybersecurity,IN,28-03-2024,other,Basic,17,False,0,S-3e453b,A-883b7d,21-04-2024,31-12-2026,Pro,17,833,9996,False,False,False,False,annual,False,45.0,10211.0,5.0,A-883b7d,7.0,2.5714285714285716,1.0
A-883b7d,Company_313,Cybersecurity,IN,28-03-2024,other,Basic,17,False,0,S-8bb388,A-883b7d,22-08-2024,31-12-2026,Enterprise,50,9950,119400,False,False,False,False,annual,True,65.0,19757.0,4.0,A-883b7d,7.0,2.5714285714285716,1.0
A-883b7d,Company_313,Cybersecurity,IN,28-03-2024,other,Basic,17,False,0,S-05aaef,A-883b7d,03-08-2024,31-12-2026,Pro,22,0,0,True,False,False,False,annual,True,89.0,29895.0,5.0,A-883b7d,7.0,2.5714285714285716,1.0
A-883b7d,Company_313,Cybersecurity,IN,28-03-2024,other,Basic,17,False,0,S-9122a4,A-883b7d,29-05-2024,31-12-2026,Enterprise,25,4975,59700,False,False,False,False,monthly,True,57.0,15901.0,2.0,A-883b7d,7.0,2.5714285714285716,1.0
A-883b7d,Company_313,Cybersecurity,IN,28-03-2024,other,Basic,17,False,0,S-466093,A-883b7d,17-08-2024,31-12-2026,Basic,78,1482,17784,False,False,False,False,annual,True,44.0,11522.0,3.0,A-883b7d,7.0,2.5714285714285716,1.0
A-883b7d,Company_313,Cybersecurity,IN,28-03-2024,other,Basic,17,False,0,S-505db5,A-883b7d,01-05-2024,31-12-2026,Pro,53,2597,31164,False,False,False,False,monthly,True,79.0,13449.0,7.0,A-883b7d,7.0,2.5714285714285716,1.0
A-dcc3f1,Company_314,HealthTech,US,27-12-2023,event,Pro,21,False,0,S-4d9635,A-dcc3f1,05-08-2024,31-12-2026,Enterprise,22,4378,52536,False,False,False,False,annual,True,39.0,15356.0,10.0,A-dcc3f1,9.0,2.111111111111111,0.0
A-dcc3f1,Company_314,HealthTech,US,27-12-2023,event,Pro,21,False,0,S-97a010,A-dcc3f1,22-03-2024,31-12-2026,Enterprise,21,0,0,True,False,False,False,monthly,True,80.0,17535.0,8.0,A-dcc3f1,9.0,2.111111111111111,0.0
A-dcc3f1,Company_314,HealthTech,US,27-12-2023,event,Pro,21,False,0,S-3dc066,A-dcc3f1,20-11-2024,31-12-2026,Basic,21,399,4788,False,False,False,False,annual,False,46.0,11380.0,4.0,A-dcc3f1,9.0,2.111111111111111,0.0
A-dcc3f1,Company_314,HealthTech,US,27-12-2023,event,Pro,21,False,0,S-c9e261,A-dcc3f1,29-10-2024,31-12-2026,Enterprise,21,4179,50148,False,False,True,False,monthly,True,52.0,12765.0,2.0,A-dcc3f1,9.0,2.111111111111111,0.0
A-dcc3f1,Company_314,HealthTech,US,27-12-2023,event,Pro,21,False,0,S-b834a9,A-dcc3f1,29-05-2024,31-12-2026,Basic,26,494,5928,False,False,False,False,annual,True,112.0,29800.0,2.0,A-dcc3f1,9.0,2.111111111111111,0.0
A-dcc3f1,Company_314,HealthTech,US,27-12-2023,event,Pro,21,False,0,S-4904cd,A-dcc3f1,13-10-2024,31-12-2026,Basic,21,399,4788,False,False,False,False,annual,False,77.0,18246.0,3.0,A-dcc3f1,9.0,2.111111111111111,0.0
A-dcc3f1,Company_314,HealthTech,US,27-12-2023,event,Pro,21,False,0,S-a45a12,A-dcc3f1,27-12-2023,31-12-2026,Basic,21,399,4788,False,False,False,False,monthly,True,41.0,17696.0,1.0,A-dcc3f1,9.0,2.111111111111111,0.0
A-dcc3f1,Company_314,HealthTech,US,27-12-2023,event,Pro,21,False,0,S-1b0848,A-dcc3f1,17-01-2024,31-12-2026,Pro,51,2499,29988,False,False,False,False,monthly,True,53.0,15180.0,2.0,A-dcc3f1,9.0,2.111111111111111,0.0
A-c62e55,Company_315,EdTech,US,08-02-2023,partner,Basic,1,True,0,S-2daa17,A-c62e55,05-05-2024,31-12-2026,Enterprise,15,2985,35820,False,False,False,False,monthly,True,31.0,5993.0,0.0,A-c62e55,4.0,3.0,0.0
A-c62e55,Company_315,EdTech,US,08-02-2023,partner,Basic,1,True,0,S-81d63a,A-c62e55,07-02-2024,31-12-2026,Pro,56,2744,32928,False,False,False,False,annual,True,30.0,8044.0,2.0,A-c62e55,4.0,3.0,0.0
A-c62e55,Company_315,EdTech,US,08-02-2023,partner,Basic,1,True,0,S-2c3d7d,A-c62e55,31-12-2024,31-12-2026,Pro,14,686,8232,False,False,False,False,annual,True,32.0,6285.0,2.0,A-c62e55,4.0,3.0,0.0
A-c62e55,Company_315,EdTech,US,08-02-2023,partner,Basic,1,True,0,S-9e7060,A-c62e55,15-01-2024,31-12-2026,Basic,10,190,2280,False,False,False,False,annual,False,31.0,10961.0,3.0,A-c62e55,4.0,3.0,0.0
A-c62e55,Company_315,EdTech,US,08-02-2023,partner,Basic,1,True,0,S-9c67ab,A-c62e55,04-04-2024,31-12-2026,Basic,8,152,1824,False,True,False,False,annual,True,84.0,13804.0,0.0,A-c62e55,4.0,3.0,0.0
A-c62e55,Company_315,EdTech,US,08-02-2023,partner,Basic,1,True,0,S-9f9dfe,A-c62e55,28-11-2024,31-12-2026,Pro,30,1470,17640,False,False,False,False,monthly,True,30.0,12482.0,0.0,A-c62e55,4.0,3.0,0.0
A-c62e55,Company_315,EdTech,US,08-02-2023,partner,Basic,1,True,0,S-91ab2e,A-c62e55,15-11-2023,31-12-2026,Pro,34,1666,19992,False,False,False,False,annual,False,10.0,1650.0,0.0,A-c62e55,4.0,3.0,0.0
A-c62e55,Company_315,EdTech,US,08-02-2023,partner,Basic,1,True,0,S-894692,A-c62e55,22-02-2024,31-12-2026,Pro,17,833,9996,False,False,False,False,monthly,True,56.0,13812.0,2.0,A-c62e55,4.0,3.0,0.0
A-c62e55,Company_315,EdTech,US,08-02-2023,partner,Basic,1,True,0,S-4ebd94,A-c62e55,07-03-2024,31-12-2026,Pro,24,1176,14112,False,False,False,False,annual,True,33.0,14014.0,4.0,A-c62e55,4.0,3.0,0.0
A-e4144b,Company_316,EdTech,UK,22-10-2024,other,Pro,41,False,0,S-35c8a3,A-e4144b,22-12-2024,31-12-2026,Enterprise,41,8159,97908,False,False,False,False,annual,True,33.0,7866.0,1.0,A-e4144b,3.0,2.6666666666666665,0.0
A-e4144b,Company_316,EdTech,UK,22-10-2024,other,Pro,41,False,0,S-0de78a,A-e4144b,12-12-2024,31-12-2026,Basic,41,779,9348,False,False,False,False,annual,True,51.0,16731.0,0.0,A-e4144b,3.0,2.6666666666666665,0.0
A-e4144b,Company_316,EdTech,UK,22-10-2024,other,Pro,41,False,0,S-755e1b,A-e4144b,18-12-2024,31-12-2026,Pro,41,2009,24108,False,False,False,False,annual,True,19.0,10146.0,0.0,A-e4144b,3.0,2.6666666666666665,0.0
A-e4144b,Company_316,EdTech,UK,22-10-2024,other,Pro,41,False,0,S-d425c9,A-e4144b,11-11-2024,31-12-2026,Enterprise,41,8159,97908,False,False,False,False,annual,True,94.0,29015.0,7.0,A-e4144b,3.0,2.6666666666666665,0.0
A-e4144b,Company_316,EdTech,UK,22-10-2024,other,Pro,41,False,0,S-3d1043,A-e4144b,15-12-2024,31-12-2026,Enterprise,41,8159,97908,False,False,False,False,annual,False,73.0,23473.0,3.0,A-e4144b,3.0,2.6666666666666665,0.0
A-e4144b,Company_316,EdTech,UK,22-10-2024,other,Pro,41,False,0,S-9e2c78,A-e4144b,18-12-2024,31-12-2026,Basic,41,0,0,True,False,False,False,annual,True,35.0,9619.0,2.0,A-e4144b,3.0,2.6666666666666665,0.0
A-e4144b,Company_316,EdTech,UK,22-10-2024,other,Pro,41,False,0,S-bb47b9,A-e4144b,10-11-2024,31-12-2026,Enterprise,41,8159,97908,False,False,False,False,monthly,True,46.0,15808.0,4.0,A-e4144b,3.0,2.6666666666666665,0.0
A-e4144b,Company_316,EdTech,UK,22-10-2024,other,Pro,41,False,0,S-9fbdfb,A-e4144b,25-11-2024,31-12-2026,Enterprise,79,0,0,True,True,False,False,annual,True,42.0,8081.0,1.0,A-e4144b,3.0,2.6666666666666665,0.0
A-e4144b,Company_316,EdTech,UK,22-10-2024,other,Pro,41,False,0,S-d518e8,A-e4144b,06-12-2024,31-12-2026,Basic,41,0,0,True,False,False,False,monthly,True,34.0,11308.0,3.0,A-e4144b,3.0,2.6666666666666665,0.0
A-e4144b,Company_316,EdTech,UK,22-10-2024,other,Pro,41,False,0,S-0d6da2,A-e4144b,28-11-2024,31-12-2026,Enterprise,41,0,0,True,False,False,False,monthly,False,12.0,1350.0,0.0,A-e4144b,3.0,2.6666666666666665,0.0
A-e40f45,Company_317,HealthTech,US,18-04-2024,organic,Pro,21,False,0,S-ad39ef,A-e40f45,25-08-2024,31-12-2026,Pro,21,0,0,True,True,False,False,annual,True,39.0,13353.0,3.0,A-e40f45,7.0,1.8571428571428572,0.0
A-e40f45,Company_317,HealthTech,US,18-04-2024,organic,Pro,21,False,0,S-17f71d,A-e40f45,15-05-2024,31-12-2026,Pro,44,2156,25872,False,True,False,False,monthly,True,94.0,34799.0,4.0,A-e40f45,7.0,1.8571428571428572,0.0
A-e40f45,Company_317,HealthTech,US,18-04-2024,organic,Pro,21,False,0,S-e4ba87,A-e40f45,23-05-2024,31-12-2026,Basic,27,513,6156,False,False,False,False,annual,True,35.0,5337.0,4.0,A-e40f45,7.0,1.8571428571428572,0.0
A-e40f45,Company_317,HealthTech,US,18-04-2024,organic,Pro,21,False,0,S-e9e03c,A-e40f45,20-08-2024,31-12-2026,Enterprise,21,4179,50148,False,True,False,False,monthly,True,53.0,16012.0,1.0,A-e40f45,7.0,1.8571428571428572,0.0
A-e40f45,Company_317,HealthTech,US,18-04-2024,organic,Pro,21,False,0,S-09223a,A-e40f45,04-06-2024,31-12-2026,Basic,21,399,4788,False,False,False,False,monthly,True,50.0,12072.0,4.0,A-e40f45,7.0,1.8571428571428572,0.0
A-e40f45,Company_317,HealthTech,US,18-04-2024,organic,Pro,21,False,0,S-5313fa,A-e40f45,17-05-2024,31-12-2026,Enterprise,21,4179,50148,False,False,False,False,monthly,True,45.0,14111.0,4.0,A-e40f45,7.0,1.8571428571428572,0.0
A-e40f45,Company_317,HealthTech,US,18-04-2024,organic,Pro,21,False,0,S-326691,A-e40f45,24-11-2024,22-12-2024,Basic,21,399,4788,False,False,False,True,monthly,False,85.0,27270.0,6.0,A-e40f45,7.0,1.8571428571428572,0.0
A-96215d,Company_318,FinTech,US,08-08-2024,event,Enterprise,10,False,0,S-7564c5,A-96215d,12-09-2024,31-12-2026,Pro,17,833,9996,False,False,False,False,monthly,False,37.0,15720.0,0.0,A-96215d,1.0,3.0,0.0
A-96215d,Company_318,FinTech,US,08-08-2024,event,Enterprise,10,False,0,S-a24db6,A-96215d,13-09-2024,31-12-2026,Enterprise,14,2786,33432,False,True,False,False,monthly,True,78.0,26759.0,9.0,A-96215d,1.0,3.0,0.0
A-96215d,Company_318,FinTech,US,08-08-2024,event,Enterprise,10,False,0,S-cd8a6a,A-96215d,04-11-2024,31-12-2026,Pro,10,490,5880,False,False,False,False,annual,False,54.0,19643.0,4.0,A-96215d,1.0,3.0,0.0
A-96215d,Company_318,FinTech,US,08-08-2024,event,Enterprise,10,False,0,S-ccd045,A-96215d,17-08-2024,31-12-2026,Enterprise,10,1990,23880,False,False,False,False,monthly,True,61.0,16112.0,4.0,A-96215d,1.0,3.0,0.0
A-96215d,Company_318,FinTech,US,08-08-2024,event,Enterprise,10,False,0,S-f62f59,A-96215d,13-10-2024,31-12-2026,Pro,21,1029,12348,False,False,False,False,annual,True,40.0,5233.0,0.0,A-96215d,1.0,3.0,0.0
A-96215d,Company_318,FinTech,US,08-08-2024,event,Enterprise,10,False,0,S-f1ffee,A-96215d,30-09-2024,31-12-2026,Enterprise,16,3184,38208,False,False,False,False,annual,False,77.0,20975.0,4.0,A-96215d,1.0,3.0,0.0
A-2b9d3e,Company_319,EdTech,US,04-06-2023,partner,Enterprise,1,False,0,S-096065,A-2b9d3e,27-03-2024,31-12-2026,Enterprise,11,0,0,True,False,False,False,annual,True,27.0,7666.0,0.0,A-2b9d3e,3.0,1.6666666666666667,0.0
A-2b9d3e,Company_319,EdTech,US,04-06-2023,partner,Enterprise,1,False,0,S-21eeea,A-2b9d3e,08-11-2024,31-12-2026,Pro,29,1421,17052,False,False,False,False,monthly,True,57.0,16263.0,2.0,A-2b9d3e,3.0,1.6666666666666667,0.0
A-2b9d3e,Company_319,EdTech,US,04-06-2023,partner,Enterprise,1,False,0,S-4311fb,A-2b9d3e,12-11-2024,31-12-2026,Pro,14,686,8232,False,False,False,False,monthly,True,79.0,25895.0,7.0,A-2b9d3e,3.0,1.6666666666666667,0.0
A-2b9d3e,Company_319,EdTech,US,04-06-2023,partner,Enterprise,1,False,0,S-abd9be,A-2b9d3e,23-03-2024,31-12-2026,Pro,18,882,10584,False,True,False,False,monthly,True,13.0,6356.0,2.0,A-2b9d3e,3.0,1.6666666666666667,0.0
A-2b9d3e,Company_319,EdTech,US,04-06-2023,partner,Enterprise,1,False,0,S-1e3a06,A-2b9d3e,26-12-2024,31-12-2026,Enterprise,2,398,4776,False,False,False,False,monthly,True,59.0,17000.0,3.0,A-2b9d3e,3.0,1.6666666666666667,0.0
A-2b9d3e,Company_319,EdTech,US,04-06-2023,partner,Enterprise,1,False,0,S-140813,A-2b9d3e,21-11-2023,31-12-2026,Enterprise,5,995,11940,False,False,False,False,annual,True,58.0,16318.0,3.0,A-2b9d3e,3.0,1.6666666666666667,0.0
A-2b9d3e,Company_319,EdTech,US,04-06-2023,partner,Enterprise,1,False,0,S-8d4b81,A-2b9d3e,28-04-2024,31-12-2026,Basic,1,19,228,False,False,False,False,annual,False,54.0,13558.0,1.0,A-2b9d3e,3.0,1.6666666666666667,0.0
A-2b9d3e,Company_319,EdTech,US,04-06-2023,partner,Enterprise,1,False,0,S-6ac338,A-2b9d3e,29-08-2024,31-12-2026,Basic,28,532,6384,False,False,False,False,annual,True,75.0,29679.0,1.0,A-2b9d3e,3.0,1.6666666666666667,0.0
A-2b9d3e,Company_319,EdTech,US,04-06-2023,partner,Enterprise,1,False,0,S-0c9600,A-2b9d3e,06-09-2023,31-12-2026,Basic,11,209,2508,False,False,False,False,annual,True,22.0,9854.0,0.0,A-2b9d3e,3.0,1.6666666666666667,0.0
A-b7724f,Company_320,HealthTech,UK,28-03-2023,organic,Basic,1,False,0,S-b41494,A-b7724f,03-06-2023,31-12-2026,Basic,33,627,7524,False,False,False,False,monthly,True,38.0,5642.0,0.0,A-b7724f,3.0,2.0,0.0
A-b7724f,Company_320,HealthTech,UK,28-03-2023,organic,Basic,1,False,0,S-d9f26e,A-b7724f,27-12-2024,31-12-2026,Basic,29,551,6612,False,False,False,False,monthly,True,75.0,27019.0,1.0,A-b7724f,3.0,2.0,0.0
A-b7724f,Company_320,HealthTech,UK,28-03-2023,organic,Basic,1,False,0,S-804fb3,A-b7724f,26-12-2024,31-12-2026,Basic,71,1349,16188,False,False,False,False,monthly,True,38.0,9256.0,0.0,A-b7724f,3.0,2.0,0.0
A-b7724f,Company_320,HealthTech,UK,28-03-2023,organic,Basic,1,False,0,S-09c1df,A-b7724f,15-09-2024,02-10-2024,Pro,1,49,588,False,False,False,True,annual,True,70.0,12466.0,4.0,A-b7724f,3.0,2.0,0.0
A-b7724f,Company_320,HealthTech,UK,28-03-2023,organic,Basic,1,False,0,S-d3d720,A-b7724f,20-06-2024,30-12-2024,Basic,11,209,2508,False,False,False,True,monthly,True,50.0,14936.0,3.0,A-b7724f,3.0,2.0,0.0
A-b7724f,Company_320,HealthTech,UK,28-03-2023,organic,Basic,1,False,0,S-703faf,A-b7724f,20-09-2024,19-11-2024,Basic,10,190,2280,False,False,False,True,monthly,False,42.0,12765.0,3.0,A-b7724f,3.0,2.0,0.0
A-b7724f,Company_320,HealthTech,UK,28-03-2023,organic,Basic,1,False,0,S-920d64,A-b7724f,21-07-2024,31-12-2026,Basic,12,228,2736,False,False,False,False,annual,True,20.0,2045.0,0.0,A-b7724f,3.0,2.0,0.0
A-b7724f,Company_320,HealthTech,UK,28-03-2023,organic,Basic,1,False,0,S-bbc0f7,A-b7724f,15-09-2024,31-12-2026,Basic,1,19,228,False,False,False,False,annual,True,47.0,9122.0,5.0,A-b7724f,3.0,2.0,0.0
A-310452,Company_321,DevTools,FR,25-12-2024,other,Enterprise,9,False,0,S-fbd522,A-310452,28-12-2024,31-12-2026,Pro,9,0,0,True,False,False,False,annual,False,49.0,14005.0,2.0,A-310452,5.0,3.6,0.0
A-310452,Company_321,DevTools,FR,25-12-2024,other,Enterprise,9,False,0,S-0f949d,A-310452,29-12-2024,31-12-2026,Pro,9,441,5292,False,False,False,False,annual,True,51.0,14288.0,7.0,A-310452,5.0,3.6,0.0
A-310452,Company_321,DevTools,FR,25-12-2024,other,Enterprise,9,False,0,S-227856,A-310452,26-12-2024,31-12-2026,Pro,9,441,5292,False,False,False,False,annual,True,43.0,8739.0,4.0,A-310452,5.0,3.6,0.0
A-310452,Company_321,DevTools,FR,25-12-2024,other,Enterprise,9,False,0,S-e371b7,A-310452,28-12-2024,31-12-2026,Enterprise,50,9950,119400,False,False,False,False,monthly,True,54.0,13872.0,3.0,A-310452,5.0,3.6,0.0
A-310452,Company_321,DevTools,FR,25-12-2024,other,Enterprise,9,False,0,S-183460,A-310452,29-12-2024,31-12-2026,Basic,9,171,2052,False,False,False,False,annual,True,71.0,14677.0,0.0,A-310452,5.0,3.6,0.0
A-eb1312,Company_322,FinTech,US,16-09-2024,partner,Pro,25,False,0,S-666181,A-eb1312,09-10-2024,31-12-2026,Basic,71,1349,16188,False,False,False,False,annual,True,18.0,8982.0,0.0,A-eb1312,1.0,5.0,0.0
A-eb1312,Company_322,FinTech,US,16-09-2024,partner,Pro,25,False,0,S-712f3a,A-eb1312,20-11-2024,26-12-2024,Basic,25,475,5700,False,False,False,True,monthly,True,31.0,3695.0,1.0,A-eb1312,1.0,5.0,0.0
A-eb1312,Company_322,FinTech,US,16-09-2024,partner,Pro,25,False,0,S-a0ba0c,A-eb1312,18-12-2024,31-12-2026,Basic,42,798,9576,False,False,False,False,monthly,True,98.0,32123.0,9.0,A-eb1312,1.0,5.0,0.0
A-eb1312,Company_322,FinTech,US,16-09-2024,partner,Pro,25,False,0,S-5639de,A-eb1312,13-12-2024,31-12-2026,Pro,25,1225,14700,False,False,False,False,annual,True,43.0,15056.0,0.0,A-eb1312,1.0,5.0,0.0
A-eb1312,Company_322,FinTech,US,16-09-2024,partner,Pro,25,False,0,S-65e38d,A-eb1312,11-11-2024,31-12-2026,Enterprise,25,4975,59700,False,True,False,False,monthly,True,37.0,5756.0,5.0,A-eb1312,1.0,5.0,0.0
A-eb1312,Company_322,FinTech,US,16-09-2024,partner,Pro,25,False,0,S-f4dc54,A-eb1312,10-12-2024,31-12-2026,Basic,25,475,5700,False,False,False,False,monthly,True,39.0,10568.0,1.0,A-eb1312,1.0,5.0,0.0
A-eb1312,Company_322,FinTech,US,16-09-2024,partner,Pro,25,False,0,S-4e4ab7,A-eb1312,08-10-2024,31-12-2026,Basic,25,475,5700,False,False,False,False,monthly,False,101.0,25018.0,5.0,A-eb1312,1.0,5.0,0.0
A-eb1312,Company_322,FinTech,US,16-09-2024,partner,Pro,25,False,0,S-e6b450,A-eb1312,21-11-2024,31-12-2026,Pro,25,1225,14700,False,False,False,False,monthly,True,60.0,15277.0,3.0,A-eb1312,1.0,5.0,0.0
A-eb1312,Company_322,FinTech,US,16-09-2024,partner,Pro,25,False,0,S-29ccb8,A-eb1312,28-12-2024,31-12-2026,Basic,25,475,5700,False,False,False,False,annual,True,58.0,13901.0,5.0,A-eb1312,1.0,5.0,0.0
A-eb1312,Company_322,FinTech,US,16-09-2024,partner,Pro,25,False,0,S-549340,A-eb1312,18-09-2024,31-12-2026,Pro,25,1225,14700,False,False,False,False,monthly,True,15.0,4617.0,0.0,A-eb1312,1.0,5.0,0.0
A-eb1312,Company_322,FinTech,US,16-09-2024,partner,Pro,25,False,0,S-8bbfcd,A-eb1312,02-12-2024,31-12-2026,Basic,25,475,5700,False,False,False,False,annual,False,103.0,28333.0,9.0,A-eb1312,1.0,5.0,0.0
A-eb1312,Company_322,FinTech,US,16-09-2024,partner,Pro,25,False,0,S-fc65aa,A-eb1312,27-12-2024,31-12-2026,Enterprise,25,4975,59700,False,False,False,False,annual,True,60.0,24721.0,0.0,A-eb1312,1.0,5.0,0.0
A-df1e44,Company_323,Cybersecurity,UK,23-02-2024,organic,Enterprise,12,False,0,S-70ae65,A-df1e44,23-05-2024,31-12-2026,Pro,63,3087,37044,False,True,False,False,monthly,True,36.0,6803.0,0.0,A-df1e44,2.0,2.5,0.0
A-df1e44,Company_323,Cybersecurity,UK,23-02-2024,organic,Enterprise,12,False,0,S-ff109c,A-df1e44,09-04-2024,31-12-2026,Pro,12,588,7056,False,False,False,False,annual,False,48.0,21050.0,2.0,A-df1e44,2.0,2.5,0.0
A-df1e44,Company_323,Cybersecurity,UK,23-02-2024,organic,Enterprise,12,False,0,S-938952,A-df1e44,18-12-2024,31-12-2026,Pro,12,588,7056,False,False,False,False,monthly,True,33.0,10416.0,1.0,A-df1e44,2.0,2.5,0.0
A-df1e44,Company_323,Cybersecurity,UK,23-02-2024,organic,Enterprise,12,False,0,S-6a0399,A-df1e44,08-09-2024,15-12-2024,Enterprise,12,2388,28656,False,False,True,True,monthly,True,66.0,16159.0,1.0,A-df1e44,2.0,2.5,0.0
A-df1e44,Company_323,Cybersecurity,UK,23-02-2024,organic,Enterprise,12,False,0,S-2756ac,A-df1e44,08-03-2024,31-12-2026,Enterprise,39,0,0,True,False,False,False,monthly,True,26.0,6142.0,0.0,A-df1e44,2.0,2.5,0.0
A-df1e44,Company_323,Cybersecurity,UK,23-02-2024,organic,Enterprise,12,False,0,S-63671f,A-df1e44,12-06-2024,31-12-2026,Pro,12,588,7056,False,False,False,False,annual,True,12.0,1647.0,2.0,A-df1e44,2.0,2.5,0.0
A-df1e44,Company_323,Cybersecurity,UK,23-02-2024,organic,Enterprise,12,False,0,S-2c9cea,A-df1e44,03-06-2024,31-12-2026,Basic,35,0,0,True,False,False,False,annual,True,40.0,15615.0,3.0,A-df1e44,2.0,2.5,0.0
A-df1e44,Company_323,Cybersecurity,UK,23-02-2024,organic,Enterprise,12,False,0,S-ecb8d5,A-df1e44,17-12-2024,31-12-2026,Basic,35,665,7980,False,False,False,False,annual,True,40.0,10266.0,1.0,A-df1e44,2.0,2.5,0.0
A-df1e44,Company_323,Cybersecurity,UK,23-02-2024,organic,Enterprise,12,False,0,S-4571b1,A-df1e44,28-06-2024,31-12-2026,Basic,12,228,2736,False,False,False,False,annual,False,0.0,0.0,0.0,A-df1e44,2.0,2.5,0.0
A-df1e44,Company_323,Cybersecurity,UK,23-02-2024,organic,Enterprise,12,False,0,S-012b26,A-df1e44,29-10-2024,31-12-2026,Enterprise,13,2587,31044,False,False,False,False,annual,True,93.0,29308.0,4.0,A-df1e44,2.0,2.5,0.0
A-df1e44,Company_323,Cybersecurity,UK,23-02-2024,organic,Enterprise,12,False,0,S-4d5ab5,A-df1e44,08-08-2024,31-12-2026,Enterprise,12,2388,28656,False,False,False,False,monthly,False,26.0,5026.0,0.0,A-df1e44,2.0,2.5,0.0
A-6a7c9d,Company_324,Cybersecurity,US,24-10-2024,organic,Enterprise,26,False,1,S-8013f6,A-6a7c9d,11-12-2024,20-12-2024,Basic,47,893,10716,False,False,False,True,monthly,True,8.0,1328.0,1.0,A-6a7c9d,3.0,2.6666666666666665,0.0
A-6a7c9d,Company_324,Cybersecurity,US,24-10-2024,organic,Enterprise,26,False,1,S-3abf3f,A-6a7c9d,09-12-2024,31-12-2026,Basic,27,513,6156,False,False,False,False,annual,True,37.0,5885.0,0.0,A-6a7c9d,3.0,2.6666666666666665,0.0
A-6a7c9d,Company_324,Cybersecurity,US,24-10-2024,organic,Enterprise,26,False,1,S-a0a5e3,A-6a7c9d,29-11-2024,31-12-2026,Enterprise,26,5174,62088,False,False,False,False,monthly,True,77.0,27009.0,1.0,A-6a7c9d,3.0,2.6666666666666665,0.0
A-6a7c9d,Company_324,Cybersecurity,US,24-10-2024,organic,Enterprise,26,False,1,S-c0820a,A-6a7c9d,26-12-2024,31-12-2026,Pro,26,1274,15288,False,False,False,False,annual,True,22.0,11072.0,2.0,A-6a7c9d,3.0,2.6666666666666665,0.0
A-6a7c9d,Company_324,Cybersecurity,US,24-10-2024,organic,Enterprise,26,False,1,S-b3cae6,A-6a7c9d,12-11-2024,31-12-2026,Enterprise,26,5174,62088,False,False,False,False,monthly,True,45.0,19712.0,2.0,A-6a7c9d,3.0,2.6666666666666665,0.0
A-cbd1a3,Company_325,DevTools,US,25-11-2024,other,Basic,6,False,1,S-e6e96f,A-cbd1a3,30-11-2024,31-12-2026,Enterprise,8,0,0,True,False,False,False,annual,False,48.0,11571.0,1.0,A-cbd1a3,4.0,2.0,0.0
A-cbd1a3,Company_325,DevTools,US,25-11-2024,other,Basic,6,False,1,S-ec7c12,A-cbd1a3,02-12-2024,31-12-2026,Enterprise,6,1194,14328,False,False,False,False,monthly,True,24.0,8422.0,0.0,A-cbd1a3,4.0,2.0,0.0
A-cbd1a3,Company_325,DevTools,US,25-11-2024,other,Basic,6,False,1,S-eafea7,A-cbd1a3,29-11-2024,31-12-2026,Enterprise,28,5572,66864,False,False,False,False,monthly,True,63.0,18013.0,6.0,A-cbd1a3,4.0,2.0,0.0
A-cbd1a3,Company_325,DevTools,US,25-11-2024,other,Basic,6,False,1,S-134439,A-cbd1a3,30-11-2024,31-12-2026,Pro,6,294,3528,False,False,False,False,annual,False,33.0,4157.0,4.0,A-cbd1a3,4.0,2.0,0.0
A-cbd1a3,Company_325,DevTools,US,25-11-2024,other,Basic,6,False,1,S-2176da,A-cbd1a3,26-11-2024,31-12-2026,Enterprise,18,3582,42984,False,False,False,False,monthly,True,38.0,13067.0,2.0,A-cbd1a3,4.0,2.0,0.0
A-cbd1a3,Company_325,DevTools,US,25-11-2024,other,Basic,6,False,1,S-ae9ce7,A-cbd1a3,09-12-2024,31-12-2026,Enterprise,12,2388,28656,False,True,False,False,monthly,True,44.0,8857.0,9.0,A-cbd1a3,4.0,2.0,0.0
A-cbd1a3,Company_325,DevTools,US,25-11-2024,other,Basic,6,False,1,S-8d3495,A-cbd1a3,26-12-2024,31-12-2026,Basic,37,703,8436,False,True,False,False,monthly,True,71.0,25629.0,0.0,A-cbd1a3,4.0,2.0,0.0
A-cbd1a3,Company_325,DevTools,US,25-11-2024,other,Basic,6,False,1,S-8def89,A-cbd1a3,27-11-2024,31-12-2026,Enterprise,8,1592,19104,False,False,False,False,annual,True,43.0,10385.0,1.0,A-cbd1a3,4.0,2.0,0.0
A-cbd1a3,Company_325,DevTools,US,25-11-2024,other,Basic,6,False,1,S-dc77b7,A-cbd1a3,29-12-2024,31-12-2026,Basic,20,380,4560,False,False,False,False,annual,True,49.0,8843.0,2.0,A-cbd1a3,4.0,2.0,0.0
A-cbd1a3,Company_325,DevTools,US,25-11-2024,other,Basic,6,False,1,S-b7482e,A-cbd1a3,16-12-2024,31-12-2026,Basic,34,646,7752,False,False,False,False,annual,True,52.0,19865.0,7.0,A-cbd1a3,4.0,2.0,0.0
A-a8d89d,Company_326,EdTech,US,08-12-2023,ads,Pro,13,False,0,S-e912e6,A-a8d89d,12-12-2023,31-12-2026,Enterprise,78,15522,186264,False,False,False,False,monthly,True,47.0,12795.0,1.0,A-a8d89d,2.0,2.5,0.0
A-a8d89d,Company_326,EdTech,US,08-12-2023,ads,Pro,13,False,0,S-9ffb31,A-a8d89d,24-08-2024,31-12-2026,Pro,13,637,7644,False,False,False,False,annual,True,19.0,5608.0,0.0,A-a8d89d,2.0,2.5,0.0
A-a8d89d,Company_326,EdTech,US,08-12-2023,ads,Pro,13,False,0,S-6cfb27,A-a8d89d,29-09-2024,31-12-2026,Basic,13,247,2964,False,False,False,False,monthly,True,81.0,27223.0,8.0,A-a8d89d,2.0,2.5,0.0
A-a8d89d,Company_326,EdTech,US,08-12-2023,ads,Pro,13,False,0,S-dbcf87,A-a8d89d,26-09-2024,31-12-2026,Enterprise,13,2587,31044,False,False,False,False,monthly,True,33.0,6390.0,0.0,A-a8d89d,2.0,2.5,0.0
A-a8d89d,Company_326,EdTech,US,08-12-2023,ads,Pro,13,False,0,S-37b367,A-a8d89d,17-09-2024,31-12-2026,Basic,13,247,2964,False,False,False,False,annual,True,81.0,20450.0,2.0,A-a8d89d,2.0,2.5,0.0
A-a8d89d,Company_326,EdTech,US,08-12-2023,ads,Pro,13,False,0,S-3a5c75,A-a8d89d,05-12-2024,31-12-2026,Basic,17,323,3876,False,False,False,False,annual,True,13.0,4355.0,0.0,A-a8d89d,2.0,2.5,0.0
A-a8d89d,Company_326,EdTech,US,08-12-2023,ads,Pro,13,False,0,S-965b1c,A-a8d89d,16-06-2024,31-12-2026,Pro,14,686,8232,False,False,False,False,monthly,True,20.0,7934.0,3.0,A-a8d89d,2.0,2.5,0.0
A-a8d89d,Company_326,EdTech,US,08-12-2023,ads,Pro,13,False,0,S-d27f96,A-a8d89d,23-11-2024,31-12-2026,Enterprise,28,5572,66864,False,False,False,False,monthly,True,29.0,11639.0,0.0,A-a8d89d,2.0,2.5,0.0
A-a8d89d,Company_326,EdTech,US,08-12-2023,ads,Pro,13,False,0,S-2cf162,A-a8d89d,12-04-2024,31-12-2026,Basic,13,247,2964,False,False,False,False,annual,True,31.0,13141.0,2.0,A-a8d89d,2.0,2.5,0.0
A-a8d89d,Company_326,EdTech,US,08-12-2023,ads,Pro,13,False,0,S-6cf72f,A-a8d89d,24-09-2024,31-12-2026,Basic,17,0,0,True,True,False,False,monthly,True,26.0,11080.0,0.0,A-a8d89d,2.0,2.5,0.0
A-a8d89d,Company_326,EdTech,US,08-12-2023,ads,Pro,13,False,0,S-74be40,A-a8d89d,12-04-2024,31-12-2026,Enterprise,13,2587,31044,False,True,False,False,monthly,False,106.0,28211.0,6.0,A-a8d89d,2.0,2.5,0.0
A-a8d89d,Company_326,EdTech,US,08-12-2023,ads,Pro,13,False,0,S-770f21,A-a8d89d,12-07-2024,31-12-2026,Basic,35,665,7980,False,False,False,False,monthly,True,65.0,22140.0,4.0,A-a8d89d,2.0,2.5,0.0
A-600734,Company_327,DevTools,US,14-11-2023,organic,Pro,29,True,1,S-4bef15,A-600734,14-08-2024,22-09-2024,Enterprise,29,0,0,True,False,False,True,annual,True,10.0,2042.0,0.0,A-600734,7.0,1.5714285714285714,1.0
A-600734,Company_327,DevTools,US,14-11-2023,organic,Pro,29,True,1,S-8cf2ef,A-600734,29-08-2024,31-12-2026,Basic,42,798,9576,False,False,False,False,annual,False,57.0,14688.0,5.0,A-600734,7.0,1.5714285714285714,1.0
A-600734,Company_327,DevTools,US,14-11-2023,organic,Pro,29,True,1,S-de9b4b,A-600734,06-11-2024,31-12-2026,Pro,36,1764,21168,False,False,False,False,monthly,True,31.0,13600.0,1.0,A-600734,7.0,1.5714285714285714,1.0
A-600734,Company_327,DevTools,US,14-11-2023,organic,Pro,29,True,1,S-4d30ba,A-600734,25-02-2024,31-12-2026,Basic,29,551,6612,False,False,False,False,annual,True,31.0,12811.0,3.0,A-600734,7.0,1.5714285714285714,1.0
A-600734,Company_327,DevTools,US,14-11-2023,organic,Pro,29,True,1,S-600e05,A-600734,17-04-2024,31-12-2026,Basic,29,551,6612,False,False,False,False,monthly,False,30.0,10962.0,0.0,A-600734,7.0,1.5714285714285714,1.0
A-600734,Company_327,DevTools,US,14-11-2023,organic,Pro,29,True,1,S-27e42e,A-600734,02-03-2024,31-12-2026,Pro,29,1421,17052,False,False,False,False,monthly,True,100.0,22174.0,6.0,A-600734,7.0,1.5714285714285714,1.0
A-600734,Company_327,DevTools,US,14-11-2023,organic,Pro,29,True,1,S-15582c,A-600734,05-09-2024,31-12-2026,Basic,29,551,6612,False,False,False,False,monthly,True,51.0,17380.0,1.0,A-600734,7.0,1.5714285714285714,1.0
A-600734,Company_327,DevTools,US,14-11-2023,organic,Pro,29,True,1,S-3e8909,A-600734,08-06-2024,31-12-2026,Pro,39,1911,22932,False,True,False,False,annual,False,36.0,15183.0,4.0,A-600734,7.0,1.5714285714285714,1.0
A-600734,Company_327,DevTools,US,14-11-2023,organic,Pro,29,True,1,S-6b200f,A-600734,17-02-2024,30-05-2024,Pro,29,1421,17052,False,True,False,True,annual,True,62.0,18506.0,1.0,A-600734,7.0,1.5714285714285714,1.0
A-600734,Company_327,DevTools,US,14-11-2023,organic,Pro,29,True,1,S-e3255c,A-600734,08-10-2024,31-12-2026,Pro,29,1421,17052,False,False,False,False,monthly,True,80.0,27074.0,2.0,A-600734,7.0,1.5714285714285714,1.0
A-600734,Company_327,DevTools,US,14-11-2023,organic,Pro,29,True,1,S-eef0cd,A-600734,13-01-2024,31-12-2026,Pro,29,1421,17052,False,False,False,False,annual,True,73.0,15637.0,0.0,A-600734,7.0,1.5714285714285714,1.0
A-600734,Company_327,DevTools,US,14-11-2023,organic,Pro,29,True,1,S-5f1d80,A-600734,17-04-2024,31-12-2026,Basic,29,551,6612,False,False,False,False,monthly,True,62.0,15205.0,3.0,A-600734,7.0,1.5714285714285714,1.0
A-600734,Company_327,DevTools,US,14-11-2023,organic,Pro,29,True,1,S-6630bc,A-600734,07-03-2024,31-12-2026,Enterprise,29,5771,69252,False,False,False,False,monthly,True,37.0,4814.0,4.0,A-600734,7.0,1.5714285714285714,1.0
A-86fc1d,Company_328,DevTools,UK,26-07-2024,partner,Basic,26,False,0,S-1a3627,A-86fc1d,31-12-2024,31-12-2026,Basic,26,0,0,True,False,False,False,monthly,True,25.0,7547.0,0.0,A-86fc1d,5.0,1.6,0.0
A-86fc1d,Company_328,DevTools,UK,26-07-2024,partner,Basic,26,False,0,S-afc4cb,A-86fc1d,16-10-2024,31-12-2026,Basic,26,494,5928,False,False,False,False,monthly,True,59.0,21034.0,3.0,A-86fc1d,5.0,1.6,0.0
A-86fc1d,Company_328,DevTools,UK,26-07-2024,partner,Basic,26,False,0,S-0ec1d3,A-86fc1d,08-08-2024,31-12-2026,Pro,56,2744,32928,False,False,False,False,annual,True,32.0,10001.0,3.0,A-86fc1d,5.0,1.6,0.0
A-86fc1d,Company_328,DevTools,UK,26-07-2024,partner,Basic,26,False,0,S-ac4799,A-86fc1d,14-10-2024,20-10-2024,Enterprise,26,0,0,True,True,False,True,monthly,True,49.0,17660.0,7.0,A-86fc1d,5.0,1.6,0.0
A-86fc1d,Company_328,DevTools,UK,26-07-2024,partner,Basic,26,False,0,S-807f28,A-86fc1d,05-11-2024,31-12-2026,Enterprise,26,5174,62088,False,False,False,False,monthly,False,57.0,12598.0,2.0,A-86fc1d,5.0,1.6,0.0
A-86fc1d,Company_328,DevTools,UK,26-07-2024,partner,Basic,26,False,0,S-4df118,A-86fc1d,28-10-2024,02-11-2024,Basic,26,494,5928,False,True,False,True,monthly,True,52.0,18377.0,3.0,A-86fc1d,5.0,1.6,0.0
A-86fc1d,Company_328,DevTools,UK,26-07-2024,partner,Basic,26,False,0,S-188518,A-86fc1d,08-11-2024,31-12-2026,Enterprise,26,0,0,True,False,False,False,monthly,True,26.0,6716.0,2.0,A-86fc1d,5.0,1.6,0.0
A-86fc1d,Company_328,DevTools,UK,26-07-2024,partner,Basic,26,False,0,S-aa751f,A-86fc1d,16-10-2024,31-12-2026,Basic,37,703,8436,False,False,False,False,monthly,True,24.0,8856.0,2.0,A-86fc1d,5.0,1.6,0.0
A-86fc1d,Company_328,DevTools,UK,26-07-2024,partner,Basic,26,False,0,S-a4a6c9,A-86fc1d,16-08-2024,31-12-2026,Enterprise,28,5572,66864,False,True,False,False,monthly,True,39.0,8319.0,4.0,A-86fc1d,5.0,1.6,0.0
A-78f02b,Company_329,HealthTech,US,17-11-2024,event,Enterprise,11,False,0,S-9c85b0,A-78f02b,19-11-2024,31-12-2026,Enterprise,11,2189,26268,False,False,False,False,annual,True,47.0,10172.0,1.0,A-78f02b,4.0,3.0,0.0
A-78f02b,Company_329,HealthTech,US,17-11-2024,event,Enterprise,11,False,0,S-b37b2a,A-78f02b,08-12-2024,31-12-2026,Pro,11,539,6468,False,True,False,False,annual,True,45.0,8961.0,9.0,A-78f02b,4.0,3.0,0.0
A-78f02b,Company_329,HealthTech,US,17-11-2024,event,Enterprise,11,False,0,S-acf8ce,A-78f02b,06-12-2024,31-12-2026,Pro,179,8771,105252,False,False,False,False,monthly,False,63.0,23595.0,5.0,A-78f02b,4.0,3.0,0.0
A-78f02b,Company_329,HealthTech,US,17-11-2024,event,Enterprise,11,False,0,S-e702a4,A-78f02b,26-11-2024,31-12-2026,Enterprise,18,3582,42984,False,False,False,False,annual,True,56.0,19621.0,1.0,A-78f02b,4.0,3.0,0.0
A-acb7f7,Company_330,EdTech,US,06-01-2024,ads,Basic,32,False,0,S-f0ad87,A-acb7f7,13-10-2024,31-12-2026,Basic,32,0,0,True,False,False,False,annual,False,51.0,16968.0,2.0,A-acb7f7,3.0,2.3333333333333335,0.0
A-acb7f7,Company_330,EdTech,US,06-01-2024,ads,Basic,32,False,0,S-f463d3,A-acb7f7,24-03-2024,31-12-2026,Enterprise,32,6368,76416,False,True,False,False,monthly,True,71.0,21380.0,4.0,A-acb7f7,3.0,2.3333333333333335,0.0
A-acb7f7,Company_330,EdTech,US,06-01-2024,ads,Basic,32,False,0,S-8b1c37,A-acb7f7,28-03-2024,31-12-2026,Pro,32,0,0,True,False,False,False,monthly,False,46.0,13375.0,5.0,A-acb7f7,3.0,2.3333333333333335,0.0
A-acb7f7,Company_330,EdTech,US,06-01-2024,ads,Basic,32,False,0,S-d5ce9f,A-acb7f7,20-02-2024,31-12-2026,Basic,39,741,8892,False,False,False,False,monthly,True,69.0,19164.0,2.0,A-acb7f7,3.0,2.3333333333333335,0.0
A-acb7f7,Company_330,EdTech,US,06-01-2024,ads,Basic,32,False,0,S-af4059,A-acb7f7,07-01-2024,31-12-2026,Enterprise,32,6368,76416,False,False,False,False,annual,True,79.0,15083.0,8.0,A-acb7f7,3.0,2.3333333333333335,0.0
A-acb7f7,Company_330,EdTech,US,06-01-2024,ads,Basic,32,False,0,S-4a3e6c,A-acb7f7,19-06-2024,31-12-2026,Pro,32,1568,18816,False,False,False,False,monthly,True,47.0,13438.0,3.0,A-acb7f7,3.0,2.3333333333333335,0.0
A-acb7f7,Company_330,EdTech,US,06-01-2024,ads,Basic,32,False,0,S-0334aa,A-acb7f7,12-04-2024,31-12-2026,Pro,41,2009,24108,False,True,False,False,annual,True,27.0,12624.0,4.0,A-acb7f7,3.0,2.3333333333333335,0.0
A-acb7f7,Company_330,EdTech,US,06-01-2024,ads,Basic,32,False,0,S-1bf697,A-acb7f7,31-08-2024,31-12-2026,Pro,32,1568,18816,False,False,False,False,monthly,True,22.0,7394.0,1.0,A-acb7f7,3.0,2.3333333333333335,0.0
A-acb7f7,Company_330,EdTech,US,06-01-2024,ads,Basic,32,False,0,S-53ff75,A-acb7f7,26-11-2024,31-12-2026,Basic,32,608,7296,False,False,True,False,monthly,True,44.0,9823.0,3.0,A-acb7f7,3.0,2.3333333333333335,0.0
A-acb7f7,Company_330,EdTech,US,06-01-2024,ads,Basic,32,False,0,S-eb4b0a,A-acb7f7,28-12-2024,31-12-2026,Basic,32,608,7296,False,False,False,False,annual,True,59.0,20258.0,2.0,A-acb7f7,3.0,2.3333333333333335,0.0
A-acb7f7,Company_330,EdTech,US,06-01-2024,ads,Basic,32,False,0,S-398291,A-acb7f7,15-07-2024,31-12-2026,Enterprise,32,6368,76416,False,False,False,False,monthly,True,41.0,8592.0,0.0,A-acb7f7,3.0,2.3333333333333335,0.0
A-acb7f7,Company_330,EdTech,US,06-01-2024,ads,Basic,32,False,0,S-84dd93,A-acb7f7,16-02-2024,31-12-2026,Enterprise,32,6368,76416,False,False,False,False,annual,True,56.0,18529.0,2.0,A-acb7f7,3.0,2.3333333333333335,0.0
A-712f1c,Company_331,DevTools,US,16-12-2023,ads,Basic,17,False,1,S-76e7d9,A-712f1c,09-02-2024,31-12-2026,Enterprise,44,8756,105072,False,False,False,False,monthly,True,40.0,11068.0,0.0,A-712f1c,6.0,2.6666666666666665,0.0
A-712f1c,Company_331,DevTools,US,16-12-2023,ads,Basic,17,False,1,S-f97609,A-712f1c,15-05-2024,31-12-2026,Pro,38,1862,22344,False,True,False,False,annual,False,69.0,23637.0,5.0,A-712f1c,6.0,2.6666666666666665,0.0
A-712f1c,Company_331,DevTools,US,16-12-2023,ads,Basic,17,False,1,S-a554da,A-712f1c,09-04-2024,23-07-2024,Enterprise,17,3383,40596,False,False,False,True,annual,True,64.0,14054.0,2.0,A-712f1c,6.0,2.6666666666666665,0.0
A-712f1c,Company_331,DevTools,US,16-12-2023,ads,Basic,17,False,1,S-54d2a3,A-712f1c,21-01-2024,31-12-2026,Enterprise,17,3383,40596,False,False,False,False,monthly,True,70.0,26537.0,8.0,A-712f1c,6.0,2.6666666666666665,0.0
A-712f1c,Company_331,DevTools,US,16-12-2023,ads,Basic,17,False,1,S-19029a,A-712f1c,11-12-2024,31-12-2026,Pro,17,833,9996,False,False,False,False,annual,True,81.0,19625.0,1.0,A-712f1c,6.0,2.6666666666666665,0.0
A-712f1c,Company_331,DevTools,US,16-12-2023,ads,Basic,17,False,1,S-43f9f8,A-712f1c,03-01-2024,31-12-2026,Basic,24,456,5472,False,False,False,False,monthly,True,25.0,3557.0,1.0,A-712f1c,6.0,2.6666666666666665,0.0
A-712f1c,Company_331,DevTools,US,16-12-2023,ads,Basic,17,False,1,S-1cfab2,A-712f1c,01-12-2024,31-12-2026,Enterprise,37,7363,88356,False,False,False,False,monthly,True,27.0,6682.0,5.0,A-712f1c,6.0,2.6666666666666665,0.0
A-712f1c,Company_331,DevTools,US,16-12-2023,ads,Basic,17,False,1,S-2ff0ab,A-712f1c,11-05-2024,31-12-2026,Basic,17,323,3876,False,True,False,False,monthly,True,16.0,4954.0,0.0,A-712f1c,6.0,2.6666666666666665,0.0
A-712f1c,Company_331,DevTools,US,16-12-2023,ads,Basic,17,False,1,S-4fc5ca,A-712f1c,11-03-2024,31-12-2026,Enterprise,75,14925,179100,False,False,False,False,annual,True,34.0,9394.0,3.0,A-712f1c,6.0,2.6666666666666665,0.0
A-712f1c,Company_331,DevTools,US,16-12-2023,ads,Basic,17,False,1,S-302add,A-712f1c,05-10-2024,31-12-2026,Pro,17,833,9996,False,False,False,False,annual,True,67.0,21541.0,2.0,A-712f1c,6.0,2.6666666666666665,0.0
A-712f1c,Company_331,DevTools,US,16-12-2023,ads,Basic,17,False,1,S-9ac7cb,A-712f1c,19-04-2024,31-12-2026,Pro,18,882,10584,False,False,False,False,monthly,True,66.0,17550.0,5.0,A-712f1c,6.0,2.6666666666666665,0.0
A-712f1c,Company_331,DevTools,US,16-12-2023,ads,Basic,17,False,1,S-5ddeef,A-712f1c,28-01-2024,31-12-2026,Pro,58,0,0,True,False,False,False,annual,False,72.0,22703.0,2.0,A-712f1c,6.0,2.6666666666666665,0.0
A-3793ee,Company_332,Cybersecurity,CA,21-03-2023,organic,Enterprise,49,True,0,S-ab152e,A-3793ee,22-07-2024,31-12-2026,Enterprise,49,9751,117012,False,False,True,False,monthly,True,55.0,16131.0,6.0,A-3793ee,4.0,1.0,0.0
A-3793ee,Company_332,Cybersecurity,CA,21-03-2023,organic,Enterprise,49,True,0,S-b1d153,A-3793ee,23-11-2023,08-10-2024,Pro,49,2401,28812,False,False,False,True,monthly,True,42.0,13176.0,1.0,A-3793ee,4.0,1.0,0.0
A-3793ee,Company_332,Cybersecurity,CA,21-03-2023,organic,Enterprise,49,True,0,S-75fe32,A-3793ee,13-03-2024,31-12-2026,Pro,49,2401,28812,False,False,False,False,annual,True,75.0,21513.0,1.0,A-3793ee,4.0,1.0,0.0
A-3793ee,Company_332,Cybersecurity,CA,21-03-2023,organic,Enterprise,49,True,0,S-f6f308,A-3793ee,20-11-2023,31-12-2026,Enterprise,49,0,0,True,True,False,False,annual,True,45.0,15465.0,1.0,A-3793ee,4.0,1.0,0.0
A-3793ee,Company_332,Cybersecurity,CA,21-03-2023,organic,Enterprise,49,True,0,S-bf39f7,A-3793ee,24-01-2024,31-12-2026,Pro,49,2401,28812,False,False,False,False,monthly,True,60.0,11479.0,0.0,A-3793ee,4.0,1.0,0.0
A-3793ee,Company_332,Cybersecurity,CA,21-03-2023,organic,Enterprise,49,True,0,S-efdeae,A-3793ee,23-10-2024,31-12-2026,Enterprise,49,9751,117012,False,False,False,False,monthly,False,12.0,5716.0,0.0,A-3793ee,4.0,1.0,0.0
A-3793ee,Company_332,Cybersecurity,CA,21-03-2023,organic,Enterprise,49,True,0,S-75985b,A-3793ee,25-11-2023,31-12-2026,Enterprise,49,0,0,True,False,False,False,monthly,True,63.0,13901.0,2.0,A-3793ee,4.0,1.0,0.0
A-9a532a,Company_333,HealthTech,US,06-07-2024,partner,Enterprise,11,False,0,S-2ccc04,A-9a532a,18-10-2024,31-12-2026,Enterprise,11,2189,26268,False,False,False,False,monthly,True,111.0,48557.0,5.0,A-9a532a,2.0,0.0,0.0
A-9a532a,Company_333,HealthTech,US,06-07-2024,partner,Enterprise,11,False,0,S-ed1026,A-9a532a,21-09-2024,31-12-2026,Enterprise,11,2189,26268,False,False,False,False,annual,True,27.0,10457.0,0.0,A-9a532a,2.0,0.0,0.0
A-9a532a,Company_333,HealthTech,US,06-07-2024,partner,Enterprise,11,False,0,S-f71904,A-9a532a,28-09-2024,31-12-2026,Basic,62,0,0,True,False,False,False,monthly,True,27.0,7755.0,3.0,A-9a532a,2.0,0.0,0.0
A-9a532a,Company_333,HealthTech,US,06-07-2024,partner,Enterprise,11,False,0,S-255846,A-9a532a,28-08-2024,31-12-2026,Enterprise,33,6567,78804,False,False,False,False,monthly,True,20.0,8826.0,7.0,A-9a532a,2.0,0.0,0.0
A-2ebb4b,Company_334,HealthTech,US,15-05-2023,ads,Basic,41,False,0,S-b9fc6c,A-2ebb4b,16-06-2023,31-12-2026,Basic,41,779,9348,False,False,False,False,annual,True,44.0,11312.0,6.0,A-2ebb4b,2.0,3.0,0.0
A-2ebb4b,Company_334,HealthTech,US,15-05-2023,ads,Basic,41,False,0,S-a68f4f,A-2ebb4b,04-06-2023,31-12-2026,Basic,41,0,0,True,False,False,False,monthly,True,32.0,12788.0,0.0,A-2ebb4b,2.0,3.0,0.0
A-2ebb4b,Company_334,HealthTech,US,15-05-2023,ads,Basic,41,False,0,S-f6cd70,A-2ebb4b,14-10-2023,31-12-2026,Pro,41,2009,24108,False,False,False,False,annual,True,78.0,24082.0,6.0,A-2ebb4b,2.0,3.0,0.0
A-2ebb4b,Company_334,HealthTech,US,15-05-2023,ads,Basic,41,False,0,S-feaca1,A-2ebb4b,03-10-2023,31-12-2026,Enterprise,65,12935,155220,False,False,False,False,monthly,True,30.0,9744.0,0.0,A-2ebb4b,2.0,3.0,0.0
A-2ebb4b,Company_334,HealthTech,US,15-05-2023,ads,Basic,41,False,0,S-eaa2c2,A-2ebb4b,06-05-2024,31-12-2026,Basic,41,779,9348,False,False,False,False,monthly,True,51.0,13058.0,3.0,A-2ebb4b,2.0,3.0,0.0
A-2ebb4b,Company_334,HealthTech,US,15-05-2023,ads,Basic,41,False,0,S-a7a7c7,A-2ebb4b,02-11-2023,31-12-2026,Basic,41,0,0,True,False,False,False,monthly,True,32.0,15387.0,4.0,A-2ebb4b,2.0,3.0,0.0
A-2ebb4b,Company_334,HealthTech,US,15-05-2023,ads,Basic,41,False,0,S-3c87b4,A-2ebb4b,10-12-2024,31-12-2026,Pro,41,2009,24108,False,False,False,False,monthly,True,85.0,17456.0,6.0,A-2ebb4b,2.0,3.0,0.0
A-2ebb4b,Company_334,HealthTech,US,15-05-2023,ads,Basic,41,False,0,S-cb5020,A-2ebb4b,02-06-2024,31-12-2026,Enterprise,41,8159,97908,False,False,False,False,monthly,True,32.0,5654.0,2.0,A-2ebb4b,2.0,3.0,0.0
A-2ebb4b,Company_334,HealthTech,US,15-05-2023,ads,Basic,41,False,0,S-ae1278,A-2ebb4b,02-07-2024,13-08-2024,Pro,41,2009,24108,False,False,False,True,monthly,True,46.0,15996.0,1.0,A-2ebb4b,2.0,3.0,0.0
A-2ebb4b,Company_334,HealthTech,US,15-05-2023,ads,Basic,41,False,0,S-e56037,A-2ebb4b,25-05-2024,31-12-2026,Pro,41,2009,24108,False,True,False,False,annual,True,58.0,18025.0,5.0,A-2ebb4b,2.0,3.0,0.0
A-6843f2,Company_335,HealthTech,CA,10-12-2024,ads,Enterprise,21,False,0,S-13ca37,A-6843f2,21-12-2024,31-12-2026,Pro,21,0,0,True,False,True,False,monthly,True,84.0,22800.0,4.0,A-6843f2,2.0,3.0,0.0
A-6843f2,Company_335,HealthTech,CA,10-12-2024,ads,Enterprise,21,False,0,S-041624,A-6843f2,12-12-2024,31-12-2026,Enterprise,21,4179,50148,False,False,False,False,monthly,True,59.0,15568.0,2.0,A-6843f2,2.0,3.0,0.0
A-6843f2,Company_335,HealthTech,CA,10-12-2024,ads,Enterprise,21,False,0,S-09761d,A-6843f2,31-12-2024,31-12-2026,Pro,23,1127,13524,False,False,False,False,annual,True,20.0,4047.0,1.0,A-6843f2,2.0,3.0,0.0
A-6843f2,Company_335,HealthTech,CA,10-12-2024,ads,Enterprise,21,False,0,S-16fb78,A-6843f2,15-12-2024,31-12-2026,Enterprise,21,4179,50148,False,False,False,False,monthly,True,20.0,5856.0,1.0,A-6843f2,2.0,3.0,0.0
A-6843f2,Company_335,HealthTech,CA,10-12-2024,ads,Enterprise,21,False,0,S-1bb4f4,A-6843f2,19-12-2024,31-12-2026,Basic,21,399,4788,False,False,False,False,annual,True,54.0,15033.0,2.0,A-6843f2,2.0,3.0,0.0
A-6843f2,Company_335,HealthTech,CA,10-12-2024,ads,Enterprise,21,False,0,S-38a5fb,A-6843f2,14-12-2024,31-12-2026,Enterprise,21,4179,50148,False,False,False,False,monthly,True,102.0,23119.0,1.0,A-6843f2,2.0,3.0,0.0
A-6843f2,Company_335,HealthTech,CA,10-12-2024,ads,Enterprise,21,False,0,S-f9b4d8,A-6843f2,31-12-2024,31-12-2026,Pro,21,1029,12348,False,False,False,False,annual,True,9.0,3951.0,0.0,A-6843f2,2.0,3.0,0.0
A-6843f2,Company_335,HealthTech,CA,10-12-2024,ads,Enterprise,21,False,0,S-ad32a8,A-6843f2,11-12-2024,31-12-2026,Pro,21,1029,12348,False,False,False,False,monthly,True,76.0,20787.0,6.0,A-6843f2,2.0,3.0,0.0
A-6843f2,Company_335,HealthTech,CA,10-12-2024,ads,Enterprise,21,False,0,S-6b1de8,A-6843f2,27-12-2024,31-12-2026,Basic,21,399,4788,False,False,False,False,monthly,True,57.0,15263.0,0.0,A-6843f2,2.0,3.0,0.0
A-c9bb3e,Company_336,EdTech,US,24-03-2024,ads,Pro,5,False,0,S-25a969,A-c9bb3e,02-06-2024,31-12-2026,Basic,15,285,3420,False,False,False,False,annual,True,71.0,24367.0,2.0,A-c9bb3e,7.0,3.0,1.0
A-c9bb3e,Company_336,EdTech,US,24-03-2024,ads,Pro,5,False,0,S-4df6ec,A-c9bb3e,02-11-2024,31-12-2026,Basic,10,190,2280,False,False,False,False,monthly,True,9.0,3996.0,1.0,A-c9bb3e,7.0,3.0,1.0
A-c9bb3e,Company_336,EdTech,US,24-03-2024,ads,Pro,5,False,0,S-b2d7c6,A-c9bb3e,20-08-2024,31-12-2026,Enterprise,28,0,0,True,True,False,False,monthly,True,29.0,7298.0,2.0,A-c9bb3e,7.0,3.0,1.0
A-c9bb3e,Company_336,EdTech,US,24-03-2024,ads,Pro,5,False,0,S-6608d9,A-c9bb3e,26-10-2024,31-12-2026,Enterprise,18,3582,42984,False,False,False,False,annual,True,43.0,13440.0,2.0,A-c9bb3e,7.0,3.0,1.0
A-c9bb3e,Company_336,EdTech,US,24-03-2024,ads,Pro,5,False,0,S-fc2742,A-c9bb3e,13-08-2024,31-12-2026,Enterprise,11,2189,26268,False,False,False,False,annual,True,59.0,21363.0,0.0,A-c9bb3e,7.0,3.0,1.0
A-c9bb3e,Company_336,EdTech,US,24-03-2024,ads,Pro,5,False,0,S-8c9649,A-c9bb3e,30-09-2024,31-12-2026,Pro,10,490,5880,False,False,False,False,monthly,False,61.0,20198.0,2.0,A-c9bb3e,7.0,3.0,1.0
A-c9bb3e,Company_336,EdTech,US,24-03-2024,ads,Pro,5,False,0,S-2ae5d8,A-c9bb3e,08-06-2024,31-12-2026,Pro,5,245,2940,False,False,False,False,monthly,True,62.0,24219.0,3.0,A-c9bb3e,7.0,3.0,1.0
A-c9bb3e,Company_336,EdTech,US,24-03-2024,ads,Pro,5,False,0,S-cfaa97,A-c9bb3e,13-09-2024,31-12-2026,Basic,26,494,5928,False,False,False,False,monthly,True,50.0,12703.0,4.0,A-c9bb3e,7.0,3.0,1.0
A-c9bb3e,Company_336,EdTech,US,24-03-2024,ads,Pro,5,False,0,S-ff4611,A-c9bb3e,25-04-2024,31-12-2026,Pro,123,6027,72324,False,False,False,False,annual,True,30.0,14120.0,1.0,A-c9bb3e,7.0,3.0,1.0
A-c9bb3e,Company_336,EdTech,US,24-03-2024,ads,Pro,5,False,0,S-765a5f,A-c9bb3e,01-04-2024,02-04-2024,Pro,35,1715,20580,False,False,False,True,annual,True,60.0,29449.0,3.0,A-c9bb3e,7.0,3.0,1.0
A-4814a3,Company_337,Cybersecurity,IN,17-09-2024,event,Basic,87,False,1,S-0e8ae2,A-4814a3,24-11-2024,31-12-2026,Pro,87,0,0,True,False,False,False,monthly,True,112.0,28399.0,9.0,A-4814a3,4.0,1.0,1.0
A-4814a3,Company_337,Cybersecurity,IN,17-09-2024,event,Basic,87,False,1,S-430691,A-4814a3,13-11-2024,31-12-2026,Pro,87,4263,51156,False,False,False,False,monthly,True,87.0,29937.0,7.0,A-4814a3,4.0,1.0,1.0
A-4814a3,Company_337,Cybersecurity,IN,17-09-2024,event,Basic,87,False,1,S-bef342,A-4814a3,26-11-2024,31-12-2026,Enterprise,87,17313,207756,False,False,False,False,annual,True,45.0,13838.0,0.0,A-4814a3,4.0,1.0,1.0
A-4814a3,Company_337,Cybersecurity,IN,17-09-2024,event,Basic,87,False,1,S-951053,A-4814a3,24-11-2024,31-12-2026,Pro,87,4263,51156,False,True,False,False,monthly,False,55.0,10623.0,2.0,A-4814a3,4.0,1.0,1.0
A-4814a3,Company_337,Cybersecurity,IN,17-09-2024,event,Basic,87,False,1,S-2c5e1c,A-4814a3,08-12-2024,31-12-2026,Enterprise,87,17313,207756,False,False,True,False,monthly,True,40.0,12841.0,6.0,A-4814a3,4.0,1.0,1.0
A-4814a3,Company_337,Cybersecurity,IN,17-09-2024,event,Basic,87,False,1,S-8cba1c,A-4814a3,19-10-2024,31-12-2026,Enterprise,87,0,0,True,False,False,False,monthly,False,19.0,3896.0,4.0,A-4814a3,4.0,1.0,1.0
A-4814a3,Company_337,Cybersecurity,IN,17-09-2024,event,Basic,87,False,1,S-db7c1d,A-4814a3,05-10-2024,31-12-2026,Basic,87,1653,19836,False,False,False,False,monthly,True,87.0,30239.0,7.0,A-4814a3,4.0,1.0,1.0
A-4814a3,Company_337,Cybersecurity,IN,17-09-2024,event,Basic,87,False,1,S-cd6d68,A-4814a3,30-12-2024,31-12-2026,Pro,87,4263,51156,False,False,False,False,monthly,True,46.0,12688.0,0.0,A-4814a3,4.0,1.0,1.0
A-4814a3,Company_337,Cybersecurity,IN,17-09-2024,event,Basic,87,False,1,S-cf12f4,A-4814a3,27-09-2024,31-12-2026,Pro,87,4263,51156,False,True,False,False,monthly,True,36.0,9759.0,7.0,A-4814a3,4.0,1.0,1.0
A-4814a3,Company_337,Cybersecurity,IN,17-09-2024,event,Basic,87,False,1,S-2e0575,A-4814a3,06-11-2024,31-12-2024,Enterprise,87,17313,207756,False,False,False,True,annual,True,13.0,6014.0,0.0,A-4814a3,4.0,1.0,1.0
A-4814a3,Company_337,Cybersecurity,IN,17-09-2024,event,Basic,87,False,1,S-9842bb,A-4814a3,27-10-2024,31-12-2026,Enterprise,87,17313,207756,False,False,False,False,monthly,False,47.0,10533.0,3.0,A-4814a3,4.0,1.0,1.0
A-b7b7b7,Company_338,FinTech,US,30-06-2024,event,Basic,24,False,1,S-c29f3a,A-b7b7b7,10-09-2024,31-12-2026,Pro,24,1176,14112,False,True,False,False,monthly,False,50.0,14298.0,2.0,A-b7b7b7,3.0,3.3333333333333335,0.0
A-b7b7b7,Company_338,FinTech,US,30-06-2024,event,Basic,24,False,1,S-c1012c,A-b7b7b7,19-09-2024,31-12-2026,Enterprise,24,4776,57312,False,False,False,False,monthly,True,69.0,19981.0,6.0,A-b7b7b7,3.0,3.3333333333333335,0.0
A-b7b7b7,Company_338,FinTech,US,30-06-2024,event,Basic,24,False,1,S-2e7756,A-b7b7b7,27-08-2024,31-12-2026,Pro,67,3283,39396,False,False,False,False,annual,True,30.0,9954.0,1.0,A-b7b7b7,3.0,3.3333333333333335,0.0
A-b7b7b7,Company_338,FinTech,US,30-06-2024,event,Basic,24,False,1,S-f0972b,A-b7b7b7,02-09-2024,31-12-2026,Enterprise,27,5373,64476,False,False,False,False,monthly,True,65.0,22929.0,0.0,A-b7b7b7,3.0,3.3333333333333335,0.0
A-b7b7b7,Company_338,FinTech,US,30-06-2024,event,Basic,24,False,1,S-f5bd45,A-b7b7b7,20-10-2024,31-12-2026,Enterprise,39,7761,93132,False,False,False,False,monthly,True,39.0,10980.0,2.0,A-b7b7b7,3.0,3.3333333333333335,0.0
A-b7b7b7,Company_338,FinTech,US,30-06-2024,event,Basic,24,False,1,S-5521a1,A-b7b7b7,04-11-2024,31-12-2026,Pro,45,2205,26460,False,False,False,False,annual,True,64.0,13113.0,0.0,A-b7b7b7,3.0,3.3333333333333335,0.0
A-b7b7b7,Company_338,FinTech,US,30-06-2024,event,Basic,24,False,1,S-5b699e,A-b7b7b7,16-09-2024,31-12-2026,Basic,24,456,5472,False,False,False,False,annual,True,19.0,6532.0,3.0,A-b7b7b7,3.0,3.3333333333333335,0.0
A-b7b7b7,Company_338,FinTech,US,30-06-2024,event,Basic,24,False,1,S-80ed6b,A-b7b7b7,29-07-2024,31-12-2026,Pro,24,1176,14112,False,False,False,False,annual,True,41.0,14267.0,0.0,A-b7b7b7,3.0,3.3333333333333335,0.0
A-b7b7b7,Company_338,FinTech,US,30-06-2024,event,Basic,24,False,1,S-cef05a,A-b7b7b7,20-10-2024,31-12-2026,Pro,29,0,0,True,False,False,False,monthly,True,59.0,19689.0,2.0,A-b7b7b7,3.0,3.3333333333333335,0.0
A-b7b7b7,Company_338,FinTech,US,30-06-2024,event,Basic,24,False,1,S-1c2a4a,A-b7b7b7,29-12-2024,31-12-2026,Pro,24,1176,14112,False,False,False,False,annual,True,43.0,10961.0,4.0,A-b7b7b7,3.0,3.3333333333333335,0.0
A-b7b7b7,Company_338,FinTech,US,30-06-2024,event,Basic,24,False,1,S-2d21b9,A-b7b7b7,12-07-2024,31-12-2026,Pro,24,1176,14112,False,False,False,False,annual,True,47.0,15395.0,1.0,A-b7b7b7,3.0,3.3333333333333335,0.0
A-b7b7b7,Company_338,FinTech,US,30-06-2024,event,Basic,24,False,1,S-b70eef,A-b7b7b7,12-11-2024,31-12-2026,Pro,24,0,0,True,False,False,False,monthly,True,45.0,8291.0,5.0,A-b7b7b7,3.0,3.3333333333333335,0.0
A-ccc747,Company_339,HealthTech,FR,12-01-2024,event,Pro,16,False,1,S-aa3a36,A-ccc747,13-05-2024,31-12-2026,Enterprise,16,0,0,True,True,False,False,monthly,False,41.0,10412.0,1.0,A-ccc747,4.0,1.25,1.0
A-ccc747,Company_339,HealthTech,FR,12-01-2024,event,Pro,16,False,1,S-a102aa,A-ccc747,24-06-2024,31-12-2026,Pro,37,1813,21756,False,True,False,False,monthly,False,18.0,5947.0,1.0,A-ccc747,4.0,1.25,1.0
A-ccc747,Company_339,HealthTech,FR,12-01-2024,event,Pro,16,False,1,S-934bd4,A-ccc747,04-11-2024,31-12-2026,Basic,16,304,3648,False,False,False,False,annual,True,77.0,23337.0,6.0,A-ccc747,4.0,1.25,1.0
A-ccc747,Company_339,HealthTech,FR,12-01-2024,event,Pro,16,False,1,S-94d88f,A-ccc747,11-09-2024,31-12-2026,Pro,16,784,9408,False,False,False,False,annual,False,23.0,10586.0,1.0,A-ccc747,4.0,1.25,1.0
A-ccc747,Company_339,HealthTech,FR,12-01-2024,event,Pro,16,False,1,S-de7a48,A-ccc747,15-10-2024,30-12-2024,Pro,23,1127,13524,False,False,False,True,annual,True,57.0,17738.0,1.0,A-ccc747,4.0,1.25,1.0
A-ccc747,Company_339,HealthTech,FR,12-01-2024,event,Pro,16,False,1,S-f49f24,A-ccc747,14-07-2024,31-12-2026,Pro,16,784,9408,False,False,False,False,annual,False,68.0,21562.0,3.0,A-ccc747,4.0,1.25,1.0
A-bb3bd4,Company_340,HealthTech,US,27-01-2024,ads,Basic,23,False,0,S-342037,A-bb3bd4,05-04-2024,31-12-2026,Enterprise,23,4577,54924,False,True,False,False,annual,True,34.0,10440.0,0.0,A-bb3bd4,11.0,2.6363636363636362,0.0
A-bb3bd4,Company_340,HealthTech,US,27-01-2024,ads,Basic,23,False,0,S-12c163,A-bb3bd4,16-12-2024,31-12-2026,Enterprise,23,0,0,True,False,False,False,annual,True,38.0,5955.0,3.0,A-bb3bd4,11.0,2.6363636363636362,0.0
A-bb3bd4,Company_340,HealthTech,US,27-01-2024,ads,Basic,23,False,0,S-97aa94,A-bb3bd4,11-06-2024,31-12-2026,Basic,23,437,5244,False,False,False,False,annual,True,0.0,0.0,0.0,A-bb3bd4,11.0,2.6363636363636362,0.0
A-bb3bd4,Company_340,HealthTech,US,27-01-2024,ads,Basic,23,False,0,S-7d66fb,A-bb3bd4,18-08-2024,31-12-2026,Basic,23,437,5244,False,False,False,False,monthly,True,74.0,30513.0,4.0,A-bb3bd4,11.0,2.6363636363636362,0.0
A-bb3bd4,Company_340,HealthTech,US,27-01-2024,ads,Basic,23,False,0,S-a1676a,A-bb3bd4,06-05-2024,31-12-2026,Pro,23,1127,13524,False,False,False,False,annual,True,50.0,10930.0,1.0,A-bb3bd4,11.0,2.6363636363636362,0.0
A-bb3bd4,Company_340,HealthTech,US,27-01-2024,ads,Basic,23,False,0,S-9eb2c5,A-bb3bd4,16-09-2024,31-12-2026,Basic,23,437,5244,False,True,False,False,monthly,True,66.0,13182.0,3.0,A-bb3bd4,11.0,2.6363636363636362,0.0
A-bb3bd4,Company_340,HealthTech,US,27-01-2024,ads,Basic,23,False,0,S-550202,A-bb3bd4,17-12-2024,31-12-2026,Basic,23,437,5244,False,False,False,False,annual,True,53.0,22589.0,0.0,A-bb3bd4,11.0,2.6363636363636362,0.0
A-09316c,Company_341,FinTech,AU,11-09-2024,organic,Enterprise,70,False,0,S-1fd72a,A-09316c,27-11-2024,31-12-2026,Pro,70,3430,41160,False,False,False,False,annual,True,65.0,12161.0,5.0,A-09316c,4.0,3.75,1.0
A-09316c,Company_341,FinTech,AU,11-09-2024,organic,Enterprise,70,False,0,S-7d4240,A-09316c,11-11-2024,31-12-2026,Basic,70,1330,15960,False,False,False,False,monthly,True,26.0,4702.0,6.0,A-09316c,4.0,3.75,1.0
A-09316c,Company_341,FinTech,AU,11-09-2024,organic,Enterprise,70,False,0,S-a67bb7,A-09316c,19-09-2024,31-12-2026,Enterprise,70,13930,167160,False,False,False,False,monthly,True,71.0,21032.0,1.0,A-09316c,4.0,3.75,1.0
A-09316c,Company_341,FinTech,AU,11-09-2024,organic,Enterprise,70,False,0,S-fdb8f1,A-09316c,23-09-2024,31-12-2026,Enterprise,70,13930,167160,False,False,False,False,annual,True,86.0,29369.0,3.0,A-09316c,4.0,3.75,1.0
A-09316c,Company_341,FinTech,AU,11-09-2024,organic,Enterprise,70,False,0,S-e5d9a4,A-09316c,07-12-2024,31-12-2026,Enterprise,70,13930,167160,False,True,False,False,annual,True,90.0,14596.0,5.0,A-09316c,4.0,3.75,1.0
A-09316c,Company_341,FinTech,AU,11-09-2024,organic,Enterprise,70,False,0,S-383ac2,A-09316c,22-10-2024,31-12-2026,Basic,70,0,0,True,False,False,False,monthly,False,48.0,14263.0,0.0,A-09316c,4.0,3.75,1.0
A-09316c,Company_341,FinTech,AU,11-09-2024,organic,Enterprise,70,False,0,S-d98caa,A-09316c,29-12-2024,31-12-2026,Enterprise,70,13930,167160,False,False,False,False,annual,True,33.0,10730.0,2.0,A-09316c,4.0,3.75,1.0
A-09316c,Company_341,FinTech,AU,11-09-2024,organic,Enterprise,70,False,0,S-83a9a4,A-09316c,26-11-2024,31-12-2026,Pro,70,3430,41160,False,True,False,False,annual,True,8.0,4408.0,0.0,A-09316c,4.0,3.75,1.0
A-09316c,Company_341,FinTech,AU,11-09-2024,organic,Enterprise,70,False,0,S-5f4afc,A-09316c,15-11-2024,31-12-2026,Pro,70,3430,41160,False,False,False,False,monthly,True,63.0,18622.0,8.0,A-09316c,4.0,3.75,1.0
A-09316c,Company_341,FinTech,AU,11-09-2024,organic,Enterprise,70,False,0,S-fb0905,A-09316c,10-12-2024,31-12-2026,Basic,70,1330,15960,False,False,False,False,annual,True,25.0,7993.0,0.0,A-09316c,4.0,3.75,1.0
A-09316c,Company_341,FinTech,AU,11-09-2024,organic,Enterprise,70,False,0,S-39a5a7,A-09316c,22-09-2024,31-12-2026,Basic,70,1330,15960,False,False,False,False,monthly,True,51.0,11585.0,1.0,A-09316c,4.0,3.75,1.0
A-96bbc6,Company_342,Cybersecurity,US,07-05-2024,organic,Enterprise,39,False,0,S-15d2d2,A-96bbc6,07-06-2024,31-12-2026,Enterprise,39,7761,93132,False,False,False,False,monthly,True,72.0,25644.0,3.0,A-96bbc6,3.0,3.3333333333333335,0.0
A-96bbc6,Company_342,Cybersecurity,US,07-05-2024,organic,Enterprise,39,False,0,S-5a5bdb,A-96bbc6,08-09-2024,31-12-2026,Pro,64,3136,37632,False,False,False,False,annual,True,63.0,23647.0,4.0,A-96bbc6,3.0,3.3333333333333335,0.0
A-96bbc6,Company_342,Cybersecurity,US,07-05-2024,organic,Enterprise,39,False,0,S-113e86,A-96bbc6,23-05-2024,31-12-2026,Pro,39,1911,22932,False,True,False,False,monthly,True,99.0,27634.0,8.0,A-96bbc6,3.0,3.3333333333333335,0.0
A-96bbc6,Company_342,Cybersecurity,US,07-05-2024,organic,Enterprise,39,False,0,S-a6820d,A-96bbc6,12-12-2024,31-12-2026,Pro,39,1911,22932,False,False,False,False,annual,False,40.0,11307.0,1.0,A-96bbc6,3.0,3.3333333333333335,0.0
A-96bbc6,Company_342,Cybersecurity,US,07-05-2024,organic,Enterprise,39,False,0,S-0bccd9,A-96bbc6,25-12-2024,31-12-2026,Basic,39,741,8892,False,False,True,False,monthly,True,75.0,21142.0,2.0,A-96bbc6,3.0,3.3333333333333335,0.0
A-96bbc6,Company_342,Cybersecurity,US,07-05-2024,organic,Enterprise,39,False,0,S-ee956d,A-96bbc6,01-09-2024,31-12-2026,Pro,39,1911,22932,False,False,False,False,annual,True,28.0,8102.0,0.0,A-96bbc6,3.0,3.3333333333333335,0.0
A-96bbc6,Company_342,Cybersecurity,US,07-05-2024,organic,Enterprise,39,False,0,S-9fae95,A-96bbc6,08-12-2024,31-12-2026,Enterprise,56,11144,133728,False,True,False,False,annual,True,53.0,16899.0,2.0,A-96bbc6,3.0,3.3333333333333335,0.0
A-96bbc6,Company_342,Cybersecurity,US,07-05-2024,organic,Enterprise,39,False,0,S-31d8aa,A-96bbc6,28-05-2024,31-12-2026,Pro,39,1911,22932,False,True,False,False,annual,True,52.0,18431.0,5.0,A-96bbc6,3.0,3.3333333333333335,0.0
A-bc4d48,Company_343,EdTech,US,12-06-2024,ads,Pro,35,True,0,S-a1cc61,A-bc4d48,04-07-2024,31-12-2026,Basic,35,665,7980,False,False,False,False,annual,True,36.0,12286.0,1.0,A-bc4d48,6.0,3.5,1.0
A-bc4d48,Company_343,EdTech,US,12-06-2024,ads,Pro,35,True,0,S-c65c8b,A-bc4d48,26-06-2024,31-12-2026,Basic,35,665,7980,False,False,False,False,annual,False,21.0,3575.0,1.0,A-bc4d48,6.0,3.5,1.0
A-bc4d48,Company_343,EdTech,US,12-06-2024,ads,Pro,35,True,0,S-d619ad,A-bc4d48,29-06-2024,31-12-2026,Pro,35,0,0,True,False,False,False,monthly,True,53.0,15077.0,2.0,A-bc4d48,6.0,3.5,1.0
A-bc4d48,Company_343,EdTech,US,12-06-2024,ads,Pro,35,True,0,S-07c505,A-bc4d48,12-07-2024,31-12-2026,Pro,35,1715,20580,False,True,False,False,monthly,True,56.0,22397.0,1.0,A-bc4d48,6.0,3.5,1.0
A-bc4d48,Company_343,EdTech,US,12-06-2024,ads,Pro,35,True,0,S-5b9bb9,A-bc4d48,29-08-2024,31-12-2026,Pro,35,1715,20580,False,False,False,False,annual,False,65.0,10913.0,1.0,A-bc4d48,6.0,3.5,1.0
A-bc4d48,Company_343,EdTech,US,12-06-2024,ads,Pro,35,True,0,S-d920e7,A-bc4d48,28-11-2024,31-12-2026,Enterprise,35,6965,83580,False,False,False,False,annual,False,31.0,10572.0,3.0,A-bc4d48,6.0,3.5,1.0
A-bc4d48,Company_343,EdTech,US,12-06-2024,ads,Pro,35,True,0,S-03bfa3,A-bc4d48,27-12-2024,31-12-2026,Basic,35,665,7980,False,False,False,False,annual,True,59.0,14571.0,0.0,A-bc4d48,6.0,3.5,1.0
A-b30291,Company_344,HealthTech,US,05-04-2024,event,Basic,5,True,1,S-37e3ad,A-b30291,25-04-2024,31-12-2026,Basic,5,95,1140,False,False,False,False,monthly,True,19.0,5716.0,0.0,A-b30291,1.0,0.0,0.0
A-b30291,Company_344,HealthTech,US,05-04-2024,event,Basic,5,True,1,S-a44d72,A-b30291,12-06-2024,31-12-2026,Pro,18,882,10584,False,False,False,False,monthly,True,60.0,19646.0,4.0,A-b30291,1.0,0.0,0.0
A-b30291,Company_344,HealthTech,US,05-04-2024,event,Basic,5,True,1,S-1a9fb7,A-b30291,04-06-2024,31-12-2026,Enterprise,16,3184,38208,False,False,False,False,monthly,True,28.0,8380.0,0.0,A-b30291,1.0,0.0,0.0
A-b30291,Company_344,HealthTech,US,05-04-2024,event,Basic,5,True,1,S-9dcef8,A-b30291,27-09-2024,31-12-2026,Basic,41,779,9348,False,False,False,False,monthly,True,28.0,5306.0,1.0,A-b30291,1.0,0.0,0.0
A-b30291,Company_344,HealthTech,US,05-04-2024,event,Basic,5,True,1,S-d92159,A-b30291,22-12-2024,31-12-2026,Pro,5,245,2940,False,False,False,False,annual,True,102.0,29906.0,1.0,A-b30291,1.0,0.0,0.0
A-b30291,Company_344,HealthTech,US,05-04-2024,event,Basic,5,True,1,S-a96f6c,A-b30291,23-10-2024,31-12-2026,Pro,13,0,0,True,False,False,False,monthly,True,59.0,23629.0,6.0,A-b30291,1.0,0.0,0.0
A-b30291,Company_344,HealthTech,US,05-04-2024,event,Basic,5,True,1,S-b9ea73,A-b30291,09-04-2024,31-12-2026,Basic,5,95,1140,False,False,False,False,monthly,True,10.0,5000.0,0.0,A-b30291,1.0,0.0,0.0
A-b30291,Company_344,HealthTech,US,05-04-2024,event,Basic,5,True,1,S-6100a4,A-b30291,21-10-2024,31-12-2026,Pro,47,0,0,True,False,False,False,annual,True,81.0,23720.0,4.0,A-b30291,1.0,0.0,0.0
A-b30291,Company_344,HealthTech,US,05-04-2024,event,Basic,5,True,1,S-1f5841,A-b30291,08-05-2024,31-12-2026,Basic,5,95,1140,False,False,False,False,annual,True,70.0,22029.0,12.0,A-b30291,1.0,0.0,0.0
A-b30291,Company_344,HealthTech,US,05-04-2024,event,Basic,5,True,1,S-2178f0,A-b30291,26-09-2024,02-11-2024,Basic,5,0,0,True,False,False,True,monthly,True,62.0,17765.0,3.0,A-b30291,1.0,0.0,0.0
A-cdf020,Company_345,DevTools,AU,16-08-2023,organic,Pro,23,False,0,S-bdf8bf,A-cdf020,01-12-2023,23-09-2024,Pro,31,1519,18228,False,False,False,True,monthly,True,63.0,16291.0,2.0,A-cdf020,4.0,3.0,0.0
A-cdf020,Company_345,DevTools,AU,16-08-2023,organic,Pro,23,False,0,S-3ee7c3,A-cdf020,06-04-2024,10-11-2024,Enterprise,23,4577,54924,False,False,False,True,monthly,False,44.0,12318.0,1.0,A-cdf020,4.0,3.0,0.0
A-cdf020,Company_345,DevTools,AU,16-08-2023,organic,Pro,23,False,0,S-91cd9b,A-cdf020,31-01-2024,03-07-2024,Pro,45,2205,26460,False,False,False,True,annual,True,77.0,29231.0,1.0,A-cdf020,4.0,3.0,0.0
A-cdf020,Company_345,DevTools,AU,16-08-2023,organic,Pro,23,False,0,S-f28cde,A-cdf020,13-07-2024,31-12-2026,Pro,23,1127,13524,False,True,False,False,annual,True,40.0,13028.0,6.0,A-cdf020,4.0,3.0,0.0
A-cdf020,Company_345,DevTools,AU,16-08-2023,organic,Pro,23,False,0,S-991d05,A-cdf020,25-01-2024,31-12-2026,Pro,39,1911,22932,False,False,False,False,annual,False,55.0,13854.0,6.0,A-cdf020,4.0,3.0,0.0
A-cdf020,Company_345,DevTools,AU,16-08-2023,organic,Pro,23,False,0,S-d031a4,A-cdf020,09-10-2024,31-12-2026,Pro,44,2156,25872,False,False,False,False,monthly,True,24.0,10332.0,0.0,A-cdf020,4.0,3.0,0.0
A-cdf020,Company_345,DevTools,AU,16-08-2023,organic,Pro,23,False,0,S-f482de,A-cdf020,11-04-2024,31-12-2026,Basic,23,0,0,True,False,False,False,monthly,True,38.0,11775.0,0.0,A-cdf020,4.0,3.0,0.0
A-cdf020,Company_345,DevTools,AU,16-08-2023,organic,Pro,23,False,0,S-644316,A-cdf020,07-10-2024,31-12-2026,Enterprise,23,4577,54924,False,True,False,False,annual,True,38.0,12693.0,2.0,A-cdf020,4.0,3.0,0.0
A-e6afc1,Company_346,DevTools,US,24-02-2023,ads,Pro,1,False,0,S-9dfce0,A-e6afc1,30-08-2024,31-12-2026,Pro,2,98,1176,False,False,False,False,annual,True,58.0,9624.0,0.0,0,0.0,0.0,0.0
A-e6afc1,Company_346,DevTools,US,24-02-2023,ads,Pro,1,False,0,S-aaed3e,A-e6afc1,18-12-2024,31-12-2026,Pro,9,0,0,True,False,False,False,monthly,False,111.0,38765.0,8.0,0,0.0,0.0,0.0
A-e6afc1,Company_346,DevTools,US,24-02-2023,ads,Pro,1,False,0,S-8d122e,A-e6afc1,12-07-2024,31-12-2026,Enterprise,16,3184,38208,False,False,False,False,monthly,True,103.0,22144.0,4.0,0,0.0,0.0,0.0
A-e6afc1,Company_346,DevTools,US,24-02-2023,ads,Pro,1,False,0,S-8f8c47,A-e6afc1,27-08-2023,31-12-2026,Pro,28,0,0,True,False,False,False,monthly,True,69.0,15977.0,7.0,0,0.0,0.0,0.0
A-e6afc1,Company_346,DevTools,US,24-02-2023,ads,Pro,1,False,0,S-98dd7d,A-e6afc1,24-05-2023,31-12-2026,Enterprise,51,10149,121788,False,False,False,False,annual,True,30.0,17750.0,0.0,0,0.0,0.0,0.0
A-e6afc1,Company_346,DevTools,US,24-02-2023,ads,Pro,1,False,0,S-de473d,A-e6afc1,31-05-2023,31-12-2026,Pro,6,294,3528,False,False,False,False,monthly,True,64.0,19676.0,1.0,0,0.0,0.0,0.0
A-e6afc1,Company_346,DevTools,US,24-02-2023,ads,Pro,1,False,0,S-02b3a1,A-e6afc1,05-08-2023,31-12-2026,Basic,18,342,4104,False,False,False,False,monthly,True,45.0,10568.0,2.0,0,0.0,0.0,0.0
A-e6afc1,Company_346,DevTools,US,24-02-2023,ads,Pro,1,False,0,S-d85c2f,A-e6afc1,15-08-2024,31-12-2026,Pro,85,4165,49980,False,False,False,False,annual,True,44.0,13184.0,1.0,0,0.0,0.0,0.0
A-e6afc1,Company_346,DevTools,US,24-02-2023,ads,Pro,1,False,0,S-111683,A-e6afc1,16-11-2023,31-12-2026,Pro,68,3332,39984,False,False,False,False,monthly,True,33.0,14923.0,3.0,0,0.0,0.0,0.0
A-e6afc1,Company_346,DevTools,US,24-02-2023,ads,Pro,1,False,0,S-e66964,A-e6afc1,03-06-2023,31-12-2026,Basic,51,969,11628,False,False,False,False,monthly,False,58.0,22830.0,3.0,0,0.0,0.0,0.0
A-e6afc1,Company_346,DevTools,US,24-02-2023,ads,Pro,1,False,0,S-35752e,A-e6afc1,08-05-2024,31-12-2026,Pro,1,49,588,False,False,False,False,annual,True,64.0,10846.0,1.0,0,0.0,0.0,0.0
A-e3bd71,Company_347,Cybersecurity,US,25-03-2023,partner,Basic,31,False,0,S-a9ec8b,A-e3bd71,11-02-2024,31-12-2026,Enterprise,31,6169,74028,False,False,False,False,monthly,True,86.0,30882.0,3.0,A-e3bd71,4.0,2.0,0.0
A-e3bd71,Company_347,Cybersecurity,US,25-03-2023,partner,Basic,31,False,0,S-58c146,A-e3bd71,21-06-2024,31-12-2026,Basic,41,779,9348,False,False,False,False,annual,False,65.0,24088.0,1.0,A-e3bd71,4.0,2.0,0.0
A-e3bd71,Company_347,Cybersecurity,US,25-03-2023,partner,Basic,31,False,0,S-eccbe0,A-e3bd71,07-12-2024,31-12-2026,Pro,31,1519,18228,False,False,False,False,annual,False,68.0,10270.0,1.0,A-e3bd71,4.0,2.0,0.0
A-e3bd71,Company_347,Cybersecurity,US,25-03-2023,partner,Basic,31,False,0,S-feba2a,A-e3bd71,09-03-2024,31-12-2026,Pro,69,0,0,True,False,False,False,monthly,True,35.0,9742.0,4.0,A-e3bd71,4.0,2.0,0.0
A-e3bd71,Company_347,Cybersecurity,US,25-03-2023,partner,Basic,31,False,0,S-1319ac,A-e3bd71,02-06-2024,31-12-2026,Basic,91,1729,20748,False,False,False,False,annual,True,53.0,19076.0,5.0,A-e3bd71,4.0,2.0,0.0
A-e3bd71,Company_347,Cybersecurity,US,25-03-2023,partner,Basic,31,False,0,S-a09141,A-e3bd71,03-04-2023,31-12-2026,Enterprise,31,6169,74028,False,False,False,False,annual,False,41.0,7836.0,3.0,A-e3bd71,4.0,2.0,0.0
A-e3bd71,Company_347,Cybersecurity,US,25-03-2023,partner,Basic,31,False,0,S-88c79e,A-e3bd71,18-02-2024,29-04-2024,Enterprise,31,6169,74028,False,False,False,True,monthly,True,18.0,4776.0,2.0,A-e3bd71,4.0,2.0,0.0
A-e3bd71,Company_347,Cybersecurity,US,25-03-2023,partner,Basic,31,False,0,S-50815c,A-e3bd71,11-01-2024,31-12-2026,Basic,31,589,7068,False,False,False,False,monthly,True,102.0,33812.0,3.0,A-e3bd71,4.0,2.0,0.0
A-e3bd71,Company_347,Cybersecurity,US,25-03-2023,partner,Basic,31,False,0,S-add36b,A-e3bd71,20-03-2024,31-12-2026,Enterprise,31,6169,74028,False,True,True,False,monthly,True,42.0,8687.0,0.0,A-e3bd71,4.0,2.0,0.0
A-e3bd71,Company_347,Cybersecurity,US,25-03-2023,partner,Basic,31,False,0,S-de6767,A-e3bd71,19-10-2024,31-12-2026,Enterprise,31,6169,74028,False,False,False,False,annual,True,61.0,18901.0,3.0,A-e3bd71,4.0,2.0,0.0
A-e3bd71,Company_347,Cybersecurity,US,25-03-2023,partner,Basic,31,False,0,S-752e61,A-e3bd71,24-03-2024,31-12-2026,Enterprise,31,6169,74028,False,False,False,False,monthly,True,67.0,18954.0,2.0,A-e3bd71,4.0,2.0,0.0
A-b179bf,Company_348,Cybersecurity,IN,27-10-2024,ads,Basic,43,False,0,S-3eb206,A-b179bf,24-12-2024,31-12-2026,Enterprise,43,8557,102684,False,False,False,False,monthly,True,65.0,16827.0,1.0,A-b179bf,6.0,0.6666666666666666,0.0
A-b179bf,Company_348,Cybersecurity,IN,27-10-2024,ads,Basic,43,False,0,S-f5f01f,A-b179bf,24-12-2024,31-12-2026,Basic,43,817,9804,False,False,False,False,annual,True,84.0,23568.0,7.0,A-b179bf,6.0,0.6666666666666666,0.0
A-b179bf,Company_348,Cybersecurity,IN,27-10-2024,ads,Basic,43,False,0,S-01ae7f,A-b179bf,25-12-2024,31-12-2026,Pro,43,0,0,True,False,False,False,annual,True,100.0,32495.0,4.0,A-b179bf,6.0,0.6666666666666666,0.0
A-b179bf,Company_348,Cybersecurity,IN,27-10-2024,ads,Basic,43,False,0,S-6015db,A-b179bf,15-11-2024,31-12-2026,Enterprise,43,8557,102684,False,False,False,False,annual,True,90.0,23650.0,1.0,A-b179bf,6.0,0.6666666666666666,0.0
A-b179bf,Company_348,Cybersecurity,IN,27-10-2024,ads,Basic,43,False,0,S-8c118d,A-b179bf,27-10-2024,31-12-2026,Pro,43,0,0,True,False,False,False,monthly,True,59.0,14315.0,5.0,A-b179bf,6.0,0.6666666666666666,0.0
A-098560,Company_349,DevTools,UK,21-10-2023,ads,Enterprise,1,False,1,S-27c993,A-098560,17-11-2024,31-12-2026,Enterprise,4,796,9552,False,False,False,False,monthly,True,30.0,11520.0,4.0,A-098560,2.0,3.0,1.0
A-098560,Company_349,DevTools,UK,21-10-2023,ads,Enterprise,1,False,1,S-8dd1f6,A-098560,24-03-2024,31-12-2026,Pro,12,588,7056,False,False,False,False,monthly,False,22.0,2525.0,6.0,A-098560,2.0,3.0,1.0
A-098560,Company_349,DevTools,UK,21-10-2023,ads,Enterprise,1,False,1,S-091a8d,A-098560,24-02-2024,31-12-2026,Pro,23,0,0,True,False,False,False,monthly,True,18.0,6038.0,0.0,A-098560,2.0,3.0,1.0
A-098560,Company_349,DevTools,UK,21-10-2023,ads,Enterprise,1,False,1,S-5521f5,A-098560,13-04-2024,31-12-2026,Pro,25,1225,14700,False,False,False,False,monthly,False,59.0,21003.0,1.0,A-098560,2.0,3.0,1.0
A-098560,Company_349,DevTools,UK,21-10-2023,ads,Enterprise,1,False,1,S-1862f2,A-098560,29-07-2024,21-10-2024,Basic,29,551,6612,False,False,False,True,annual,True,88.0,19369.0,6.0,A-098560,2.0,3.0,1.0
A-098560,Company_349,DevTools,UK,21-10-2023,ads,Enterprise,1,False,1,S-94aaef,A-098560,10-12-2023,31-12-2026,Pro,35,1715,20580,False,True,False,False,annual,False,53.0,14349.0,4.0,A-098560,2.0,3.0,1.0
A-098560,Company_349,DevTools,UK,21-10-2023,ads,Enterprise,1,False,1,S-9a8646,A-098560,29-04-2024,31-12-2026,Basic,10,190,2280,False,False,False,False,monthly,True,42.0,8407.0,2.0,A-098560,2.0,3.0,1.0
A-098560,Company_349,DevTools,UK,21-10-2023,ads,Enterprise,1,False,1,S-ab7a04,A-098560,05-09-2024,31-12-2026,Basic,7,133,1596,False,False,False,False,annual,True,25.0,1049.0,0.0,A-098560,2.0,3.0,1.0
A-098560,Company_349,DevTools,UK,21-10-2023,ads,Enterprise,1,False,1,S-8f9410,A-098560,19-07-2024,31-12-2026,Enterprise,3,597,7164,False,False,False,False,annual,True,78.0,32778.0,7.0,A-098560,2.0,3.0,1.0
A-098560,Company_349,DevTools,UK,21-10-2023,ads,Enterprise,1,False,1,S-daf6aa,A-098560,27-10-2024,31-12-2026,Basic,40,760,9120,False,False,False,False,monthly,True,44.0,17691.0,1.0,A-098560,2.0,3.0,1.0
A-098560,Company_349,DevTools,UK,21-10-2023,ads,Enterprise,1,False,1,S-0337da,A-098560,02-09-2024,31-12-2026,Enterprise,29,5771,69252,False,False,False,False,monthly,True,108.0,39573.0,1.0,A-098560,2.0,3.0,1.0
A-82861f,Company_350,DevTools,UK,25-04-2024,organic,Basic,41,False,0,S-09cdac,A-82861f,31-07-2024,04-09-2024,Basic,41,779,9348,False,False,False,True,annual,True,101.0,25108.0,15.0,A-82861f,5.0,3.2,0.0
A-82861f,Company_350,DevTools,UK,25-04-2024,organic,Basic,41,False,0,S-53f831,A-82861f,29-07-2024,31-12-2026,Basic,41,779,9348,False,False,False,False,monthly,False,41.0,10321.0,5.0,A-82861f,5.0,3.2,0.0
A-82861f,Company_350,DevTools,UK,25-04-2024,organic,Basic,41,False,0,S-c51ab8,A-82861f,19-11-2024,31-12-2026,Enterprise,41,8159,97908,False,False,False,False,annual,False,56.0,15715.0,6.0,A-82861f,5.0,3.2,0.0
A-82861f,Company_350,DevTools,UK,25-04-2024,organic,Basic,41,False,0,S-8451e7,A-82861f,04-10-2024,31-12-2026,Enterprise,41,8159,97908,False,False,False,False,annual,True,35.0,8148.0,2.0,A-82861f,5.0,3.2,0.0
A-82861f,Company_350,DevTools,UK,25-04-2024,organic,Basic,41,False,0,S-5d434f,A-82861f,18-05-2024,31-12-2026,Pro,41,2009,24108,False,False,False,False,monthly,True,30.0,9240.0,3.0,A-82861f,5.0,3.2,0.0
A-82861f,Company_350,DevTools,UK,25-04-2024,organic,Basic,41,False,0,S-1c406a,A-82861f,10-07-2024,31-12-2026,Enterprise,53,10547,126564,False,False,False,False,monthly,True,40.0,11852.0,5.0,A-82861f,5.0,3.2,0.0
A-82861f,Company_350,DevTools,UK,25-04-2024,organic,Basic,41,False,0,S-766d8b,A-82861f,27-05-2024,15-11-2024,Enterprise,41,8159,97908,False,False,False,True,monthly,True,40.0,13823.0,4.0,A-82861f,5.0,3.2,0.0
A-82861f,Company_350,DevTools,UK,25-04-2024,organic,Basic,41,False,0,S-6696a0,A-82861f,04-08-2024,31-12-2026,Basic,41,779,9348,False,False,False,False,monthly,True,58.0,19813.0,1.0,A-82861f,5.0,3.2,0.0
A-82861f,Company_350,DevTools,UK,25-04-2024,organic,Basic,41,False,0,S-f94b9b,A-82861f,16-10-2024,08-11-2024,Pro,41,2009,24108,False,False,False,True,annual,True,17.0,2653.0,0.0,A-82861f,5.0,3.2,0.0
A-82861f,Company_350,DevTools,UK,25-04-2024,organic,Basic,41,False,0,S-97bc99,A-82861f,25-05-2024,31-12-2026,Pro,46,2254,27048,False,False,False,False,annual,True,44.0,14200.0,2.0,A-82861f,5.0,3.2,0.0
A-94c3cd,Company_351,FinTech,CA,20-09-2023,other,Enterprise,32,False,0,S-3e6a40,A-94c3cd,07-08-2024,31-12-2026,Enterprise,32,0,0,True,False,False,False,monthly,True,38.0,16583.0,6.0,A-94c3cd,4.0,1.75,1.0
A-94c3cd,Company_351,FinTech,CA,20-09-2023,other,Enterprise,32,False,0,S-7501c9,A-94c3cd,23-11-2024,31-12-2026,Pro,32,0,0,True,False,False,False,monthly,True,54.0,16150.0,4.0,A-94c3cd,4.0,1.75,1.0
A-94c3cd,Company_351,FinTech,CA,20-09-2023,other,Enterprise,32,False,0,S-91419b,A-94c3cd,19-07-2024,31-12-2026,Pro,37,1813,21756,False,False,False,False,annual,False,51.0,16941.0,2.0,A-94c3cd,4.0,1.75,1.0
A-94c3cd,Company_351,FinTech,CA,20-09-2023,other,Enterprise,32,False,0,S-5c2991,A-94c3cd,06-01-2024,31-12-2026,Enterprise,32,0,0,True,False,False,False,annual,True,79.0,30044.0,4.0,A-94c3cd,4.0,1.75,1.0
A-94c3cd,Company_351,FinTech,CA,20-09-2023,other,Enterprise,32,False,0,S-c43200,A-94c3cd,15-12-2024,31-12-2026,Enterprise,32,6368,76416,False,False,False,False,monthly,True,50.0,16098.0,0.0,A-94c3cd,4.0,1.75,1.0
A-94c3cd,Company_351,FinTech,CA,20-09-2023,other,Enterprise,32,False,0,S-a5a9b8,A-94c3cd,29-09-2024,31-12-2026,Basic,45,855,10260,False,False,False,False,annual,False,34.0,8381.0,2.0,A-94c3cd,4.0,1.75,1.0
A-a33200,Company_352,HealthTech,US,15-09-2024,partner,Basic,29,False,0,S-18f829,A-a33200,16-11-2024,31-12-2026,Pro,36,1764,21168,False,True,False,False,annual,True,32.0,5919.0,3.0,A-a33200,3.0,3.0,0.0
A-a33200,Company_352,HealthTech,US,15-09-2024,partner,Basic,29,False,0,S-a88726,A-a33200,30-11-2024,31-12-2026,Basic,29,551,6612,False,False,False,False,annual,True,40.0,11368.0,6.0,A-a33200,3.0,3.0,0.0
A-a33200,Company_352,HealthTech,US,15-09-2024,partner,Basic,29,False,0,S-8e602b,A-a33200,26-10-2024,31-12-2026,Pro,29,1421,17052,False,False,False,False,monthly,False,49.0,11393.0,0.0,A-a33200,3.0,3.0,0.0
A-a33200,Company_352,HealthTech,US,15-09-2024,partner,Basic,29,False,0,S-6d96c9,A-a33200,14-10-2024,31-12-2026,Pro,29,1421,17052,False,False,False,False,monthly,True,39.0,14032.0,2.0,A-a33200,3.0,3.0,0.0
A-a33200,Company_352,HealthTech,US,15-09-2024,partner,Basic,29,False,0,S-1d7003,A-a33200,27-09-2024,31-12-2026,Enterprise,29,5771,69252,False,False,False,False,monthly,True,26.0,6198.0,3.0,A-a33200,3.0,3.0,0.0
A-a33200,Company_352,HealthTech,US,15-09-2024,partner,Basic,29,False,0,S-decbf7,A-a33200,26-11-2024,31-12-2026,Enterprise,29,5771,69252,False,False,False,False,annual,False,14.0,4294.0,0.0,A-a33200,3.0,3.0,0.0
A-a33200,Company_352,HealthTech,US,15-09-2024,partner,Basic,29,False,0,S-6c7227,A-a33200,14-12-2024,31-12-2026,Pro,51,2499,29988,False,False,False,False,monthly,True,45.0,16642.0,0.0,A-a33200,3.0,3.0,0.0
A-a33200,Company_352,HealthTech,US,15-09-2024,partner,Basic,29,False,0,S-7e44b0,A-a33200,14-10-2024,31-12-2026,Pro,29,1421,17052,False,False,False,False,annual,False,30.0,7842.0,1.0,A-a33200,3.0,3.0,0.0
A-a33200,Company_352,HealthTech,US,15-09-2024,partner,Basic,29,False,0,S-ba228b,A-a33200,20-12-2024,31-12-2026,Basic,29,551,6612,False,False,False,False,monthly,True,51.0,19212.0,0.0,A-a33200,3.0,3.0,0.0
A-a33200,Company_352,HealthTech,US,15-09-2024,partner,Basic,29,False,0,S-da9d5f,A-a33200,21-10-2024,31-12-2026,Basic,29,551,6612,False,False,False,False,annual,True,78.0,19364.0,9.0,A-a33200,3.0,3.0,0.0
A-a33200,Company_352,HealthTech,US,15-09-2024,partner,Basic,29,False,0,S-4e63e7,A-a33200,25-10-2024,24-11-2024,Enterprise,29,5771,69252,False,False,False,True,annual,True,76.0,18608.0,1.0,A-a33200,3.0,3.0,0.0
A-a33200,Company_352,HealthTech,US,15-09-2024,partner,Basic,29,False,0,S-c65456,A-a33200,26-09-2024,31-12-2026,Pro,29,1421,17052,False,False,False,False,annual,True,37.0,16125.0,1.0,A-a33200,3.0,3.0,0.0
A-034368,Company_353,EdTech,US,05-11-2023,event,Enterprise,19,False,0,S-c77f0c,A-034368,29-11-2024,31-12-2026,Basic,29,551,6612,False,False,False,False,monthly,False,35.0,11764.0,5.0,A-034368,5.0,1.6,0.0
A-034368,Company_353,EdTech,US,05-11-2023,event,Enterprise,19,False,0,S-cc80ee,A-034368,12-12-2024,31-12-2026,Enterprise,23,4577,54924,False,False,False,False,monthly,True,71.0,22013.0,8.0,A-034368,5.0,1.6,0.0
A-034368,Company_353,EdTech,US,05-11-2023,event,Enterprise,19,False,0,S-8f2b13,A-034368,14-10-2024,31-12-2026,Enterprise,28,5572,66864,False,False,False,False,annual,True,73.0,23752.0,5.0,A-034368,5.0,1.6,0.0
A-034368,Company_353,EdTech,US,05-11-2023,event,Enterprise,19,False,0,S-2a312e,A-034368,21-06-2024,31-12-2026,Basic,26,494,5928,False,False,False,False,monthly,True,35.0,8435.0,5.0,A-034368,5.0,1.6,0.0
A-034368,Company_353,EdTech,US,05-11-2023,event,Enterprise,19,False,0,S-639754,A-034368,14-12-2023,31-12-2026,Basic,19,0,0,True,False,False,False,monthly,True,51.0,14459.0,2.0,A-034368,5.0,1.6,0.0
A-b54c01,Company_354,DevTools,US,29-09-2024,event,Enterprise,29,False,0,S-47a04b,A-b54c01,07-10-2024,31-12-2026,Pro,29,0,0,True,False,False,False,annual,True,53.0,21614.0,0.0,A-b54c01,5.0,1.2,0.0
A-b54c01,Company_354,DevTools,US,29-09-2024,event,Enterprise,29,False,0,S-175429,A-b54c01,23-12-2024,31-12-2026,Basic,29,551,6612,False,False,False,False,annual,False,69.0,20351.0,6.0,A-b54c01,5.0,1.2,0.0
A-b54c01,Company_354,DevTools,US,29-09-2024,event,Enterprise,29,False,0,S-b69d76,A-b54c01,28-10-2024,31-12-2026,Pro,29,1421,17052,False,False,False,False,monthly,True,47.0,14402.0,5.0,A-b54c01,5.0,1.2,0.0
A-b54c01,Company_354,DevTools,US,29-09-2024,event,Enterprise,29,False,0,S-81510a,A-b54c01,29-10-2024,31-12-2026,Pro,29,1421,17052,False,False,False,False,annual,True,57.0,8606.0,6.0,A-b54c01,5.0,1.2,0.0
A-d82ef9,Company_355,EdTech,UK,02-07-2024,other,Basic,26,False,1,S-02af5d,A-d82ef9,07-08-2024,31-12-2026,Enterprise,26,0,0,True,False,False,False,annual,True,29.0,8163.0,0.0,A-d82ef9,5.0,3.4,1.0
A-d82ef9,Company_355,EdTech,UK,02-07-2024,other,Basic,26,False,1,S-3edc14,A-d82ef9,04-10-2024,31-12-2026,Pro,26,0,0,True,False,False,False,annual,True,79.0,27802.0,1.0,A-d82ef9,5.0,3.4,1.0
A-d82ef9,Company_355,EdTech,UK,02-07-2024,other,Basic,26,False,1,S-006908,A-d82ef9,28-09-2024,31-12-2026,Pro,26,1274,15288,False,False,True,False,monthly,True,13.0,403.0,1.0,A-d82ef9,5.0,3.4,1.0
A-d82ef9,Company_355,EdTech,UK,02-07-2024,other,Basic,26,False,1,S-631547,A-d82ef9,28-11-2024,31-12-2026,Basic,26,0,0,True,False,False,False,annual,False,84.0,26334.0,4.0,A-d82ef9,5.0,3.4,1.0
A-d82ef9,Company_355,EdTech,UK,02-07-2024,other,Basic,26,False,1,S-4ed997,A-d82ef9,23-10-2024,31-12-2026,Pro,26,1274,15288,False,False,False,False,annual,True,83.0,30185.0,7.0,A-d82ef9,5.0,3.4,1.0
A-d82ef9,Company_355,EdTech,UK,02-07-2024,other,Basic,26,False,1,S-25b756,A-d82ef9,30-07-2024,31-12-2026,Pro,58,2842,34104,False,True,False,False,annual,True,49.0,13316.0,0.0,A-d82ef9,5.0,3.4,1.0
A-d82ef9,Company_355,EdTech,UK,02-07-2024,other,Basic,26,False,1,S-20952f,A-d82ef9,10-09-2024,31-12-2026,Pro,26,1274,15288,False,False,False,False,annual,True,92.0,21258.0,10.0,A-d82ef9,5.0,3.4,1.0
A-d82ef9,Company_355,EdTech,UK,02-07-2024,other,Basic,26,False,1,S-5aff5f,A-d82ef9,30-11-2024,31-12-2026,Basic,26,494,5928,False,False,False,False,monthly,True,24.0,3672.0,9.0,A-d82ef9,5.0,3.4,1.0
A-d82ef9,Company_355,EdTech,UK,02-07-2024,other,Basic,26,False,1,S-e53224,A-d82ef9,25-08-2024,31-12-2026,Pro,26,0,0,True,False,True,False,annual,True,28.0,6983.0,0.0,A-d82ef9,5.0,3.4,1.0
A-d82ef9,Company_355,EdTech,UK,02-07-2024,other,Basic,26,False,1,S-84e146,A-d82ef9,21-07-2024,24-11-2024,Basic,53,1007,12084,False,False,False,True,monthly,True,41.0,12944.0,0.0,A-d82ef9,5.0,3.4,1.0
A-d82ef9,Company_355,EdTech,UK,02-07-2024,other,Basic,26,False,1,S-04d260,A-d82ef9,14-07-2024,31-12-2026,Pro,26,0,0,True,False,False,False,annual,False,43.0,12133.0,1.0,A-d82ef9,5.0,3.4,1.0
A-d82ef9,Company_355,EdTech,UK,02-07-2024,other,Basic,26,False,1,S-c3ecd8,A-d82ef9,30-10-2024,31-12-2026,Basic,26,494,5928,False,False,False,False,monthly,False,43.0,9668.0,7.0,A-d82ef9,5.0,3.4,1.0
A-d82ef9,Company_355,EdTech,UK,02-07-2024,other,Basic,26,False,1,S-2f998d,A-d82ef9,14-11-2024,31-12-2026,Basic,26,494,5928,False,False,False,False,annual,False,21.0,8131.0,3.0,A-d82ef9,5.0,3.4,1.0
A-d82ef9,Company_355,EdTech,UK,02-07-2024,other,Basic,26,False,1,S-1d3a93,A-d82ef9,10-08-2024,31-12-2026,Enterprise,26,5174,62088,False,False,False,False,monthly,False,50.0,13030.0,3.0,A-d82ef9,5.0,3.4,1.0
A-bb2f49,Company_356,Cybersecurity,US,28-05-2023,other,Pro,8,False,0,S-aff55c,A-bb2f49,14-01-2024,29-12-2024,Pro,8,0,0,True,False,False,True,monthly,True,64.0,18823.0,2.0,A-bb2f49,3.0,2.6666666666666665,0.0
A-bb2f49,Company_356,Cybersecurity,US,28-05-2023,other,Pro,8,False,0,S-979365,A-bb2f49,29-06-2023,31-12-2026,Pro,68,3332,39984,False,False,True,False,monthly,True,90.0,30265.0,9.0,A-bb2f49,3.0,2.6666666666666665,0.0
A-bb2f49,Company_356,Cybersecurity,US,28-05-2023,other,Pro,8,False,0,S-b84175,A-bb2f49,26-10-2023,31-12-2026,Pro,9,441,5292,False,False,False,False,monthly,True,38.0,13251.0,0.0,A-bb2f49,3.0,2.6666666666666665,0.0
A-bb2f49,Company_356,Cybersecurity,US,28-05-2023,other,Pro,8,False,0,S-294fb2,A-bb2f49,26-07-2023,31-12-2026,Enterprise,49,9751,117012,False,False,False,False,annual,True,79.0,26908.0,2.0,A-bb2f49,3.0,2.6666666666666665,0.0
A-bb2f49,Company_356,Cybersecurity,US,28-05-2023,other,Pro,8,False,0,S-85c06f,A-bb2f49,13-12-2023,31-12-2026,Enterprise,8,1592,19104,False,True,False,False,annual,True,40.0,16869.0,5.0,A-bb2f49,3.0,2.6666666666666665,0.0
A-bb2f49,Company_356,Cybersecurity,US,28-05-2023,other,Pro,8,False,0,S-4911f9,A-bb2f49,07-12-2024,31-12-2026,Basic,8,152,1824,False,False,False,False,annual,True,59.0,20270.0,3.0,A-bb2f49,3.0,2.6666666666666665,0.0
A-bb2f49,Company_356,Cybersecurity,US,28-05-2023,other,Pro,8,False,0,S-c341e1,A-bb2f49,04-09-2024,31-12-2026,Pro,14,686,8232,False,False,False,False,monthly,True,23.0,7162.0,4.0,A-bb2f49,3.0,2.6666666666666665,0.0
A-bb2f49,Company_356,Cybersecurity,US,28-05-2023,other,Pro,8,False,0,S-e505f2,A-bb2f49,15-06-2024,31-12-2026,Pro,35,1715,20580,False,False,False,False,annual,True,74.0,16754.0,5.0,A-bb2f49,3.0,2.6666666666666665,0.0
A-bb2f49,Company_356,Cybersecurity,US,28-05-2023,other,Pro,8,False,0,S-e44831,A-bb2f49,26-12-2024,31-12-2026,Pro,28,1372,16464,False,False,False,False,monthly,False,74.0,19334.0,5.0,A-bb2f49,3.0,2.6666666666666665,0.0
A-bb2f49,Company_356,Cybersecurity,US,28-05-2023,other,Pro,8,False,0,S-20f1bd,A-bb2f49,16-02-2024,31-12-2026,Pro,16,784,9408,False,False,False,False,monthly,True,32.0,7521.0,4.0,A-bb2f49,3.0,2.6666666666666665,0.0
A-bb2f49,Company_356,Cybersecurity,US,28-05-2023,other,Pro,8,False,0,S-e93577,A-bb2f49,14-11-2024,31-12-2026,Pro,85,4165,49980,False,True,False,False,monthly,True,45.0,12913.0,3.0,A-bb2f49,3.0,2.6666666666666665,0.0
A-1f559b,Company_357,HealthTech,US,04-09-2023,organic,Enterprise,5,True,1,S-1a5fa7,A-1f559b,27-02-2024,31-12-2026,Enterprise,26,5174,62088,False,False,False,False,annual,False,59.0,15736.0,0.0,A-1f559b,5.0,4.2,0.0
A-1f559b,Company_357,HealthTech,US,04-09-2023,organic,Enterprise,5,True,1,S-ddf5ff,A-1f559b,21-06-2024,29-09-2024,Basic,58,1102,13224,False,False,False,True,monthly,False,51.0,12327.0,1.0,A-1f559b,5.0,4.2,0.0
A-1f559b,Company_357,HealthTech,US,04-09-2023,organic,Enterprise,5,True,1,S-e3b379,A-1f559b,08-02-2024,31-12-2026,Basic,13,247,2964,False,False,True,False,monthly,True,27.0,11052.0,3.0,A-1f559b,5.0,4.2,0.0
A-1f559b,Company_357,HealthTech,US,04-09-2023,organic,Enterprise,5,True,1,S-6754a4,A-1f559b,17-10-2024,31-12-2026,Basic,10,190,2280,False,False,False,False,annual,False,57.0,22513.0,6.0,A-1f559b,5.0,4.2,0.0
A-1f559b,Company_357,HealthTech,US,04-09-2023,organic,Enterprise,5,True,1,S-a2f231,A-1f559b,21-04-2024,31-12-2026,Pro,59,2891,34692,False,False,False,False,monthly,False,43.0,12182.0,2.0,A-1f559b,5.0,4.2,0.0
A-1f559b,Company_357,HealthTech,US,04-09-2023,organic,Enterprise,5,True,1,S-76bf6c,A-1f559b,21-12-2023,31-12-2026,Pro,5,245,2940,False,False,False,False,annual,True,31.0,6225.0,3.0,A-1f559b,5.0,4.2,0.0
A-1f559b,Company_357,HealthTech,US,04-09-2023,organic,Enterprise,5,True,1,S-dacbda,A-1f559b,25-07-2024,31-12-2026,Pro,18,882,10584,False,False,False,False,monthly,True,49.0,21720.0,2.0,A-1f559b,5.0,4.2,0.0
A-1f559b,Company_357,HealthTech,US,04-09-2023,organic,Enterprise,5,True,1,S-d26ee3,A-1f559b,12-12-2023,24-05-2024,Basic,16,304,3648,False,False,False,True,monthly,True,33.0,5573.0,5.0,A-1f559b,5.0,4.2,0.0
A-1f559b,Company_357,HealthTech,US,04-09-2023,organic,Enterprise,5,True,1,S-f690e0,A-1f559b,25-07-2024,31-12-2026,Basic,7,133,1596,False,False,False,False,monthly,True,21.0,1255.0,0.0,A-1f559b,5.0,4.2,0.0
A-1f559b,Company_357,HealthTech,US,04-09-2023,organic,Enterprise,5,True,1,S-ed4475,A-1f559b,27-06-2024,31-12-2026,Pro,12,588,7056,False,False,False,False,annual,True,29.0,8684.0,5.0,A-1f559b,5.0,4.2,0.0
A-5a215a,Company_358,EdTech,FR,05-01-2024,other,Enterprise,87,False,0,S-8324d4,A-5a215a,13-07-2024,03-08-2024,Pro,87,0,0,True,False,False,True,monthly,True,55.0,24682.0,2.0,A-5a215a,4.0,3.0,0.0
A-5a215a,Company_358,EdTech,FR,05-01-2024,other,Enterprise,87,False,0,S-838330,A-5a215a,20-06-2024,31-12-2026,Pro,87,0,0,True,False,False,False,annual,False,97.0,20899.0,8.0,A-5a215a,4.0,3.0,0.0
A-5a215a,Company_358,EdTech,FR,05-01-2024,other,Enterprise,87,False,0,S-93f835,A-5a215a,11-02-2024,31-12-2026,Pro,87,4263,51156,False,True,False,False,monthly,True,68.0,18798.0,0.0,A-5a215a,4.0,3.0,0.0
A-5a215a,Company_358,EdTech,FR,05-01-2024,other,Enterprise,87,False,0,S-878fe0,A-5a215a,10-12-2024,31-12-2026,Pro,87,4263,51156,False,False,False,False,annual,True,34.0,11626.0,4.0,A-5a215a,4.0,3.0,0.0
A-5a215a,Company_358,EdTech,FR,05-01-2024,other,Enterprise,87,False,0,S-5da6e7,A-5a215a,29-07-2024,19-09-2024,Pro,87,4263,51156,False,False,False,True,annual,True,57.0,20459.0,11.0,A-5a215a,4.0,3.0,0.0
A-5a215a,Company_358,EdTech,FR,05-01-2024,other,Enterprise,87,False,0,S-5bb58e,A-5a215a,31-01-2024,31-12-2026,Basic,87,1653,19836,False,False,False,False,annual,False,19.0,4310.0,4.0,A-5a215a,4.0,3.0,0.0
A-5a215a,Company_358,EdTech,FR,05-01-2024,other,Enterprise,87,False,0,S-2223bf,A-5a215a,23-10-2024,26-11-2024,Pro,87,4263,51156,False,False,False,True,monthly,True,42.0,17287.0,4.0,A-5a215a,4.0,3.0,0.0
A-5a215a,Company_358,EdTech,FR,05-01-2024,other,Enterprise,87,False,0,S-3781d0,A-5a215a,10-05-2024,06-12-2024,Enterprise,87,17313,207756,False,False,False,True,annual,True,32.0,10204.0,4.0,A-5a215a,4.0,3.0,0.0
A-5a215a,Company_358,EdTech,FR,05-01-2024,other,Enterprise,87,False,0,S-75cba6,A-5a215a,18-09-2024,31-12-2026,Enterprise,87,17313,207756,False,False,False,False,monthly,True,30.0,8608.0,10.0,A-5a215a,4.0,3.0,0.0
A-5a215a,Company_358,EdTech,FR,05-01-2024,other,Enterprise,87,False,0,S-704cf3,A-5a215a,24-11-2024,31-12-2026,Basic,87,1653,19836,False,False,False,False,monthly,True,49.0,16061.0,2.0,A-5a215a,4.0,3.0,0.0
A-5a215a,Company_358,EdTech,FR,05-01-2024,other,Enterprise,87,False,0,S-d8fa45,A-5a215a,18-10-2024,31-12-2026,Basic,87,1653,19836,False,False,False,False,monthly,True,41.0,18242.0,2.0,A-5a215a,4.0,3.0,0.0
A-5a215a,Company_358,EdTech,FR,05-01-2024,other,Enterprise,87,False,0,S-ca1cb9,A-5a215a,16-09-2024,13-11-2024,Enterprise,87,17313,207756,False,False,False,True,annual,False,17.0,8395.0,0.0,A-5a215a,4.0,3.0,0.0
A-5a215a,Company_358,EdTech,FR,05-01-2024,other,Enterprise,87,False,0,S-0144ac,A-5a215a,13-03-2024,31-12-2026,Enterprise,87,17313,207756,False,False,False,False,monthly,True,30.0,9981.0,0.0,A-5a215a,4.0,3.0,0.0
A-5a215a,Company_358,EdTech,FR,05-01-2024,other,Enterprise,87,False,0,S-a46dd4,A-5a215a,18-09-2024,31-12-2026,Enterprise,87,17313,207756,False,False,False,False,annual,True,51.0,18088.0,3.0,A-5a215a,4.0,3.0,0.0
A-5a215a,Company_358,EdTech,FR,05-01-2024,other,Enterprise,87,False,0,S-e04d93,A-5a215a,27-05-2024,30-12-2024,Enterprise,87,17313,207756,False,False,False,True,monthly,True,62.0,20543.0,6.0,A-5a215a,4.0,3.0,0.0
A-5a215a,Company_358,EdTech,FR,05-01-2024,other,Enterprise,87,False,0,S-22c99d,A-5a215a,08-03-2024,31-12-2026,Enterprise,87,0,0,True,False,False,False,monthly,True,0.0,0.0,0.0,A-5a215a,4.0,3.0,0.0
A-5a215a,Company_358,EdTech,FR,05-01-2024,other,Enterprise,87,False,0,S-81fc45,A-5a215a,05-02-2024,31-12-2026,Pro,87,0,0,True,False,False,False,annual,True,77.0,27178.0,6.0,A-5a215a,4.0,3.0,0.0
A-5a215a,Company_358,EdTech,FR,05-01-2024,other,Enterprise,87,False,0,S-88f1be,A-5a215a,10-07-2024,31-12-2026,Pro,87,4263,51156,False,True,False,False,annual,True,46.0,16291.0,5.0,A-5a215a,4.0,3.0,0.0
A-3f9cc0,Company_359,HealthTech,US,03-06-2024,event,Basic,22,False,0,S-6bea24,A-3f9cc0,06-07-2024,31-12-2026,Basic,22,0,0,True,False,False,False,monthly,True,51.0,8580.0,5.0,A-3f9cc0,5.0,1.8,1.0
A-3f9cc0,Company_359,HealthTech,US,03-06-2024,event,Basic,22,False,0,S-7536e5,A-3f9cc0,25-06-2024,31-12-2026,Basic,22,418,5016,False,False,False,False,annual,True,37.0,12220.0,3.0,A-3f9cc0,5.0,1.8,1.0
A-3f9cc0,Company_359,HealthTech,US,03-06-2024,event,Basic,22,False,0,S-86ed20,A-3f9cc0,25-07-2024,31-12-2026,Enterprise,22,4378,52536,False,False,False,False,monthly,False,53.0,17301.0,1.0,A-3f9cc0,5.0,1.8,1.0
A-3f9cc0,Company_359,HealthTech,US,03-06-2024,event,Basic,22,False,0,S-27514e,A-3f9cc0,21-07-2024,31-12-2026,Basic,22,418,5016,False,False,True,False,monthly,True,6.0,156.0,2.0,A-3f9cc0,5.0,1.8,1.0
A-3f9cc0,Company_359,HealthTech,US,03-06-2024,event,Basic,22,False,0,S-0bf451,A-3f9cc0,24-06-2024,31-12-2026,Enterprise,22,4378,52536,False,True,False,False,annual,True,85.0,28665.0,3.0,A-3f9cc0,5.0,1.8,1.0
A-3f9cc0,Company_359,HealthTech,US,03-06-2024,event,Basic,22,False,0,S-e57a7d,A-3f9cc0,23-06-2024,31-12-2026,Enterprise,22,4378,52536,False,False,True,False,annual,False,68.0,18787.0,6.0,A-3f9cc0,5.0,1.8,1.0
A-3f9cc0,Company_359,HealthTech,US,03-06-2024,event,Basic,22,False,0,S-d1fb2e,A-3f9cc0,04-08-2024,31-12-2026,Enterprise,30,5970,71640,False,False,False,False,monthly,True,107.0,38612.0,4.0,A-3f9cc0,5.0,1.8,1.0
A-f9cc74,Company_360,DevTools,FR,12-10-2024,partner,Enterprise,30,True,0,S-017e33,A-f9cc74,08-11-2024,25-11-2024,Basic,53,1007,12084,False,False,False,True,monthly,True,61.0,18792.0,7.0,A-f9cc74,6.0,3.3333333333333335,0.0
A-f9cc74,Company_360,DevTools,FR,12-10-2024,partner,Enterprise,30,True,0,S-e33883,A-f9cc74,22-12-2024,31-12-2026,Pro,30,0,0,True,False,False,False,monthly,True,55.0,17292.0,1.0,A-f9cc74,6.0,3.3333333333333335,0.0
A-f9cc74,Company_360,DevTools,FR,12-10-2024,partner,Enterprise,30,True,0,S-0d391c,A-f9cc74,09-12-2024,31-12-2026,Enterprise,30,0,0,True,False,False,False,monthly,True,33.0,12944.0,3.0,A-f9cc74,6.0,3.3333333333333335,0.0
A-f9cc74,Company_360,DevTools,FR,12-10-2024,partner,Enterprise,30,True,0,S-7d43e0,A-f9cc74,12-10-2024,31-12-2026,Enterprise,30,5970,71640,False,False,False,False,monthly,True,24.0,4444.0,1.0,A-f9cc74,6.0,3.3333333333333335,0.0
A-f9cc74,Company_360,DevTools,FR,12-10-2024,partner,Enterprise,30,True,0,S-6c9763,A-f9cc74,29-11-2024,31-12-2026,Basic,30,570,6840,False,False,False,False,annual,True,78.0,15351.0,0.0,A-f9cc74,6.0,3.3333333333333335,0.0
A-f9cc74,Company_360,DevTools,FR,12-10-2024,partner,Enterprise,30,True,0,S-c76699,A-f9cc74,26-11-2024,31-12-2026,Basic,30,570,6840,False,False,False,False,monthly,False,62.0,9379.0,0.0,A-f9cc74,6.0,3.3333333333333335,0.0
A-f9cc74,Company_360,DevTools,FR,12-10-2024,partner,Enterprise,30,True,0,S-19950d,A-f9cc74,28-10-2024,31-12-2026,Pro,30,1470,17640,False,False,False,False,annual,False,87.0,23622.0,6.0,A-f9cc74,6.0,3.3333333333333335,0.0
A-f9cc74,Company_360,DevTools,FR,12-10-2024,partner,Enterprise,30,True,0,S-78172b,A-f9cc74,30-10-2024,31-12-2026,Enterprise,30,5970,71640,False,False,False,False,monthly,True,15.0,5601.0,0.0,A-f9cc74,6.0,3.3333333333333335,0.0
A-f9cc74,Company_360,DevTools,FR,12-10-2024,partner,Enterprise,30,True,0,S-d90352,A-f9cc74,05-12-2024,31-12-2026,Enterprise,30,0,0,True,True,False,False,annual,True,24.0,9544.0,2.0,A-f9cc74,6.0,3.3333333333333335,0.0
A-f9cc74,Company_360,DevTools,FR,12-10-2024,partner,Enterprise,30,True,0,S-67acc8,A-f9cc74,09-11-2024,31-12-2026,Pro,30,0,0,True,False,False,False,monthly,True,45.0,13857.0,2.0,A-f9cc74,6.0,3.3333333333333335,0.0
A-ed510f,Company_361,Cybersecurity,IN,17-01-2023,partner,Basic,42,False,0,S-1ad0ca,A-ed510f,09-04-2024,31-12-2026,Enterprise,42,8358,100296,False,False,False,False,annual,True,50.0,18931.0,8.0,A-ed510f,9.0,1.7777777777777777,0.0
A-ed510f,Company_361,Cybersecurity,IN,17-01-2023,partner,Basic,42,False,0,S-90525e,A-ed510f,21-04-2024,31-12-2026,Enterprise,42,8358,100296,False,False,False,False,annual,True,30.0,4638.0,2.0,A-ed510f,9.0,1.7777777777777777,0.0
A-ed510f,Company_361,Cybersecurity,IN,17-01-2023,partner,Basic,42,False,0,S-709b46,A-ed510f,09-03-2023,31-12-2026,Pro,42,2058,24696,False,False,False,False,annual,False,45.0,10557.0,4.0,A-ed510f,9.0,1.7777777777777777,0.0
A-ed510f,Company_361,Cybersecurity,IN,17-01-2023,partner,Basic,42,False,0,S-4f81c2,A-ed510f,18-09-2024,31-12-2026,Pro,42,2058,24696,False,False,False,False,monthly,False,33.0,9827.0,0.0,A-ed510f,9.0,1.7777777777777777,0.0
A-ed510f,Company_361,Cybersecurity,IN,17-01-2023,partner,Basic,42,False,0,S-3d4f7a,A-ed510f,21-12-2024,31-12-2026,Pro,42,2058,24696,False,False,False,False,monthly,True,27.0,11285.0,0.0,A-ed510f,9.0,1.7777777777777777,0.0
A-ed510f,Company_361,Cybersecurity,IN,17-01-2023,partner,Basic,42,False,0,S-2b2fa8,A-ed510f,16-05-2024,31-12-2026,Pro,42,2058,24696,False,True,False,False,annual,True,89.0,28947.0,4.0,A-ed510f,9.0,1.7777777777777777,0.0
A-ed510f,Company_361,Cybersecurity,IN,17-01-2023,partner,Basic,42,False,0,S-fd12a3,A-ed510f,17-07-2023,09-10-2023,Basic,42,798,9576,False,False,False,True,annual,False,20.0,7332.0,0.0,A-ed510f,9.0,1.7777777777777777,0.0
A-ed510f,Company_361,Cybersecurity,IN,17-01-2023,partner,Basic,42,False,0,S-38bf32,A-ed510f,24-01-2024,31-12-2026,Pro,42,2058,24696,False,False,False,False,annual,True,78.0,29762.0,5.0,A-ed510f,9.0,1.7777777777777777,0.0
A-ed510f,Company_361,Cybersecurity,IN,17-01-2023,partner,Basic,42,False,0,S-046595,A-ed510f,28-12-2023,31-12-2026,Enterprise,42,8358,100296,False,True,False,False,annual,True,69.0,21725.0,4.0,A-ed510f,9.0,1.7777777777777777,0.0
A-ed510f,Company_361,Cybersecurity,IN,17-01-2023,partner,Basic,42,False,0,S-f8ee6e,A-ed510f,19-04-2023,31-12-2026,Enterprise,42,0,0,True,False,False,False,monthly,True,52.0,17740.0,1.0,A-ed510f,9.0,1.7777777777777777,0.0
A-5c9849,Company_362,EdTech,IN,03-11-2024,partner,Basic,19,False,0,S-d3faae,A-5c9849,12-11-2024,31-12-2026,Basic,19,361,4332,False,False,False,False,monthly,True,0.0,0.0,0.0,A-5c9849,4.0,0.0,1.0
A-5c9849,Company_362,EdTech,IN,03-11-2024,partner,Basic,19,False,0,S-fe6311,A-5c9849,11-11-2024,31-12-2026,Enterprise,19,0,0,True,False,False,False,monthly,True,38.0,7729.0,0.0,A-5c9849,4.0,0.0,1.0
A-5c9849,Company_362,EdTech,IN,03-11-2024,partner,Basic,19,False,0,S-e740b4,A-5c9849,10-11-2024,31-12-2026,Basic,65,1235,14820,False,False,False,False,monthly,True,118.0,45195.0,5.0,A-5c9849,4.0,0.0,1.0
A-5c9849,Company_362,EdTech,IN,03-11-2024,partner,Basic,19,False,0,S-771f7b,A-5c9849,30-11-2024,31-12-2026,Enterprise,62,12338,148056,False,False,False,False,annual,True,19.0,9115.0,0.0,A-5c9849,4.0,0.0,1.0
A-5c9849,Company_362,EdTech,IN,03-11-2024,partner,Basic,19,False,0,S-6bd30a,A-5c9849,01-12-2024,16-12-2024,Enterprise,91,18109,217308,False,False,False,True,monthly,True,72.0,30716.0,0.0,A-5c9849,4.0,0.0,1.0
A-5c9849,Company_362,EdTech,IN,03-11-2024,partner,Basic,19,False,0,S-c0127d,A-5c9849,03-12-2024,31-12-2026,Enterprise,19,0,0,True,False,False,False,monthly,True,51.0,11009.0,0.0,A-5c9849,4.0,0.0,1.0
A-5c9849,Company_362,EdTech,IN,03-11-2024,partner,Basic,19,False,0,S-a3dc1e,A-5c9849,04-12-2024,31-12-2026,Enterprise,19,0,0,True,True,False,False,monthly,True,42.0,10360.0,3.0,A-5c9849,4.0,0.0,1.0
A-5c9849,Company_362,EdTech,IN,03-11-2024,partner,Basic,19,False,0,S-a1901c,A-5c9849,10-12-2024,31-12-2026,Enterprise,19,3781,45372,False,False,False,False,monthly,False,57.0,12625.0,4.0,A-5c9849,4.0,0.0,1.0
A-5c9849,Company_362,EdTech,IN,03-11-2024,partner,Basic,19,False,0,S-240a09,A-5c9849,30-12-2024,31-12-2026,Pro,19,931,11172,False,True,False,False,monthly,False,76.0,24734.0,11.0,A-5c9849,4.0,0.0,1.0
A-a7bd4b,Company_363,Cybersecurity,US,15-02-2023,ads,Enterprise,5,False,0,S-9c4bcd,A-a7bd4b,14-05-2024,31-12-2026,Pro,5,245,2940,False,True,False,False,monthly,True,86.0,27809.0,2.0,A-a7bd4b,6.0,2.1666666666666665,0.0
A-a7bd4b,Company_363,Cybersecurity,US,15-02-2023,ads,Enterprise,5,False,0,S-592c0d,A-a7bd4b,13-06-2023,31-12-2026,Pro,5,0,0,True,False,False,False,annual,True,46.0,11402.0,0.0,A-a7bd4b,6.0,2.1666666666666665,0.0
A-a7bd4b,Company_363,Cybersecurity,US,15-02-2023,ads,Enterprise,5,False,0,S-704b48,A-a7bd4b,15-11-2023,10-10-2024,Enterprise,15,0,0,True,False,False,True,annual,False,34.0,2714.0,2.0,A-a7bd4b,6.0,2.1666666666666665,0.0
A-a7bd4b,Company_363,Cybersecurity,US,15-02-2023,ads,Enterprise,5,False,0,S-9a8f71,A-a7bd4b,19-03-2023,31-12-2026,Pro,8,392,4704,False,False,False,False,annual,True,66.0,19965.0,9.0,A-a7bd4b,6.0,2.1666666666666665,0.0
A-a7bd4b,Company_363,Cybersecurity,US,15-02-2023,ads,Enterprise,5,False,0,S-1d2d00,A-a7bd4b,18-09-2024,13-10-2024,Basic,9,171,2052,False,False,False,True,monthly,True,76.0,19494.0,5.0,A-a7bd4b,6.0,2.1666666666666665,0.0
A-a7bd4b,Company_363,Cybersecurity,US,15-02-2023,ads,Enterprise,5,False,0,S-e14e00,A-a7bd4b,05-10-2023,31-12-2026,Pro,6,294,3528,False,False,False,False,monthly,True,69.0,16430.0,5.0,A-a7bd4b,6.0,2.1666666666666665,0.0
A-a7bd4b,Company_363,Cybersecurity,US,15-02-2023,ads,Enterprise,5,False,0,S-a7d34e,A-a7bd4b,31-05-2024,31-12-2026,Pro,51,2499,29988,False,False,False,False,annual,True,36.0,10115.0,7.0,A-a7bd4b,6.0,2.1666666666666665,0.0
A-a7bd4b,Company_363,Cybersecurity,US,15-02-2023,ads,Enterprise,5,False,0,S-0aedf8,A-a7bd4b,13-01-2024,31-12-2026,Basic,48,912,10944,False,False,False,False,monthly,True,37.0,18444.0,3.0,A-a7bd4b,6.0,2.1666666666666665,0.0
A-a7bd4b,Company_363,Cybersecurity,US,15-02-2023,ads,Enterprise,5,False,0,S-9fc31d,A-a7bd4b,02-06-2024,31-10-2024,Enterprise,5,995,11940,False,False,False,True,annual,True,24.0,3324.0,0.0,A-a7bd4b,6.0,2.1666666666666665,0.0
A-a7bd4b,Company_363,Cybersecurity,US,15-02-2023,ads,Enterprise,5,False,0,S-fae195,A-a7bd4b,31-10-2023,31-12-2026,Basic,22,418,5016,False,True,False,False,annual,False,66.0,27713.0,2.0,A-a7bd4b,6.0,2.1666666666666665,0.0
A-a7bd4b,Company_363,Cybersecurity,US,15-02-2023,ads,Enterprise,5,False,0,S-711528,A-a7bd4b,25-09-2024,31-12-2026,Basic,18,342,4104,False,False,False,False,monthly,True,36.0,9362.0,2.0,A-a7bd4b,6.0,2.1666666666666665,0.0
A-d4ac0e,Company_364,DevTools,UK,20-04-2024,ads,Basic,18,False,0,S-37ed34,A-d4ac0e,07-07-2024,31-12-2026,Enterprise,20,3980,47760,False,False,False,False,annual,True,30.0,10263.0,4.0,A-d4ac0e,4.0,1.75,0.0
A-d4ac0e,Company_364,DevTools,UK,20-04-2024,ads,Basic,18,False,0,S-259804,A-d4ac0e,01-10-2024,31-12-2026,Basic,28,532,6384,False,False,False,False,annual,True,8.0,1720.0,2.0,A-d4ac0e,4.0,1.75,0.0
A-d4ac0e,Company_364,DevTools,UK,20-04-2024,ads,Basic,18,False,0,S-4fd9ba,A-d4ac0e,10-09-2024,31-12-2026,Basic,24,456,5472,False,True,False,False,monthly,True,34.0,12798.0,0.0,A-d4ac0e,4.0,1.75,0.0
A-d4ac0e,Company_364,DevTools,UK,20-04-2024,ads,Basic,18,False,0,S-9626f8,A-d4ac0e,25-08-2024,31-12-2026,Pro,18,882,10584,False,False,False,False,annual,True,7.0,2212.0,0.0,A-d4ac0e,4.0,1.75,0.0
A-d4ac0e,Company_364,DevTools,UK,20-04-2024,ads,Basic,18,False,0,S-c693b6,A-d4ac0e,09-08-2024,31-12-2026,Basic,27,513,6156,False,True,False,False,monthly,False,38.0,5968.0,0.0,A-d4ac0e,4.0,1.75,0.0
A-d4ac0e,Company_364,DevTools,UK,20-04-2024,ads,Basic,18,False,0,S-44d025,A-d4ac0e,29-11-2024,31-12-2026,Pro,18,882,10584,False,False,False,False,annual,True,25.0,7310.0,4.0,A-d4ac0e,4.0,1.75,0.0
A-d4ac0e,Company_364,DevTools,UK,20-04-2024,ads,Basic,18,False,0,S-f225d0,A-d4ac0e,19-05-2024,31-12-2026,Basic,18,342,4104,False,False,False,False,annual,True,23.0,3117.0,3.0,A-d4ac0e,4.0,1.75,0.0
A-d4ac0e,Company_364,DevTools,UK,20-04-2024,ads,Basic,18,False,0,S-f80617,A-d4ac0e,28-10-2024,16-12-2024,Basic,18,342,4104,False,False,False,True,annual,True,22.0,6287.0,3.0,A-d4ac0e,4.0,1.75,0.0
A-d4ac0e,Company_364,DevTools,UK,20-04-2024,ads,Basic,18,False,0,S-c9199e,A-d4ac0e,01-11-2024,31-12-2026,Pro,33,1617,19404,False,True,False,False,annual,True,95.0,18434.0,7.0,A-d4ac0e,4.0,1.75,0.0
A-d4ac0e,Company_364,DevTools,UK,20-04-2024,ads,Basic,18,False,0,S-fb95f2,A-d4ac0e,28-10-2024,31-12-2026,Enterprise,25,4975,59700,False,False,False,False,annual,True,42.0,13151.0,2.0,A-d4ac0e,4.0,1.75,0.0
A-d4ac0e,Company_364,DevTools,UK,20-04-2024,ads,Basic,18,False,0,S-da0c62,A-d4ac0e,02-07-2024,31-12-2026,Enterprise,21,0,0,True,False,False,False,monthly,True,76.0,29577.0,4.0,A-d4ac0e,4.0,1.75,0.0
A-d4ac0e,Company_364,DevTools,UK,20-04-2024,ads,Basic,18,False,0,S-375190,A-d4ac0e,01-06-2024,31-12-2026,Pro,25,1225,14700,False,False,False,False,monthly,True,17.0,6369.0,3.0,A-d4ac0e,4.0,1.75,0.0
A-d4ac0e,Company_364,DevTools,UK,20-04-2024,ads,Basic,18,False,0,S-f27134,A-d4ac0e,17-09-2024,31-12-2026,Basic,29,551,6612,False,False,False,False,annual,True,81.0,29735.0,3.0,A-d4ac0e,4.0,1.75,0.0
A-d4ac0e,Company_364,DevTools,UK,20-04-2024,ads,Basic,18,False,0,S-a113a2,A-d4ac0e,20-10-2024,31-12-2026,Enterprise,18,3582,42984,False,False,False,False,monthly,True,75.0,34834.0,4.0,A-d4ac0e,4.0,1.75,0.0
A-d4ac0e,Company_364,DevTools,UK,20-04-2024,ads,Basic,18,False,0,S-3909f9,A-d4ac0e,01-06-2024,31-12-2026,Pro,18,882,10584,False,False,False,False,annual,False,57.0,19624.0,7.0,A-d4ac0e,4.0,1.75,0.0
A-d4ac0e,Company_364,DevTools,UK,20-04-2024,ads,Basic,18,False,0,S-b76ba6,A-d4ac0e,14-12-2024,31-12-2026,Pro,18,882,10584,False,False,False,False,monthly,True,43.0,16083.0,5.0,A-d4ac0e,4.0,1.75,0.0
A-d4ac0e,Company_364,DevTools,UK,20-04-2024,ads,Basic,18,False,0,S-9211e5,A-d4ac0e,12-10-2024,31-12-2026,Enterprise,28,5572,66864,False,False,False,False,annual,True,41.0,9078.0,0.0,A-d4ac0e,4.0,1.75,0.0
A-d4ac0e,Company_364,DevTools,UK,20-04-2024,ads,Basic,18,False,0,S-93622a,A-d4ac0e,10-05-2024,31-12-2026,Basic,156,0,0,True,False,False,False,monthly,True,59.0,14789.0,1.0,A-d4ac0e,4.0,1.75,0.0
A-d4ac0e,Company_364,DevTools,UK,20-04-2024,ads,Basic,18,False,0,S-180859,A-d4ac0e,06-08-2024,31-12-2026,Basic,18,342,4104,False,False,False,False,monthly,True,20.0,4270.0,1.0,A-d4ac0e,4.0,1.75,0.0
A-ffdfd5,Company_365,EdTech,US,13-04-2024,organic,Basic,3,False,1,S-425607,A-ffdfd5,11-06-2024,31-12-2026,Basic,21,399,4788,False,False,False,False,annual,True,60.0,18571.0,4.0,0,0.0,0.0,0.0
A-ffdfd5,Company_365,EdTech,US,13-04-2024,organic,Basic,3,False,1,S-9b5be4,A-ffdfd5,23-10-2024,31-12-2026,Enterprise,4,796,9552,False,False,False,False,monthly,False,59.0,13308.0,2.0,0,0.0,0.0,0.0
A-ffdfd5,Company_365,EdTech,US,13-04-2024,organic,Basic,3,False,1,S-bc5755,A-ffdfd5,20-10-2024,31-12-2026,Enterprise,7,1393,16716,False,False,False,False,monthly,True,45.0,10305.0,2.0,0,0.0,0.0,0.0
A-ffdfd5,Company_365,EdTech,US,13-04-2024,organic,Basic,3,False,1,S-0a5cd7,A-ffdfd5,16-11-2024,31-12-2026,Enterprise,30,5970,71640,False,False,False,False,annual,True,23.0,6832.0,0.0,0,0.0,0.0,0.0
A-ffdfd5,Company_365,EdTech,US,13-04-2024,organic,Basic,3,False,1,S-2beaee,A-ffdfd5,14-09-2024,31-12-2026,Pro,92,4508,54096,False,False,False,False,annual,False,70.0,18696.0,6.0,0,0.0,0.0,0.0
A-ffdfd5,Company_365,EdTech,US,13-04-2024,organic,Basic,3,False,1,S-b192d9,A-ffdfd5,09-09-2024,31-12-2026,Pro,14,0,0,True,True,False,False,monthly,True,55.0,15897.0,6.0,0,0.0,0.0,0.0
A-ffdfd5,Company_365,EdTech,US,13-04-2024,organic,Basic,3,False,1,S-b859e7,A-ffdfd5,24-11-2024,31-12-2026,Enterprise,4,0,0,True,False,False,False,annual,True,23.0,4984.0,0.0,0,0.0,0.0,0.0
A-ffdfd5,Company_365,EdTech,US,13-04-2024,organic,Basic,3,False,1,S-ef7534,A-ffdfd5,20-12-2024,31-12-2024,Pro,3,147,1764,False,False,False,True,monthly,True,69.0,19803.0,6.0,0,0.0,0.0,0.0
A-ffdfd5,Company_365,EdTech,US,13-04-2024,organic,Basic,3,False,1,S-f7a5b9,A-ffdfd5,24-04-2024,31-12-2026,Pro,11,539,6468,False,False,False,False,annual,True,78.0,15755.0,1.0,0,0.0,0.0,0.0
A-ffdfd5,Company_365,EdTech,US,13-04-2024,organic,Basic,3,False,1,S-7b896c,A-ffdfd5,18-08-2024,31-12-2026,Basic,30,570,6840,False,False,False,False,monthly,True,47.0,15458.0,1.0,0,0.0,0.0,0.0
A-0dbdc6,Company_366,Cybersecurity,DE,12-02-2023,other,Pro,30,False,1,S-de3416,A-0dbdc6,15-12-2024,31-12-2026,Pro,47,2303,27636,False,False,False,False,annual,True,123.0,41026.0,5.0,A-0dbdc6,4.0,1.25,0.0
A-0dbdc6,Company_366,Cybersecurity,DE,12-02-2023,other,Pro,30,False,1,S-8ae804,A-0dbdc6,05-05-2024,31-12-2026,Enterprise,50,9950,119400,False,False,False,False,monthly,True,57.0,12523.0,7.0,A-0dbdc6,4.0,1.25,0.0
A-0dbdc6,Company_366,Cybersecurity,DE,12-02-2023,other,Pro,30,False,1,S-4fd561,A-0dbdc6,04-11-2023,31-12-2026,Basic,30,570,6840,False,False,False,False,monthly,True,97.0,30371.0,1.0,A-0dbdc6,4.0,1.25,0.0
A-0dbdc6,Company_366,Cybersecurity,DE,12-02-2023,other,Pro,30,False,1,S-61d573,A-0dbdc6,24-04-2024,31-12-2026,Pro,30,1470,17640,False,False,False,False,annual,True,55.0,17443.0,3.0,A-0dbdc6,4.0,1.25,0.0
A-0dbdc6,Company_366,Cybersecurity,DE,12-02-2023,other,Pro,30,False,1,S-d07886,A-0dbdc6,02-07-2024,31-12-2026,Pro,30,1470,17640,False,False,False,False,annual,True,31.0,10329.0,2.0,A-0dbdc6,4.0,1.25,0.0
A-0dbdc6,Company_366,Cybersecurity,DE,12-02-2023,other,Pro,30,False,1,S-c0a7d8,A-0dbdc6,26-10-2024,31-12-2026,Enterprise,30,5970,71640,False,False,False,False,monthly,True,21.0,5722.0,5.0,A-0dbdc6,4.0,1.25,0.0
A-0dbdc6,Company_366,Cybersecurity,DE,12-02-2023,other,Pro,30,False,1,S-8e169f,A-0dbdc6,14-06-2023,31-12-2026,Pro,30,0,0,True,False,False,False,annual,True,41.0,12582.0,2.0,A-0dbdc6,4.0,1.25,0.0
A-0dbdc6,Company_366,Cybersecurity,DE,12-02-2023,other,Pro,30,False,1,S-73fc8f,A-0dbdc6,25-10-2024,31-12-2026,Enterprise,30,5970,71640,False,False,False,False,monthly,False,50.0,11597.0,6.0,A-0dbdc6,4.0,1.25,0.0
A-0dbdc6,Company_366,Cybersecurity,DE,12-02-2023,other,Pro,30,False,1,S-e92512,A-0dbdc6,13-03-2024,31-12-2026,Basic,30,570,6840,False,False,False,False,monthly,True,37.0,13514.0,0.0,A-0dbdc6,4.0,1.25,0.0
A-7cfe77,Company_367,DevTools,US,10-07-2024,ads,Pro,69,False,0,S-3311b1,A-7cfe77,24-08-2024,31-12-2026,Pro,69,3381,40572,False,True,False,False,monthly,True,36.0,15378.0,0.0,A-7cfe77,7.0,2.0,0.0
A-7cfe77,Company_367,DevTools,US,10-07-2024,ads,Pro,69,False,0,S-bfc0f8,A-7cfe77,10-08-2024,31-12-2026,Basic,69,1311,15732,False,False,False,False,monthly,True,78.0,18281.0,9.0,A-7cfe77,7.0,2.0,0.0
A-7cfe77,Company_367,DevTools,US,10-07-2024,ads,Pro,69,False,0,S-bd5207,A-7cfe77,05-12-2024,31-12-2026,Basic,69,1311,15732,False,False,False,False,annual,True,45.0,14524.0,2.0,A-7cfe77,7.0,2.0,0.0
A-7cfe77,Company_367,DevTools,US,10-07-2024,ads,Pro,69,False,0,S-b11225,A-7cfe77,21-11-2024,31-12-2026,Pro,69,3381,40572,False,False,False,False,annual,True,20.0,4593.0,0.0,A-7cfe77,7.0,2.0,0.0
A-7cfe77,Company_367,DevTools,US,10-07-2024,ads,Pro,69,False,0,S-d48577,A-7cfe77,30-07-2024,31-12-2026,Pro,69,3381,40572,False,False,True,False,annual,True,26.0,4806.0,0.0,A-7cfe77,7.0,2.0,0.0
A-1f0636,Company_368,EdTech,AU,01-01-2024,partner,Pro,105,False,0,S-2fe253,A-1f0636,28-02-2024,30-10-2024,Pro,105,0,0,True,False,False,True,annual,True,60.0,26334.0,2.0,A-1f0636,2.0,3.5,0.0
A-1f0636,Company_368,EdTech,AU,01-01-2024,partner,Pro,105,False,0,S-ed75af,A-1f0636,09-06-2024,31-12-2026,Pro,105,5145,61740,False,True,False,False,monthly,True,121.0,39613.0,10.0,A-1f0636,2.0,3.5,0.0
A-1f0636,Company_368,EdTech,AU,01-01-2024,partner,Pro,105,False,0,S-deb65c,A-1f0636,30-10-2024,31-12-2026,Basic,105,1995,23940,False,False,False,False,annual,True,90.0,21242.0,10.0,A-1f0636,2.0,3.5,0.0
A-1f0636,Company_368,EdTech,AU,01-01-2024,partner,Pro,105,False,0,S-edc542,A-1f0636,09-04-2024,31-12-2026,Enterprise,105,20895,250740,False,False,False,False,annual,True,36.0,7337.0,0.0,A-1f0636,2.0,3.5,0.0
A-1f0636,Company_368,EdTech,AU,01-01-2024,partner,Pro,105,False,0,S-e9a159,A-1f0636,27-06-2024,31-12-2026,Enterprise,105,20895,250740,False,False,False,False,monthly,False,63.0,23311.0,0.0,A-1f0636,2.0,3.5,0.0
A-1f0636,Company_368,EdTech,AU,01-01-2024,partner,Pro,105,False,0,S-f3c329,A-1f0636,02-09-2024,31-12-2026,Basic,105,1995,23940,False,False,False,False,annual,True,50.0,11888.0,1.0,A-1f0636,2.0,3.5,0.0
A-1f0636,Company_368,EdTech,AU,01-01-2024,partner,Pro,105,False,0,S-b5b39a,A-1f0636,17-03-2024,31-12-2026,Pro,105,0,0,True,False,False,False,annual,True,31.0,4630.0,1.0,A-1f0636,2.0,3.5,0.0
A-1f0636,Company_368,EdTech,AU,01-01-2024,partner,Pro,105,False,0,S-c62428,A-1f0636,17-11-2024,31-12-2026,Enterprise,105,20895,250740,False,False,False,False,annual,False,99.0,40357.0,2.0,A-1f0636,2.0,3.5,0.0
A-1f0636,Company_368,EdTech,AU,01-01-2024,partner,Pro,105,False,0,S-db89df,A-1f0636,29-05-2024,31-12-2026,Enterprise,105,20895,250740,False,True,False,False,annual,True,0.0,0.0,0.0,A-1f0636,2.0,3.5,0.0
A-1f0636,Company_368,EdTech,AU,01-01-2024,partner,Pro,105,False,0,S-efeb9b,A-1f0636,27-02-2024,31-12-2026,Basic,105,0,0,True,True,False,False,annual,True,56.0,20060.0,1.0,A-1f0636,2.0,3.5,0.0
A-1f0636,Company_368,EdTech,AU,01-01-2024,partner,Pro,105,False,0,S-5b322c,A-1f0636,27-07-2024,31-12-2026,Basic,105,1995,23940,False,False,False,False,annual,True,79.0,17348.0,3.0,A-1f0636,2.0,3.5,0.0
A-40de06,Company_369,Cybersecurity,US,08-05-2023,event,Enterprise,28,False,1,S-4afb53,A-40de06,12-12-2023,29-12-2024,Enterprise,28,5572,66864,False,False,False,True,monthly,True,45.0,10331.0,0.0,A-40de06,3.0,1.3333333333333333,0.0
A-40de06,Company_369,Cybersecurity,US,08-05-2023,event,Enterprise,28,False,1,S-42af3d,A-40de06,03-06-2023,31-12-2026,Enterprise,28,5572,66864,False,False,False,False,annual,True,111.0,33672.0,2.0,A-40de06,3.0,1.3333333333333333,0.0
A-40de06,Company_369,Cybersecurity,US,08-05-2023,event,Enterprise,28,False,1,S-4cd678,A-40de06,24-03-2024,31-12-2026,Pro,28,1372,16464,False,False,False,False,monthly,False,9.0,4473.0,0.0,A-40de06,3.0,1.3333333333333333,0.0
A-40de06,Company_369,Cybersecurity,US,08-05-2023,event,Enterprise,28,False,1,S-94c6a5,A-40de06,22-08-2024,31-12-2026,Pro,28,1372,16464,False,True,False,False,monthly,True,20.0,4569.0,3.0,A-40de06,3.0,1.3333333333333333,0.0
A-40de06,Company_369,Cybersecurity,US,08-05-2023,event,Enterprise,28,False,1,S-9781fe,A-40de06,21-09-2023,23-12-2024,Pro,28,1372,16464,False,False,False,True,annual,True,55.0,21278.0,4.0,A-40de06,3.0,1.3333333333333333,0.0
A-40de06,Company_369,Cybersecurity,US,08-05-2023,event,Enterprise,28,False,1,S-abdeb7,A-40de06,02-06-2024,31-12-2026,Enterprise,28,0,0,True,False,False,False,annual,True,7.0,4060.0,0.0,A-40de06,3.0,1.3333333333333333,0.0
A-40de06,Company_369,Cybersecurity,US,08-05-2023,event,Enterprise,28,False,1,S-cd4d67,A-40de06,08-09-2024,31-12-2026,Basic,28,532,6384,False,True,False,False,monthly,True,97.0,22494.0,2.0,A-40de06,3.0,1.3333333333333333,0.0
A-40de06,Company_369,Cybersecurity,US,08-05-2023,event,Enterprise,28,False,1,S-00fcc5,A-40de06,23-06-2023,31-12-2026,Basic,62,1178,14136,False,False,False,False,annual,False,89.0,36084.0,2.0,A-40de06,3.0,1.3333333333333333,0.0
A-40de06,Company_369,Cybersecurity,US,08-05-2023,event,Enterprise,28,False,1,S-69a807,A-40de06,28-10-2023,31-12-2026,Pro,28,1372,16464,False,False,False,False,annual,True,79.0,30219.0,11.0,A-40de06,3.0,1.3333333333333333,0.0
A-40de06,Company_369,Cybersecurity,US,08-05-2023,event,Enterprise,28,False,1,S-2574a3,A-40de06,09-10-2024,31-12-2026,Enterprise,28,5572,66864,False,False,False,False,annual,True,77.0,25960.0,2.0,A-40de06,3.0,1.3333333333333333,0.0
A-40de06,Company_369,Cybersecurity,US,08-05-2023,event,Enterprise,28,False,1,S-668cdc,A-40de06,08-11-2023,31-12-2026,Pro,28,1372,16464,False,False,False,False,monthly,True,32.0,10950.0,3.0,A-40de06,3.0,1.3333333333333333,0.0
A-40de06,Company_369,Cybersecurity,US,08-05-2023,event,Enterprise,28,False,1,S-013f5c,A-40de06,16-07-2024,31-12-2026,Pro,35,0,0,True,False,False,False,annual,True,97.0,26506.0,6.0,A-40de06,3.0,1.3333333333333333,0.0
A-40de06,Company_369,Cybersecurity,US,08-05-2023,event,Enterprise,28,False,1,S-f52c97,A-40de06,17-11-2024,31-12-2026,Basic,28,532,6384,False,False,True,False,annual,True,72.0,11616.0,2.0,A-40de06,3.0,1.3333333333333333,0.0
A-40de06,Company_369,Cybersecurity,US,08-05-2023,event,Enterprise,28,False,1,S-0e068c,A-40de06,13-09-2024,31-12-2026,Basic,60,1140,13680,False,False,False,False,annual,True,26.0,3868.0,0.0,A-40de06,3.0,1.3333333333333333,0.0
A-40de06,Company_369,Cybersecurity,US,08-05-2023,event,Enterprise,28,False,1,S-db3e30,A-40de06,08-11-2023,31-12-2026,Basic,28,532,6384,False,False,False,False,annual,True,56.0,15254.0,5.0,A-40de06,3.0,1.3333333333333333,0.0
A-40de06,Company_369,Cybersecurity,US,08-05-2023,event,Enterprise,28,False,1,S-293a1f,A-40de06,17-05-2024,31-12-2026,Pro,28,1372,16464,False,False,False,False,monthly,False,30.0,6066.0,1.0,A-40de06,3.0,1.3333333333333333,0.0
A-cb5333,Company_370,DevTools,US,26-03-2024,ads,Pro,33,False,0,S-2e79e8,A-cb5333,16-05-2024,31-12-2026,Pro,33,0,0,True,False,False,False,monthly,True,70.0,21444.0,2.0,A-cb5333,4.0,0.75,0.0
A-cb5333,Company_370,DevTools,US,26-03-2024,ads,Pro,33,False,0,S-7b9b62,A-cb5333,17-09-2024,31-12-2026,Pro,33,1617,19404,False,False,False,False,monthly,False,57.0,17492.0,3.0,A-cb5333,4.0,0.75,0.0
A-cb5333,Company_370,DevTools,US,26-03-2024,ads,Pro,33,False,0,S-0e3b42,A-cb5333,02-06-2024,12-06-2024,Pro,33,1617,19404,False,False,True,True,annual,False,78.0,31579.0,4.0,A-cb5333,4.0,0.75,0.0
A-cb5333,Company_370,DevTools,US,26-03-2024,ads,Pro,33,False,0,S-5bde76,A-cb5333,08-09-2024,31-12-2026,Pro,33,1617,19404,False,False,False,False,monthly,True,60.0,26122.0,4.0,A-cb5333,4.0,0.75,0.0
A-cb5333,Company_370,DevTools,US,26-03-2024,ads,Pro,33,False,0,S-ca136e,A-cb5333,09-04-2024,31-12-2026,Basic,44,836,10032,False,False,False,False,monthly,True,36.0,6444.0,2.0,A-cb5333,4.0,0.75,0.0
A-cb5333,Company_370,DevTools,US,26-03-2024,ads,Pro,33,False,0,S-cd4dcd,A-cb5333,11-07-2024,31-12-2026,Pro,33,1617,19404,False,False,False,False,monthly,True,50.0,15235.0,1.0,A-cb5333,4.0,0.75,0.0
A-cb5333,Company_370,DevTools,US,26-03-2024,ads,Pro,33,False,0,S-71cefe,A-cb5333,19-06-2024,31-12-2026,Basic,33,627,7524,False,False,False,False,annual,True,79.0,26534.0,0.0,A-cb5333,4.0,0.75,0.0
A-cb5333,Company_370,DevTools,US,26-03-2024,ads,Pro,33,False,0,S-0ff1eb,A-cb5333,30-09-2024,31-12-2026,Enterprise,33,6567,78804,False,False,False,False,monthly,True,41.0,8387.0,3.0,A-cb5333,4.0,0.75,0.0
A-cb5333,Company_370,DevTools,US,26-03-2024,ads,Pro,33,False,0,S-8a50a0,A-cb5333,11-12-2024,31-12-2026,Basic,33,627,7524,False,False,False,False,monthly,True,71.0,23647.0,5.0,A-cb5333,4.0,0.75,0.0
A-cb5333,Company_370,DevTools,US,26-03-2024,ads,Pro,33,False,0,S-806d7b,A-cb5333,29-07-2024,31-12-2026,Basic,37,703,8436,False,False,False,False,annual,True,51.0,13747.0,2.0,A-cb5333,4.0,0.75,0.0
A-cb5333,Company_370,DevTools,US,26-03-2024,ads,Pro,33,False,0,S-f713a1,A-cb5333,26-07-2024,31-12-2026,Basic,33,627,7524,False,False,False,False,annual,True,29.0,6629.0,0.0,A-cb5333,4.0,0.75,0.0
A-cb5333,Company_370,DevTools,US,26-03-2024,ads,Pro,33,False,0,S-007e2c,A-cb5333,06-09-2024,31-12-2026,Pro,33,1617,19404,False,False,False,False,monthly,False,49.0,12922.0,0.0,A-cb5333,4.0,0.75,0.0
A-cb5333,Company_370,DevTools,US,26-03-2024,ads,Pro,33,False,0,S-f30081,A-cb5333,01-04-2024,31-12-2026,Enterprise,33,6567,78804,False,False,False,False,annual,True,14.0,5360.0,2.0,A-cb5333,4.0,0.75,0.0
A-cb5333,Company_370,DevTools,US,26-03-2024,ads,Pro,33,False,0,S-6102fe,A-cb5333,25-06-2024,31-12-2026,Basic,33,0,0,True,False,False,False,monthly,False,54.0,24139.0,4.0,A-cb5333,4.0,0.75,0.0
A-cb5333,Company_370,DevTools,US,26-03-2024,ads,Pro,33,False,0,S-74704b,A-cb5333,15-12-2024,31-12-2026,Pro,33,1617,19404,False,False,False,False,monthly,True,42.0,15968.0,2.0,A-cb5333,4.0,0.75,0.0
A-cb5333,Company_370,DevTools,US,26-03-2024,ads,Pro,33,False,0,S-c8292c,A-cb5333,04-05-2024,31-12-2026,Basic,51,0,0,True,False,False,False,annual,True,15.0,8118.0,0.0,A-cb5333,4.0,0.75,0.0
A-309e54,Company_371,DevTools,US,09-12-2024,other,Pro,15,False,0,S-8b1fc1,A-309e54,26-12-2024,31-12-2026,Basic,15,0,0,True,False,False,False,monthly,True,46.0,15816.0,0.0,A-309e54,5.0,0.6,0.0
A-309e54,Company_371,DevTools,US,09-12-2024,other,Pro,15,False,0,S-e98d6b,A-309e54,31-12-2024,31-12-2026,Basic,15,285,3420,False,False,False,False,annual,True,53.0,16227.0,4.0,A-309e54,5.0,0.6,0.0
A-309e54,Company_371,DevTools,US,09-12-2024,other,Pro,15,False,0,S-5ca11a,A-309e54,26-12-2024,31-12-2026,Enterprise,48,9552,114624,False,False,False,False,annual,True,66.0,22935.0,2.0,A-309e54,5.0,0.6,0.0
A-309e54,Company_371,DevTools,US,09-12-2024,other,Pro,15,False,0,S-f2710b,A-309e54,13-12-2024,31-12-2026,Enterprise,46,0,0,True,False,False,False,annual,True,46.0,11507.0,5.0,A-309e54,5.0,0.6,0.0
A-309e54,Company_371,DevTools,US,09-12-2024,other,Pro,15,False,0,S-0ae114,A-309e54,27-12-2024,31-12-2026,Basic,71,1349,16188,False,False,False,False,monthly,True,51.0,18017.0,5.0,A-309e54,5.0,0.6,0.0
A-309e54,Company_371,DevTools,US,09-12-2024,other,Pro,15,False,0,S-82a7dd,A-309e54,20-12-2024,31-12-2026,Basic,15,285,3420,False,False,False,False,monthly,True,26.0,6528.0,0.0,A-309e54,5.0,0.6,0.0
A-309e54,Company_371,DevTools,US,09-12-2024,other,Pro,15,False,0,S-dc6a2a,A-309e54,21-12-2024,31-12-2026,Pro,15,0,0,True,False,False,False,monthly,True,37.0,15938.0,2.0,A-309e54,5.0,0.6,0.0
A-309e54,Company_371,DevTools,US,09-12-2024,other,Pro,15,False,0,S-a18ab0,A-309e54,21-12-2024,31-12-2026,Pro,15,735,8820,False,False,False,False,monthly,True,80.0,30248.0,0.0,A-309e54,5.0,0.6,0.0
A-309e54,Company_371,DevTools,US,09-12-2024,other,Pro,15,False,0,S-8b24a0,A-309e54,29-12-2024,30-12-2024,Pro,33,1617,19404,False,False,False,True,monthly,True,29.0,8576.0,3.0,A-309e54,5.0,0.6,0.0
A-309e54,Company_371,DevTools,US,09-12-2024,other,Pro,15,False,0,S-ca9532,A-309e54,14-12-2024,31-12-2026,Enterprise,15,2985,35820,False,False,False,False,annual,True,55.0,13604.0,2.0,A-309e54,5.0,0.6,0.0
A-309e54,Company_371,DevTools,US,09-12-2024,other,Pro,15,False,0,S-93fa71,A-309e54,21-12-2024,31-12-2026,Enterprise,59,11741,140892,False,False,True,False,annual,True,20.0,8803.0,1.0,A-309e54,5.0,0.6,0.0
A-6e7827,Company_372,DevTools,US,26-03-2023,other,Basic,1,False,0,S-49e3e5,A-6e7827,11-06-2023,31-12-2026,Basic,9,171,2052,False,True,False,False,monthly,True,15.0,4346.0,0.0,A-6e7827,2.0,3.5,0.0
A-6e7827,Company_372,DevTools,US,26-03-2023,other,Basic,1,False,0,S-741431,A-6e7827,30-08-2024,31-12-2026,Enterprise,11,2189,26268,False,False,False,False,monthly,True,21.0,4578.0,1.0,A-6e7827,2.0,3.5,0.0
A-6e7827,Company_372,DevTools,US,26-03-2023,other,Basic,1,False,0,S-0da40c,A-6e7827,23-10-2024,30-10-2024,Pro,50,2450,29400,False,False,False,True,annual,False,67.0,20751.0,12.0,A-6e7827,2.0,3.5,0.0
A-6e7827,Company_372,DevTools,US,26-03-2023,other,Basic,1,False,0,S-cd13b5,A-6e7827,30-04-2024,31-12-2026,Pro,35,1715,20580,False,False,False,False,monthly,True,57.0,20378.0,5.0,A-6e7827,2.0,3.5,0.0
A-6e7827,Company_372,DevTools,US,26-03-2023,other,Basic,1,False,0,S-798707,A-6e7827,02-08-2023,31-12-2026,Pro,8,392,4704,False,True,False,False,annual,True,25.0,5811.0,0.0,A-6e7827,2.0,3.5,0.0
A-6e7827,Company_372,DevTools,US,26-03-2023,other,Basic,1,False,0,S-890baf,A-6e7827,22-04-2024,31-12-2026,Pro,3,147,1764,False,False,False,False,monthly,True,79.0,20653.0,4.0,A-6e7827,2.0,3.5,0.0
A-6e7827,Company_372,DevTools,US,26-03-2023,other,Basic,1,False,0,S-c52d77,A-6e7827,05-11-2023,31-12-2026,Pro,1,49,588,False,True,False,False,monthly,False,45.0,13973.0,3.0,A-6e7827,2.0,3.5,0.0
A-6e7827,Company_372,DevTools,US,26-03-2023,other,Basic,1,False,0,S-bdf4de,A-6e7827,22-03-2024,31-12-2026,Enterprise,2,398,4776,False,False,False,False,annual,True,31.0,6567.0,3.0,A-6e7827,2.0,3.5,0.0
A-6e7827,Company_372,DevTools,US,26-03-2023,other,Basic,1,False,0,S-22083e,A-6e7827,19-12-2024,31-12-2026,Pro,17,833,9996,False,False,False,False,annual,True,79.0,26250.0,3.0,A-6e7827,2.0,3.5,0.0
A-50bb9f,Company_373,Cybersecurity,US,12-07-2024,organic,Pro,2,False,0,S-80199e,A-50bb9f,26-10-2024,31-12-2026,Enterprise,18,3582,42984,False,True,False,False,monthly,True,12.0,1032.0,0.0,A-50bb9f,7.0,1.7142857142857142,0.0
A-50bb9f,Company_373,Cybersecurity,US,12-07-2024,organic,Pro,2,False,0,S-573f93,A-50bb9f,29-10-2024,31-12-2026,Enterprise,2,398,4776,False,False,False,False,monthly,True,31.0,12905.0,3.0,A-50bb9f,7.0,1.7142857142857142,0.0
A-50bb9f,Company_373,Cybersecurity,US,12-07-2024,organic,Pro,2,False,0,S-c2701b,A-50bb9f,24-12-2024,24-12-2024,Pro,36,1764,21168,False,False,False,True,monthly,False,41.0,14363.0,2.0,A-50bb9f,7.0,1.7142857142857142,0.0
A-50bb9f,Company_373,Cybersecurity,US,12-07-2024,organic,Pro,2,False,0,S-b279c9,A-50bb9f,27-12-2024,31-12-2026,Pro,54,2646,31752,False,False,False,False,annual,True,0.0,0.0,0.0,A-50bb9f,7.0,1.7142857142857142,0.0
A-50bb9f,Company_373,Cybersecurity,US,12-07-2024,organic,Pro,2,False,0,S-06fb6f,A-50bb9f,05-11-2024,31-12-2026,Pro,30,1470,17640,False,False,False,False,annual,True,25.0,6265.0,0.0,A-50bb9f,7.0,1.7142857142857142,0.0
A-50bb9f,Company_373,Cybersecurity,US,12-07-2024,organic,Pro,2,False,0,S-7fc49b,A-50bb9f,11-08-2024,31-12-2026,Pro,7,343,4116,False,True,False,False,monthly,True,43.0,20234.0,2.0,A-50bb9f,7.0,1.7142857142857142,0.0
A-50bb9f,Company_373,Cybersecurity,US,12-07-2024,organic,Pro,2,False,0,S-8921cb,A-50bb9f,22-07-2024,31-12-2026,Enterprise,35,6965,83580,False,False,False,False,monthly,True,56.0,27739.0,8.0,A-50bb9f,7.0,1.7142857142857142,0.0
A-50bb9f,Company_373,Cybersecurity,US,12-07-2024,organic,Pro,2,False,0,S-14b7f3,A-50bb9f,09-08-2024,31-12-2026,Basic,5,95,1140,False,False,False,False,monthly,True,68.0,16790.0,0.0,A-50bb9f,7.0,1.7142857142857142,0.0
A-5fe118,Company_374,Cybersecurity,US,07-11-2024,other,Enterprise,39,False,0,S-1feff8,A-5fe118,06-12-2024,31-12-2026,Enterprise,39,7761,93132,False,False,False,False,annual,True,16.0,4789.0,1.0,A-5fe118,1.0,4.0,0.0
A-5fe118,Company_374,Cybersecurity,US,07-11-2024,other,Enterprise,39,False,0,S-6c6e62,A-5fe118,29-12-2024,31-12-2026,Basic,39,0,0,True,False,False,False,monthly,True,61.0,16195.0,2.0,A-5fe118,1.0,4.0,0.0
A-5fe118,Company_374,Cybersecurity,US,07-11-2024,other,Enterprise,39,False,0,S-0fc93f,A-5fe118,04-12-2024,31-12-2026,Basic,39,741,8892,False,False,False,False,annual,False,73.0,17608.0,4.0,A-5fe118,1.0,4.0,0.0
A-5fe118,Company_374,Cybersecurity,US,07-11-2024,other,Enterprise,39,False,0,S-e1081c,A-5fe118,05-12-2024,31-12-2026,Enterprise,39,7761,93132,False,False,False,False,monthly,True,37.0,11100.0,5.0,A-5fe118,1.0,4.0,0.0
A-5fe118,Company_374,Cybersecurity,US,07-11-2024,other,Enterprise,39,False,0,S-648397,A-5fe118,02-12-2024,31-12-2026,Pro,123,6027,72324,False,False,False,False,monthly,True,46.0,10210.0,0.0,A-5fe118,1.0,4.0,0.0
A-5247b3,Company_375,FinTech,UK,12-03-2024,partner,Pro,16,True,0,S-2410c6,A-5247b3,11-05-2024,31-12-2026,Basic,33,627,7524,False,False,False,False,annual,False,80.0,22072.0,8.0,A-5247b3,5.0,2.4,0.0
A-5247b3,Company_375,FinTech,UK,12-03-2024,partner,Pro,16,True,0,S-26a630,A-5247b3,23-03-2024,31-12-2026,Enterprise,16,3184,38208,False,False,False,False,monthly,True,25.0,6983.0,0.0,A-5247b3,5.0,2.4,0.0
A-5247b3,Company_375,FinTech,UK,12-03-2024,partner,Pro,16,True,0,S-d6d433,A-5247b3,14-06-2024,19-11-2024,Basic,16,0,0,True,False,False,True,annual,True,37.0,12091.0,5.0,A-5247b3,5.0,2.4,0.0
A-5247b3,Company_375,FinTech,UK,12-03-2024,partner,Pro,16,True,0,S-5e06b2,A-5247b3,17-04-2024,31-12-2026,Pro,16,0,0,True,False,False,False,monthly,True,32.0,6447.0,1.0,A-5247b3,5.0,2.4,0.0
A-5247b3,Company_375,FinTech,UK,12-03-2024,partner,Pro,16,True,0,S-4f7b91,A-5247b3,19-06-2024,31-12-2026,Enterprise,16,3184,38208,False,True,False,False,annual,True,131.0,31540.0,4.0,A-5247b3,5.0,2.4,0.0
A-5247b3,Company_375,FinTech,UK,12-03-2024,partner,Pro,16,True,0,S-d0429b,A-5247b3,25-11-2024,31-12-2026,Basic,74,1406,16872,False,True,False,False,annual,True,36.0,6598.0,1.0,A-5247b3,5.0,2.4,0.0
A-5247b3,Company_375,FinTech,UK,12-03-2024,partner,Pro,16,True,0,S-991f61,A-5247b3,18-10-2024,31-12-2026,Basic,18,342,4104,False,False,False,False,monthly,True,59.0,24759.0,1.0,A-5247b3,5.0,2.4,0.0
A-5247b3,Company_375,FinTech,UK,12-03-2024,partner,Pro,16,True,0,S-7252b5,A-5247b3,25-09-2024,31-12-2026,Pro,16,784,9408,False,False,False,False,monthly,True,58.0,28141.0,2.0,A-5247b3,5.0,2.4,0.0
A-5247b3,Company_375,FinTech,UK,12-03-2024,partner,Pro,16,True,0,S-f973d4,A-5247b3,27-07-2024,31-12-2026,Pro,24,1176,14112,False,True,False,False,monthly,True,74.0,18392.0,1.0,A-5247b3,5.0,2.4,0.0
A-5247b3,Company_375,FinTech,UK,12-03-2024,partner,Pro,16,True,0,S-6bd42d,A-5247b3,19-06-2024,31-12-2026,Basic,16,304,3648,False,False,False,False,monthly,True,59.0,10755.0,6.0,A-5247b3,5.0,2.4,0.0
A-5247b3,Company_375,FinTech,UK,12-03-2024,partner,Pro,16,True,0,S-a10469,A-5247b3,14-10-2024,31-12-2026,Pro,16,784,9408,False,False,False,False,annual,True,19.0,9434.0,0.0,A-5247b3,5.0,2.4,0.0
A-f44180,Company_376,Cybersecurity,UK,13-02-2023,event,Pro,9,False,0,S-029c20,A-f44180,13-12-2024,31-12-2026,Basic,10,0,0,True,False,False,False,annual,False,68.0,19611.0,4.0,A-f44180,2.0,5.0,0.0
A-f44180,Company_376,Cybersecurity,UK,13-02-2023,event,Pro,9,False,0,S-f72b84,A-f44180,22-06-2024,31-12-2026,Pro,9,441,5292,False,False,False,False,monthly,True,61.0,24201.0,0.0,A-f44180,2.0,5.0,0.0
A-f44180,Company_376,Cybersecurity,UK,13-02-2023,event,Pro,9,False,0,S-7da02b,A-f44180,20-05-2023,19-12-2023,Enterprise,89,17711,212532,False,False,False,True,annual,True,46.0,11854.0,2.0,A-f44180,2.0,5.0,0.0
A-f44180,Company_376,Cybersecurity,UK,13-02-2023,event,Pro,9,False,0,S-f5c7b2,A-f44180,25-03-2023,31-12-2026,Enterprise,9,1791,21492,False,False,False,False,annual,True,7.0,1288.0,0.0,A-f44180,2.0,5.0,0.0
A-f44180,Company_376,Cybersecurity,UK,13-02-2023,event,Pro,9,False,0,S-f42cc4,A-f44180,10-04-2023,31-12-2026,Enterprise,14,2786,33432,False,False,False,False,annual,True,74.0,21181.0,7.0,A-f44180,2.0,5.0,0.0
A-f44180,Company_376,Cybersecurity,UK,13-02-2023,event,Pro,9,False,0,S-0d6ea4,A-f44180,27-12-2023,30-10-2024,Enterprise,9,1791,21492,False,False,False,True,monthly,False,66.0,26800.0,4.0,A-f44180,2.0,5.0,0.0
A-f44180,Company_376,Cybersecurity,UK,13-02-2023,event,Pro,9,False,0,S-de705a,A-f44180,10-12-2024,31-12-2026,Basic,17,0,0,True,False,False,False,annual,False,47.0,10377.0,0.0,A-f44180,2.0,5.0,0.0
A-f44180,Company_376,Cybersecurity,UK,13-02-2023,event,Pro,9,False,0,S-beff12,A-f44180,17-10-2023,31-12-2026,Enterprise,9,1791,21492,False,False,False,False,monthly,True,30.0,13393.0,1.0,A-f44180,2.0,5.0,0.0
A-f44180,Company_376,Cybersecurity,UK,13-02-2023,event,Pro,9,False,0,S-83dc0a,A-f44180,31-08-2023,31-12-2026,Enterprise,9,1791,21492,False,False,False,False,annual,True,35.0,6620.0,1.0,A-f44180,2.0,5.0,0.0
A-f44180,Company_376,Cybersecurity,UK,13-02-2023,event,Pro,9,False,0,S-49d73e,A-f44180,30-06-2024,31-12-2026,Enterprise,35,0,0,True,False,False,False,annual,True,10.0,5340.0,2.0,A-f44180,2.0,5.0,0.0
A-f44180,Company_376,Cybersecurity,UK,13-02-2023,event,Pro,9,False,0,S-e22519,A-f44180,17-06-2024,31-12-2026,Pro,14,686,8232,False,False,False,False,monthly,True,76.0,23456.0,1.0,A-f44180,2.0,5.0,0.0
A-c16cf7,Company_377,EdTech,US,16-10-2024,event,Pro,13,True,0,S-329a60,A-c16cf7,24-10-2024,31-12-2026,Basic,84,1596,19152,False,False,False,False,annual,True,47.0,17129.0,1.0,A-c16cf7,3.0,2.3333333333333335,0.0
A-c16cf7,Company_377,EdTech,US,16-10-2024,event,Pro,13,True,0,S-4691f1,A-c16cf7,07-12-2024,31-12-2026,Basic,13,247,2964,False,False,False,False,annual,True,34.0,9234.0,2.0,A-c16cf7,3.0,2.3333333333333335,0.0
A-c16cf7,Company_377,EdTech,US,16-10-2024,event,Pro,13,True,0,S-f7fa56,A-c16cf7,18-10-2024,31-12-2026,Pro,13,637,7644,False,False,False,False,monthly,True,54.0,13340.0,2.0,A-c16cf7,3.0,2.3333333333333335,0.0
A-c16cf7,Company_377,EdTech,US,16-10-2024,event,Pro,13,True,0,S-567afa,A-c16cf7,07-12-2024,31-12-2026,Pro,18,882,10584,False,False,False,False,annual,True,79.0,13515.0,6.0,A-c16cf7,3.0,2.3333333333333335,0.0
A-c16cf7,Company_377,EdTech,US,16-10-2024,event,Pro,13,True,0,S-30bb47,A-c16cf7,13-11-2024,31-12-2026,Enterprise,13,2587,31044,False,False,False,False,annual,False,70.0,17339.0,1.0,A-c16cf7,3.0,2.3333333333333335,0.0
A-c16cf7,Company_377,EdTech,US,16-10-2024,event,Pro,13,True,0,S-35a9b6,A-c16cf7,27-10-2024,31-12-2026,Pro,13,637,7644,False,False,False,False,annual,False,39.0,9418.0,0.0,A-c16cf7,3.0,2.3333333333333335,0.0
A-c16cf7,Company_377,EdTech,US,16-10-2024,event,Pro,13,True,0,S-499ea3,A-c16cf7,21-10-2024,12-11-2024,Enterprise,24,4776,57312,False,False,False,True,monthly,True,68.0,12977.0,2.0,A-c16cf7,3.0,2.3333333333333335,0.0
A-c16cf7,Company_377,EdTech,US,16-10-2024,event,Pro,13,True,0,S-6b9696,A-c16cf7,23-12-2024,31-12-2026,Basic,35,665,7980,False,False,False,False,annual,True,48.0,13856.0,4.0,A-c16cf7,3.0,2.3333333333333335,0.0
A-c16cf7,Company_377,EdTech,US,16-10-2024,event,Pro,13,True,0,S-cf59a0,A-c16cf7,02-11-2024,31-12-2026,Basic,18,0,0,True,False,False,False,monthly,True,28.0,7166.0,1.0,A-c16cf7,3.0,2.3333333333333335,0.0
A-c16cf7,Company_377,EdTech,US,16-10-2024,event,Pro,13,True,0,S-64ddbc,A-c16cf7,18-12-2024,31-12-2026,Basic,13,247,2964,False,False,False,False,monthly,True,110.0,30872.0,7.0,A-c16cf7,3.0,2.3333333333333335,0.0
A-d42431,Company_378,FinTech,FR,09-06-2024,ads,Enterprise,22,True,0,S-61e53d,A-d42431,15-11-2024,14-12-2024,Basic,22,418,5016,False,False,False,True,annual,False,61.0,10604.0,3.0,A-d42431,4.0,2.0,0.0
A-d42431,Company_378,FinTech,FR,09-06-2024,ads,Enterprise,22,True,0,S-7b7be8,A-d42431,08-07-2024,31-12-2026,Basic,91,1729,20748,False,False,False,False,monthly,True,43.0,7550.0,0.0,A-d42431,4.0,2.0,0.0
A-d42431,Company_378,FinTech,FR,09-06-2024,ads,Enterprise,22,True,0,S-05ef15,A-d42431,24-10-2024,31-12-2026,Basic,35,665,7980,False,False,False,False,monthly,True,25.0,11525.0,7.0,A-d42431,4.0,2.0,0.0
A-d42431,Company_378,FinTech,FR,09-06-2024,ads,Enterprise,22,True,0,S-48ce17,A-d42431,08-12-2024,31-12-2026,Enterprise,22,4378,52536,False,False,False,False,annual,True,54.0,12798.0,1.0,A-d42431,4.0,2.0,0.0
A-d42431,Company_378,FinTech,FR,09-06-2024,ads,Enterprise,22,True,0,S-5cce27,A-d42431,01-09-2024,31-12-2026,Basic,22,418,5016,False,False,False,False,annual,True,52.0,14272.0,1.0,A-d42431,4.0,2.0,0.0
A-d42431,Company_378,FinTech,FR,09-06-2024,ads,Enterprise,22,True,0,S-5f5b36,A-d42431,26-08-2024,31-12-2026,Enterprise,22,4378,52536,False,False,False,False,monthly,True,42.0,10734.0,8.0,A-d42431,4.0,2.0,0.0
A-d42431,Company_378,FinTech,FR,09-06-2024,ads,Enterprise,22,True,0,S-19cb09,A-d42431,17-10-2024,31-12-2026,Enterprise,22,4378,52536,False,False,False,False,monthly,True,75.0,25207.0,7.0,A-d42431,4.0,2.0,0.0
A-d42431,Company_378,FinTech,FR,09-06-2024,ads,Enterprise,22,True,0,S-620b62,A-d42431,06-08-2024,31-12-2026,Enterprise,22,4378,52536,False,True,False,False,annual,False,65.0,24437.0,6.0,A-d42431,4.0,2.0,0.0
A-d42431,Company_378,FinTech,FR,09-06-2024,ads,Enterprise,22,True,0,S-0a6b6b,A-d42431,11-06-2024,31-12-2026,Basic,22,418,5016,False,False,True,False,monthly,True,40.0,16737.0,1.0,A-d42431,4.0,2.0,0.0
A-6965e1,Company_379,DevTools,US,25-11-2024,organic,Basic,13,False,0,S-6129d4,A-6965e1,26-12-2024,31-12-2026,Enterprise,13,2587,31044,False,False,False,False,annual,True,9.0,1701.0,1.0,A-6965e1,3.0,1.0,0.0
A-6965e1,Company_379,DevTools,US,25-11-2024,organic,Basic,13,False,0,S-85ba19,A-6965e1,11-12-2024,31-12-2026,Enterprise,13,2587,31044,False,True,False,False,monthly,True,61.0,15099.0,5.0,A-6965e1,3.0,1.0,0.0
A-6965e1,Company_379,DevTools,US,25-11-2024,organic,Basic,13,False,0,S-bf893c,A-6965e1,07-12-2024,31-12-2026,Enterprise,38,7562,90744,False,False,False,False,monthly,False,54.0,19287.0,4.0,A-6965e1,3.0,1.0,0.0
A-6965e1,Company_379,DevTools,US,25-11-2024,organic,Basic,13,False,0,S-f9cb2b,A-6965e1,18-12-2024,31-12-2026,Enterprise,34,6766,81192,False,False,False,False,annual,False,43.0,8426.0,1.0,A-6965e1,3.0,1.0,0.0
A-6965e1,Company_379,DevTools,US,25-11-2024,organic,Basic,13,False,0,S-25ec8c,A-6965e1,05-12-2024,31-12-2026,Pro,16,0,0,True,False,False,False,monthly,False,41.0,15201.0,1.0,A-6965e1,3.0,1.0,0.0
A-6965e1,Company_379,DevTools,US,25-11-2024,organic,Basic,13,False,0,S-dacc80,A-6965e1,30-12-2024,31-12-2026,Basic,13,247,2964,False,False,False,False,monthly,True,97.0,31175.0,0.0,A-6965e1,3.0,1.0,0.0
A-6965e1,Company_379,DevTools,US,25-11-2024,organic,Basic,13,False,0,S-2c4527,A-6965e1,22-12-2024,31-12-2026,Pro,13,637,7644,False,False,False,False,annual,True,81.0,28627.0,0.0,A-6965e1,3.0,1.0,0.0
A-6965e1,Company_379,DevTools,US,25-11-2024,organic,Basic,13,False,0,S-15c444,A-6965e1,07-12-2024,31-12-2026,Pro,13,637,7644,False,False,True,False,monthly,True,88.0,22379.0,6.0,A-6965e1,3.0,1.0,0.0
A-6965e1,Company_379,DevTools,US,25-11-2024,organic,Basic,13,False,0,S-215e9c,A-6965e1,06-12-2024,31-12-2026,Pro,18,882,10584,False,False,False,False,monthly,True,27.0,12540.0,1.0,A-6965e1,3.0,1.0,0.0
A-6965e1,Company_379,DevTools,US,25-11-2024,organic,Basic,13,False,0,S-62a6d7,A-6965e1,20-12-2024,31-12-2026,Pro,14,686,8232,False,False,False,False,monthly,True,53.0,11418.0,5.0,A-6965e1,3.0,1.0,0.0
A-6965e1,Company_379,DevTools,US,25-11-2024,organic,Basic,13,False,0,S-1ff580,A-6965e1,26-12-2024,31-12-2026,Enterprise,13,2587,31044,False,False,False,False,monthly,False,45.0,12335.0,2.0,A-6965e1,3.0,1.0,0.0
A-6965e1,Company_379,DevTools,US,25-11-2024,organic,Basic,13,False,0,S-5aaf6f,A-6965e1,12-12-2024,31-12-2026,Enterprise,13,2587,31044,False,False,False,False,annual,True,28.0,9966.0,3.0,A-6965e1,3.0,1.0,0.0
A-0354fe,Company_380,Cybersecurity,US,22-10-2024,other,Basic,34,False,0,S-70af60,A-0354fe,10-12-2024,31-12-2026,Basic,34,0,0,True,False,False,False,annual,True,96.0,32065.0,6.0,A-0354fe,4.0,2.0,0.0
A-0354fe,Company_380,Cybersecurity,US,22-10-2024,other,Basic,34,False,0,S-ab63e3,A-0354fe,23-11-2024,31-12-2026,Basic,34,646,7752,False,False,False,False,annual,True,76.0,23685.0,1.0,A-0354fe,4.0,2.0,0.0
A-0354fe,Company_380,Cybersecurity,US,22-10-2024,other,Basic,34,False,0,S-c8fd93,A-0354fe,16-11-2024,20-11-2024,Basic,34,646,7752,False,True,False,True,monthly,True,35.0,13016.0,1.0,A-0354fe,4.0,2.0,0.0
A-0354fe,Company_380,Cybersecurity,US,22-10-2024,other,Basic,34,False,0,S-519f1c,A-0354fe,03-11-2024,31-12-2026,Basic,34,646,7752,False,False,False,False,monthly,False,55.0,15121.0,7.0,A-0354fe,4.0,2.0,0.0
A-0354fe,Company_380,Cybersecurity,US,22-10-2024,other,Basic,34,False,0,S-9ea111,A-0354fe,10-12-2024,31-12-2026,Enterprise,34,6766,81192,False,False,False,False,monthly,False,49.0,14484.0,1.0,A-0354fe,4.0,2.0,0.0
A-0354fe,Company_380,Cybersecurity,US,22-10-2024,other,Basic,34,False,0,S-bc5908,A-0354fe,15-11-2024,31-12-2026,Enterprise,34,6766,81192,False,False,False,False,monthly,True,89.0,29846.0,9.0,A-0354fe,4.0,2.0,0.0
A-0354fe,Company_380,Cybersecurity,US,22-10-2024,other,Basic,34,False,0,S-487d18,A-0354fe,03-11-2024,31-12-2026,Enterprise,34,0,0,True,False,False,False,annual,True,63.0,24218.0,5.0,A-0354fe,4.0,2.0,0.0
A-0a62f5,Company_381,FinTech,UK,11-09-2024,partner,Pro,16,False,0,S-561850,A-0a62f5,23-10-2024,31-12-2026,Pro,16,784,9408,False,False,False,False,annual,True,97.0,30910.0,2.0,A-0a62f5,2.0,0.0,0.0
A-0a62f5,Company_381,FinTech,UK,11-09-2024,partner,Pro,16,False,0,S-d8c527,A-0a62f5,21-12-2024,31-12-2026,Basic,25,475,5700,False,False,False,False,monthly,True,53.0,14594.0,2.0,A-0a62f5,2.0,0.0,0.0
A-0a62f5,Company_381,FinTech,UK,11-09-2024,partner,Pro,16,False,0,S-e7a190,A-0a62f5,06-12-2024,31-12-2026,Basic,22,418,5016,False,False,False,False,annual,True,34.0,7106.0,3.0,A-0a62f5,2.0,0.0,0.0
A-0a62f5,Company_381,FinTech,UK,11-09-2024,partner,Pro,16,False,0,S-c62bb7,A-0a62f5,16-09-2024,31-12-2026,Enterprise,16,3184,38208,False,False,False,False,monthly,True,60.0,22280.0,0.0,A-0a62f5,2.0,0.0,0.0
A-f5641b,Company_382,EdTech,US,30-03-2024,other,Pro,31,False,0,S-82989b,A-f5641b,30-11-2024,31-12-2026,Basic,31,589,7068,False,False,False,False,monthly,True,35.0,11574.0,1.0,A-f5641b,4.0,1.5,1.0
A-f5641b,Company_382,EdTech,US,30-03-2024,other,Pro,31,False,0,S-c97464,A-f5641b,16-10-2024,31-12-2026,Pro,38,1862,22344,False,False,False,False,monthly,False,99.0,33982.0,7.0,A-f5641b,4.0,1.5,1.0
A-f5641b,Company_382,EdTech,US,30-03-2024,other,Pro,31,False,0,S-5ee117,A-f5641b,25-07-2024,31-12-2026,Pro,31,1519,18228,False,False,False,False,monthly,True,22.0,1937.0,0.0,A-f5641b,4.0,1.5,1.0
A-f5641b,Company_382,EdTech,US,30-03-2024,other,Pro,31,False,0,S-55a3e4,A-f5641b,21-12-2024,31-12-2026,Pro,31,1519,18228,False,False,False,False,annual,False,38.0,10770.0,1.0,A-f5641b,4.0,1.5,1.0
A-f5641b,Company_382,EdTech,US,30-03-2024,other,Pro,31,False,0,S-fc44ed,A-f5641b,23-05-2024,31-12-2026,Enterprise,31,6169,74028,False,False,False,False,annual,True,69.0,17591.0,4.0,A-f5641b,4.0,1.5,1.0
A-f5641b,Company_382,EdTech,US,30-03-2024,other,Pro,31,False,0,S-812c7c,A-f5641b,08-06-2024,31-12-2026,Basic,31,0,0,True,False,False,False,monthly,False,34.0,10736.0,2.0,A-f5641b,4.0,1.5,1.0
A-f5641b,Company_382,EdTech,US,30-03-2024,other,Pro,31,False,0,S-9a115f,A-f5641b,29-12-2024,31-12-2026,Enterprise,45,8955,107460,False,False,False,False,monthly,True,35.0,14825.0,2.0,A-f5641b,4.0,1.5,1.0
A-f5641b,Company_382,EdTech,US,30-03-2024,other,Pro,31,False,0,S-7dd478,A-f5641b,13-10-2024,31-12-2026,Enterprise,31,6169,74028,False,False,False,False,monthly,False,48.0,18586.0,0.0,A-f5641b,4.0,1.5,1.0
A-f5641b,Company_382,EdTech,US,30-03-2024,other,Pro,31,False,0,S-33200e,A-f5641b,06-08-2024,31-12-2026,Enterprise,31,6169,74028,False,False,False,False,monthly,True,18.0,5202.0,0.0,A-f5641b,4.0,1.5,1.0
A-f5641b,Company_382,EdTech,US,30-03-2024,other,Pro,31,False,0,S-966a44,A-f5641b,21-04-2024,22-07-2024,Enterprise,31,6169,74028,False,True,True,True,monthly,True,40.0,16446.0,1.0,A-f5641b,4.0,1.5,1.0
A-b44e3e,Company_383,Cybersecurity,UK,12-02-2024,ads,Basic,40,False,0,S-ef398a,A-b44e3e,29-05-2024,31-12-2026,Enterprise,40,7960,95520,False,False,False,False,annual,True,80.0,21542.0,0.0,A-b44e3e,3.0,4.333333333333333,0.0
A-b44e3e,Company_383,Cybersecurity,UK,12-02-2024,ads,Basic,40,False,0,S-f22b7f,A-b44e3e,27-12-2024,27-12-2024,Enterprise,40,7960,95520,False,False,False,True,annual,True,27.0,10664.0,2.0,A-b44e3e,3.0,4.333333333333333,0.0
A-b44e3e,Company_383,Cybersecurity,UK,12-02-2024,ads,Basic,40,False,0,S-1b4be3,A-b44e3e,15-04-2024,31-12-2026,Pro,40,1960,23520,False,True,False,False,annual,True,38.0,16435.0,0.0,A-b44e3e,3.0,4.333333333333333,0.0
A-b44e3e,Company_383,Cybersecurity,UK,12-02-2024,ads,Basic,40,False,0,S-f429e0,A-b44e3e,28-02-2024,31-12-2026,Enterprise,79,15721,188652,False,True,False,False,annual,True,75.0,13924.0,1.0,A-b44e3e,3.0,4.333333333333333,0.0
A-b44e3e,Company_383,Cybersecurity,UK,12-02-2024,ads,Basic,40,False,0,S-bbcf43,A-b44e3e,23-07-2024,31-12-2026,Pro,40,0,0,True,False,False,False,monthly,True,31.0,10043.0,2.0,A-b44e3e,3.0,4.333333333333333,0.0
A-b44e3e,Company_383,Cybersecurity,UK,12-02-2024,ads,Basic,40,False,0,S-e5909f,A-b44e3e,17-04-2024,31-12-2026,Pro,40,1960,23520,False,True,False,False,annual,True,73.0,15027.0,6.0,A-b44e3e,3.0,4.333333333333333,0.0
A-b44e3e,Company_383,Cybersecurity,UK,12-02-2024,ads,Basic,40,False,0,S-679640,A-b44e3e,25-06-2024,31-12-2026,Enterprise,40,7960,95520,False,False,False,False,monthly,False,63.0,27278.0,2.0,A-b44e3e,3.0,4.333333333333333,0.0
A-3b37d9,Company_384,FinTech,US,27-01-2023,event,Enterprise,23,False,0,S-39e88c,A-3b37d9,10-07-2023,31-12-2026,Pro,23,1127,13524,False,False,False,False,annual,True,103.0,26184.0,5.0,A-3b37d9,5.0,1.8,0.0
A-3b37d9,Company_384,FinTech,US,27-01-2023,event,Enterprise,23,False,0,S-115510,A-3b37d9,28-05-2024,31-12-2026,Enterprise,23,0,0,True,False,False,False,monthly,True,37.0,13518.0,1.0,A-3b37d9,5.0,1.8,0.0
A-3b37d9,Company_384,FinTech,US,27-01-2023,event,Enterprise,23,False,0,S-3af70e,A-3b37d9,17-11-2024,31-12-2026,Enterprise,23,4577,54924,False,False,False,False,annual,True,98.0,28471.0,4.0,A-3b37d9,5.0,1.8,0.0
A-3b37d9,Company_384,FinTech,US,27-01-2023,event,Enterprise,23,False,0,S-2fc028,A-3b37d9,13-11-2023,27-11-2024,Enterprise,23,4577,54924,False,True,False,True,annual,True,19.0,3096.0,0.0,A-3b37d9,5.0,1.8,0.0
A-3b37d9,Company_384,FinTech,US,27-01-2023,event,Enterprise,23,False,0,S-07aba0,A-3b37d9,11-04-2023,31-12-2026,Enterprise,23,4577,54924,False,True,False,False,annual,True,36.0,14454.0,1.0,A-3b37d9,5.0,1.8,0.0
A-3b37d9,Company_384,FinTech,US,27-01-2023,event,Enterprise,23,False,0,S-02b754,A-3b37d9,11-10-2023,31-12-2026,Enterprise,23,4577,54924,False,False,False,False,annual,False,138.0,40604.0,10.0,A-3b37d9,5.0,1.8,0.0
A-3b37d9,Company_384,FinTech,US,27-01-2023,event,Enterprise,23,False,0,S-d1dbf7,A-3b37d9,02-12-2023,31-12-2026,Pro,28,0,0,True,False,False,False,monthly,True,20.0,1792.0,0.0,A-3b37d9,5.0,1.8,0.0
A-54d94a,Company_385,Cybersecurity,IN,01-05-2023,event,Basic,27,False,0,S-dbde43,A-54d94a,17-12-2023,31-12-2026,Pro,27,1323,15876,False,False,False,False,annual,True,48.0,18897.0,3.0,A-54d94a,4.0,1.75,0.0
A-54d94a,Company_385,Cybersecurity,IN,01-05-2023,event,Basic,27,False,0,S-5717da,A-54d94a,24-10-2024,31-12-2026,Pro,27,1323,15876,False,False,False,False,monthly,True,49.0,14024.0,4.0,A-54d94a,4.0,1.75,0.0
A-54d94a,Company_385,Cybersecurity,IN,01-05-2023,event,Basic,27,False,0,S-6d6ab6,A-54d94a,21-12-2024,31-12-2026,Basic,27,513,6156,False,False,False,False,annual,True,71.0,18135.0,3.0,A-54d94a,4.0,1.75,0.0
A-54d94a,Company_385,Cybersecurity,IN,01-05-2023,event,Basic,27,False,0,S-76b06c,A-54d94a,06-08-2024,31-12-2026,Pro,27,1323,15876,False,False,False,False,monthly,True,55.0,13900.0,3.0,A-54d94a,4.0,1.75,0.0
A-54d94a,Company_385,Cybersecurity,IN,01-05-2023,event,Basic,27,False,0,S-7553fb,A-54d94a,29-11-2023,28-01-2024,Enterprise,52,0,0,True,False,False,True,monthly,False,69.0,18697.0,2.0,A-54d94a,4.0,1.75,0.0
A-54d94a,Company_385,Cybersecurity,IN,01-05-2023,event,Basic,27,False,0,S-cfb886,A-54d94a,19-12-2024,31-12-2026,Pro,27,1323,15876,False,False,False,False,annual,True,12.0,2976.0,0.0,A-54d94a,4.0,1.75,0.0
A-54d94a,Company_385,Cybersecurity,IN,01-05-2023,event,Basic,27,False,0,S-aabbf4,A-54d94a,06-01-2024,31-12-2026,Pro,52,2548,30576,False,True,False,False,annual,True,67.0,20257.0,2.0,A-54d94a,4.0,1.75,0.0
A-54d94a,Company_385,Cybersecurity,IN,01-05-2023,event,Basic,27,False,0,S-cfedb3,A-54d94a,16-07-2024,31-12-2026,Basic,27,513,6156,False,False,False,False,annual,True,58.0,24137.0,2.0,A-54d94a,4.0,1.75,0.0
A-54d94a,Company_385,Cybersecurity,IN,01-05-2023,event,Basic,27,False,0,S-0a7396,A-54d94a,24-02-2024,31-12-2026,Pro,27,1323,15876,False,False,True,False,monthly,True,32.0,15671.0,1.0,A-54d94a,4.0,1.75,0.0
A-54d94a,Company_385,Cybersecurity,IN,01-05-2023,event,Basic,27,False,0,S-54bb4e,A-54d94a,16-12-2023,31-12-2026,Basic,55,1045,12540,False,False,False,False,monthly,True,21.0,5208.0,2.0,A-54d94a,4.0,1.75,0.0
A-54d94a,Company_385,Cybersecurity,IN,01-05-2023,event,Basic,27,False,0,S-1ccdd4,A-54d94a,21-10-2024,31-12-2026,Pro,27,1323,15876,False,False,False,False,monthly,True,100.0,22260.0,6.0,A-54d94a,4.0,1.75,0.0
A-7f29a7,Company_386,Cybersecurity,UK,18-09-2024,event,Basic,41,True,0,S-9cb6a7,A-7f29a7,21-12-2024,31-12-2026,Basic,41,779,9348,False,False,False,False,monthly,True,14.0,4186.0,0.0,A-7f29a7,1.0,4.0,0.0
A-7f29a7,Company_386,Cybersecurity,UK,18-09-2024,event,Basic,41,True,0,S-bdc6b7,A-7f29a7,02-12-2024,25-12-2024,Enterprise,41,8159,97908,False,False,False,True,monthly,False,19.0,3126.0,1.0,A-7f29a7,1.0,4.0,0.0
A-7f29a7,Company_386,Cybersecurity,UK,18-09-2024,event,Basic,41,True,0,S-7679b6,A-7f29a7,14-10-2024,31-12-2026,Pro,41,2009,24108,False,False,False,False,annual,False,83.0,29368.0,8.0,A-7f29a7,1.0,4.0,0.0
A-7f29a7,Company_386,Cybersecurity,UK,18-09-2024,event,Basic,41,True,0,S-68adfa,A-7f29a7,06-10-2024,31-12-2026,Basic,41,0,0,True,False,False,False,monthly,True,43.0,13254.0,1.0,A-7f29a7,1.0,4.0,0.0
A-7f29a7,Company_386,Cybersecurity,UK,18-09-2024,event,Basic,41,True,0,S-7b65f4,A-7f29a7,07-11-2024,02-12-2024,Basic,41,779,9348,False,False,False,True,monthly,False,96.0,23054.0,4.0,A-7f29a7,1.0,4.0,0.0
A-7f29a7,Company_386,Cybersecurity,UK,18-09-2024,event,Basic,41,True,0,S-be655e,A-7f29a7,24-11-2024,31-12-2026,Basic,41,779,9348,False,False,False,False,annual,True,69.0,22995.0,7.0,A-7f29a7,1.0,4.0,0.0
A-7f29a7,Company_386,Cybersecurity,UK,18-09-2024,event,Basic,41,True,0,S-9e8ce0,A-7f29a7,28-11-2024,31-12-2026,Pro,41,2009,24108,False,False,False,False,annual,True,26.0,9143.0,0.0,A-7f29a7,1.0,4.0,0.0
A-7f29a7,Company_386,Cybersecurity,UK,18-09-2024,event,Basic,41,True,0,S-d76bd0,A-7f29a7,08-10-2024,15-10-2024,Basic,41,779,9348,False,False,False,True,monthly,False,41.0,8981.0,4.0,A-7f29a7,1.0,4.0,0.0
A-7f29a7,Company_386,Cybersecurity,UK,18-09-2024,event,Basic,41,True,0,S-c3d6a2,A-7f29a7,03-12-2024,31-12-2026,Basic,41,779,9348,False,False,False,False,annual,True,79.0,28371.0,1.0,A-7f29a7,1.0,4.0,0.0
A-7f29a7,Company_386,Cybersecurity,UK,18-09-2024,event,Basic,41,True,0,S-80af39,A-7f29a7,26-09-2024,31-12-2026,Basic,41,779,9348,False,False,False,False,monthly,True,61.0,21370.0,9.0,A-7f29a7,1.0,4.0,0.0
A-7f29a7,Company_386,Cybersecurity,UK,18-09-2024,event,Basic,41,True,0,S-fcbd92,A-7f29a7,21-12-2024,31-12-2026,Pro,41,2009,24108,False,False,False,False,monthly,True,88.0,13361.0,3.0,A-7f29a7,1.0,4.0,0.0
A-089363,Company_387,FinTech,AU,06-05-2023,event,Basic,2,False,0,S-46eb1c,A-089363,13-10-2024,31-12-2026,Basic,11,209,2508,False,False,False,False,annual,False,63.0,19122.0,8.0,A-089363,3.0,3.6666666666666665,0.0
A-089363,Company_387,FinTech,AU,06-05-2023,event,Basic,2,False,0,S-fcfb31,A-089363,03-10-2023,31-12-2026,Enterprise,31,0,0,True,False,False,False,monthly,False,17.0,5030.0,1.0,A-089363,3.0,3.6666666666666665,0.0
A-089363,Company_387,FinTech,AU,06-05-2023,event,Basic,2,False,0,S-50a388,A-089363,18-06-2024,31-12-2026,Pro,34,0,0,True,True,False,False,annual,True,19.0,5477.0,3.0,A-089363,3.0,3.6666666666666665,0.0
A-089363,Company_387,FinTech,AU,06-05-2023,event,Basic,2,False,0,S-292c06,A-089363,11-07-2024,31-12-2026,Pro,26,1274,15288,False,False,False,False,monthly,True,35.0,7855.0,0.0,A-089363,3.0,3.6666666666666665,0.0
A-089363,Company_387,FinTech,AU,06-05-2023,event,Basic,2,False,0,S-d62a15,A-089363,08-08-2024,31-12-2026,Enterprise,10,1990,23880,False,False,False,False,annual,True,39.0,13578.0,0.0,A-089363,3.0,3.6666666666666665,0.0
A-089363,Company_387,FinTech,AU,06-05-2023,event,Basic,2,False,0,S-5bb13f,A-089363,10-01-2024,31-12-2026,Enterprise,15,2985,35820,False,False,False,False,monthly,False,65.0,21900.0,4.0,A-089363,3.0,3.6666666666666665,0.0
A-089363,Company_387,FinTech,AU,06-05-2023,event,Basic,2,False,0,S-883efd,A-089363,09-06-2024,31-12-2026,Pro,2,0,0,True,False,False,False,monthly,True,81.0,28349.0,4.0,A-089363,3.0,3.6666666666666665,0.0
A-089363,Company_387,FinTech,AU,06-05-2023,event,Basic,2,False,0,S-85caaf,A-089363,03-06-2023,31-12-2026,Pro,2,98,1176,False,True,False,False,annual,True,58.0,13733.0,1.0,A-089363,3.0,3.6666666666666665,0.0
A-089363,Company_387,FinTech,AU,06-05-2023,event,Basic,2,False,0,S-a83bf1,A-089363,04-11-2023,31-12-2026,Basic,40,760,9120,False,False,False,False,monthly,False,30.0,16707.0,1.0,A-089363,3.0,3.6666666666666665,0.0
A-089363,Company_387,FinTech,AU,06-05-2023,event,Basic,2,False,0,S-00837c,A-089363,15-11-2024,27-11-2024,Enterprise,43,8557,102684,False,False,False,True,annual,False,45.0,8638.0,7.0,A-089363,3.0,3.6666666666666665,0.0
A-089363,Company_387,FinTech,AU,06-05-2023,event,Basic,2,False,0,S-a53e06,A-089363,14-06-2024,31-12-2026,Basic,3,57,684,False,False,False,False,annual,False,54.0,10946.0,1.0,A-089363,3.0,3.6666666666666665,0.0
A-089363,Company_387,FinTech,AU,06-05-2023,event,Basic,2,False,0,S-1e1853,A-089363,25-11-2024,31-12-2024,Enterprise,26,5174,62088,False,False,False,True,monthly,True,44.0,22500.0,2.0,A-089363,3.0,3.6666666666666665,0.0
A-089363,Company_387,FinTech,AU,06-05-2023,event,Basic,2,False,0,S-2843fe,A-089363,26-06-2024,31-12-2026,Basic,2,0,0,True,False,False,False,monthly,True,74.0,20352.0,1.0,A-089363,3.0,3.6666666666666665,0.0
A-089363,Company_387,FinTech,AU,06-05-2023,event,Basic,2,False,0,S-00b0bc,A-089363,12-12-2024,31-12-2026,Enterprise,9,0,0,True,False,False,False,annual,True,4.0,2304.0,0.0,A-089363,3.0,3.6666666666666665,0.0
A-524364,Company_388,DevTools,FR,31-12-2024,partner,Enterprise,3,False,0,S-9eda4d,A-524364,31-12-2024,31-12-2026,Enterprise,3,0,0,True,False,False,False,monthly,True,49.0,14732.0,4.0,A-524364,3.0,4.333333333333333,0.0
A-524364,Company_388,DevTools,FR,31-12-2024,partner,Enterprise,3,False,0,S-5685bf,A-524364,31-12-2024,31-12-2026,Enterprise,108,0,0,True,False,False,False,annual,True,43.0,14670.0,10.0,A-524364,3.0,4.333333333333333,0.0
A-524364,Company_388,DevTools,FR,31-12-2024,partner,Enterprise,3,False,0,S-dee62f,A-524364,31-12-2024,31-12-2026,Basic,12,228,2736,False,False,False,False,monthly,True,44.0,12114.0,2.0,A-524364,3.0,4.333333333333333,0.0
A-524364,Company_388,DevTools,FR,31-12-2024,partner,Enterprise,3,False,0,S-a33656,A-524364,31-12-2024,31-12-2026,Basic,12,228,2736,False,False,False,False,monthly,True,18.0,3678.0,0.0,A-524364,3.0,4.333333333333333,0.0
A-524364,Company_388,DevTools,FR,31-12-2024,partner,Enterprise,3,False,0,S-7480e6,A-524364,31-12-2024,31-12-2026,Enterprise,43,8557,102684,False,False,False,False,annual,True,44.0,13224.0,4.0,A-524364,3.0,4.333333333333333,0.0
A-524364,Company_388,DevTools,FR,31-12-2024,partner,Enterprise,3,False,0,S-47b86b,A-524364,31-12-2024,31-12-2026,Pro,11,539,6468,False,False,False,False,monthly,True,39.0,14151.0,4.0,A-524364,3.0,4.333333333333333,0.0
A-855a48,Company_389,EdTech,US,22-12-2023,partner,Pro,14,True,0,S-6c969d,A-855a48,08-05-2024,31-12-2026,Basic,14,266,3192,False,False,False,False,monthly,False,50.0,14290.0,1.0,A-855a48,5.0,2.2,0.0
A-855a48,Company_389,EdTech,US,22-12-2023,partner,Pro,14,True,0,S-a8f236,A-855a48,17-03-2024,31-12-2026,Enterprise,14,2786,33432,False,False,False,False,monthly,False,70.0,26387.0,3.0,A-855a48,5.0,2.2,0.0
A-855a48,Company_389,EdTech,US,22-12-2023,partner,Pro,14,True,0,S-72cf21,A-855a48,30-01-2024,31-12-2026,Enterprise,40,7960,95520,False,False,True,False,annual,False,32.0,15969.0,3.0,A-855a48,5.0,2.2,0.0
A-855a48,Company_389,EdTech,US,22-12-2023,partner,Pro,14,True,0,S-918151,A-855a48,29-05-2024,31-12-2026,Enterprise,27,5373,64476,False,False,False,False,annual,False,83.0,25320.0,5.0,A-855a48,5.0,2.2,0.0
A-855a48,Company_389,EdTech,US,22-12-2023,partner,Pro,14,True,0,S-104ed3,A-855a48,02-03-2024,31-12-2026,Basic,14,266,3192,False,False,False,False,annual,True,61.0,20026.0,1.0,A-855a48,5.0,2.2,0.0
A-855a48,Company_389,EdTech,US,22-12-2023,partner,Pro,14,True,0,S-c1316c,A-855a48,30-07-2024,31-12-2026,Enterprise,60,11940,143280,False,False,False,False,annual,True,46.0,6403.0,0.0,A-855a48,5.0,2.2,0.0
A-855a48,Company_389,EdTech,US,22-12-2023,partner,Pro,14,True,0,S-3f2b4c,A-855a48,27-02-2024,31-12-2026,Pro,31,1519,18228,False,False,False,False,annual,True,68.0,29041.0,2.0,A-855a48,5.0,2.2,0.0
A-855a48,Company_389,EdTech,US,22-12-2023,partner,Pro,14,True,0,S-11b2c6,A-855a48,06-06-2024,31-12-2026,Basic,14,266,3192,False,False,False,False,monthly,False,38.0,8472.0,1.0,A-855a48,5.0,2.2,0.0
A-756192,Company_390,FinTech,IN,11-06-2023,other,Basic,19,False,0,S-f5d8ce,A-756192,27-10-2023,31-12-2026,Pro,19,931,11172,False,False,False,False,monthly,False,54.0,13484.0,0.0,A-756192,3.0,2.6666666666666665,0.0
A-756192,Company_390,FinTech,IN,11-06-2023,other,Basic,19,False,0,S-43b137,A-756192,14-06-2024,31-12-2026,Enterprise,39,7761,93132,False,False,False,False,annual,True,19.0,7693.0,0.0,A-756192,3.0,2.6666666666666665,0.0
A-756192,Company_390,FinTech,IN,11-06-2023,other,Basic,19,False,0,S-0ecec7,A-756192,17-07-2024,31-12-2026,Enterprise,19,3781,45372,False,False,False,False,monthly,True,74.0,27635.0,8.0,A-756192,3.0,2.6666666666666665,0.0
A-756192,Company_390,FinTech,IN,11-06-2023,other,Basic,19,False,0,S-e89b90,A-756192,12-12-2024,31-12-2026,Pro,38,1862,22344,False,False,False,False,annual,True,85.0,27496.0,7.0,A-756192,3.0,2.6666666666666665,0.0
A-756192,Company_390,FinTech,IN,11-06-2023,other,Basic,19,False,0,S-2ecaea,A-756192,28-06-2024,31-12-2026,Enterprise,25,4975,59700,False,False,False,False,monthly,True,80.0,20142.0,10.0,A-756192,3.0,2.6666666666666665,0.0
A-756192,Company_390,FinTech,IN,11-06-2023,other,Basic,19,False,0,S-9a0b2f,A-756192,17-09-2023,31-12-2026,Pro,19,0,0,True,True,False,False,monthly,True,48.0,16808.0,7.0,A-756192,3.0,2.6666666666666665,0.0
A-756192,Company_390,FinTech,IN,11-06-2023,other,Basic,19,False,0,S-373490,A-756192,28-09-2024,31-12-2026,Enterprise,19,0,0,True,False,False,False,monthly,True,39.0,6552.0,2.0,A-756192,3.0,2.6666666666666665,0.0
A-756192,Company_390,FinTech,IN,11-06-2023,other,Basic,19,False,0,S-a54f87,A-756192,11-08-2024,31-12-2026,Basic,68,1292,15504,False,False,False,False,annual,True,94.0,30670.0,2.0,A-756192,3.0,2.6666666666666665,0.0
A-756192,Company_390,FinTech,IN,11-06-2023,other,Basic,19,False,0,S-827bc4,A-756192,29-11-2024,31-12-2026,Basic,23,437,5244,False,False,False,False,monthly,False,51.0,15624.0,2.0,A-756192,3.0,2.6666666666666665,0.0
A-756192,Company_390,FinTech,IN,11-06-2023,other,Basic,19,False,0,S-f24690,A-756192,18-11-2024,31-12-2026,Basic,19,361,4332,False,False,False,False,monthly,True,73.0,17481.0,5.0,A-756192,3.0,2.6666666666666665,0.0
A-49b828,Company_391,FinTech,IN,05-05-2023,ads,Pro,6,False,0,S-da0a69,A-49b828,11-05-2023,31-12-2026,Pro,6,294,3528,False,False,False,False,monthly,True,93.0,21277.0,6.0,A-49b828,3.0,2.3333333333333335,1.0
A-49b828,Company_391,FinTech,IN,05-05-2023,ads,Pro,6,False,0,S-41023c,A-49b828,15-12-2023,31-12-2026,Enterprise,31,6169,74028,False,False,False,False,annual,True,57.0,12921.0,3.0,A-49b828,3.0,2.3333333333333335,1.0
A-49b828,Company_391,FinTech,IN,05-05-2023,ads,Pro,6,False,0,S-285534,A-49b828,09-11-2024,31-12-2026,Basic,13,247,2964,False,False,False,False,annual,True,49.0,17560.0,3.0,A-49b828,3.0,2.3333333333333335,1.0
A-49b828,Company_391,FinTech,IN,05-05-2023,ads,Pro,6,False,0,S-9fbee8,A-49b828,09-10-2024,31-12-2026,Pro,10,490,5880,False,False,False,False,annual,True,21.0,6059.0,1.0,A-49b828,3.0,2.3333333333333335,1.0
A-49b828,Company_391,FinTech,IN,05-05-2023,ads,Pro,6,False,0,S-82eb3e,A-49b828,18-07-2024,31-12-2026,Enterprise,6,1194,14328,False,False,False,False,annual,False,51.0,15114.0,3.0,A-49b828,3.0,2.3333333333333335,1.0
A-49b828,Company_391,FinTech,IN,05-05-2023,ads,Pro,6,False,0,S-108282,A-49b828,26-03-2024,31-12-2026,Pro,30,1470,17640,False,False,False,False,annual,True,78.0,19151.0,11.0,A-49b828,3.0,2.3333333333333335,1.0
A-49b828,Company_391,FinTech,IN,05-05-2023,ads,Pro,6,False,0,S-e77144,A-49b828,09-08-2023,31-12-2026,Enterprise,25,4975,59700,False,True,False,False,monthly,True,33.0,9191.0,2.0,A-49b828,3.0,2.3333333333333335,1.0
A-49b828,Company_391,FinTech,IN,05-05-2023,ads,Pro,6,False,0,S-ee994a,A-49b828,18-04-2024,31-12-2026,Pro,25,1225,14700,False,False,False,False,monthly,True,27.0,7661.0,0.0,A-49b828,3.0,2.3333333333333335,1.0
A-49b828,Company_391,FinTech,IN,05-05-2023,ads,Pro,6,False,0,S-b2b1b9,A-49b828,06-10-2023,31-12-2026,Enterprise,49,9751,117012,False,True,False,False,annual,True,48.0,17641.0,0.0,A-49b828,3.0,2.3333333333333335,1.0
A-49b828,Company_391,FinTech,IN,05-05-2023,ads,Pro,6,False,0,S-be509c,A-49b828,10-08-2023,31-12-2026,Enterprise,6,0,0,True,False,False,False,annual,True,50.0,15735.0,4.0,A-49b828,3.0,2.3333333333333335,1.0
A-49b828,Company_391,FinTech,IN,05-05-2023,ads,Pro,6,False,0,S-f3d5d7,A-49b828,22-11-2024,31-12-2026,Enterprise,20,3980,47760,False,False,False,False,annual,True,37.0,8912.0,3.0,A-49b828,3.0,2.3333333333333335,1.0
A-49b828,Company_391,FinTech,IN,05-05-2023,ads,Pro,6,False,0,S-db4e11,A-49b828,09-08-2024,31-12-2026,Pro,14,686,8232,False,False,False,False,monthly,True,63.0,6165.0,6.0,A-49b828,3.0,2.3333333333333335,1.0
A-49b828,Company_391,FinTech,IN,05-05-2023,ads,Pro,6,False,0,S-dbee03,A-49b828,16-05-2023,31-12-2026,Basic,9,171,2052,False,False,False,False,monthly,True,49.0,14650.0,3.0,A-49b828,3.0,2.3333333333333335,1.0
A-49b828,Company_391,FinTech,IN,05-05-2023,ads,Pro,6,False,0,S-22c66b,A-49b828,17-02-2024,31-12-2026,Basic,24,456,5472,False,False,False,False,monthly,True,31.0,15146.0,0.0,A-49b828,3.0,2.3333333333333335,1.0
A-c7ffc2,Company_392,Cybersecurity,US,27-01-2023,partner,Pro,30,True,0,S-0a2238,A-c7ffc2,16-09-2024,31-12-2026,Basic,30,570,6840,False,False,False,False,monthly,True,107.0,34067.0,7.0,A-c7ffc2,2.0,1.5,0.0
A-c7ffc2,Company_392,Cybersecurity,US,27-01-2023,partner,Pro,30,True,0,S-c25263,A-c7ffc2,22-09-2023,31-12-2026,Basic,30,570,6840,False,True,False,False,annual,True,80.0,23531.0,1.0,A-c7ffc2,2.0,1.5,0.0
A-c7ffc2,Company_392,Cybersecurity,US,27-01-2023,partner,Pro,30,True,0,S-1082f7,A-c7ffc2,21-08-2023,31-12-2026,Basic,57,1083,12996,False,False,False,False,annual,True,19.0,6104.0,0.0,A-c7ffc2,2.0,1.5,0.0
A-c7ffc2,Company_392,Cybersecurity,US,27-01-2023,partner,Pro,30,True,0,S-8a7e47,A-c7ffc2,27-12-2024,31-12-2026,Basic,49,931,11172,False,False,False,False,monthly,False,43.0,15466.0,2.0,A-c7ffc2,2.0,1.5,0.0
A-c7ffc2,Company_392,Cybersecurity,US,27-01-2023,partner,Pro,30,True,0,S-772ef0,A-c7ffc2,25-02-2024,31-12-2026,Pro,30,1470,17640,False,False,False,False,annual,True,99.0,32007.0,6.0,A-c7ffc2,2.0,1.5,0.0
A-c7ffc2,Company_392,Cybersecurity,US,27-01-2023,partner,Pro,30,True,0,S-8eb6df,A-c7ffc2,17-02-2024,31-12-2026,Enterprise,30,5970,71640,False,False,False,False,monthly,True,27.0,7527.0,0.0,A-c7ffc2,2.0,1.5,0.0
A-c7ffc2,Company_392,Cybersecurity,US,27-01-2023,partner,Pro,30,True,0,S-aa7247,A-c7ffc2,15-08-2024,31-12-2026,Basic,30,570,6840,False,False,False,False,monthly,True,46.0,14545.0,4.0,A-c7ffc2,2.0,1.5,0.0
A-c7ffc2,Company_392,Cybersecurity,US,27-01-2023,partner,Pro,30,True,0,S-cdde2b,A-c7ffc2,19-07-2023,31-12-2026,Basic,30,570,6840,False,True,False,False,monthly,False,39.0,9986.0,0.0,A-c7ffc2,2.0,1.5,0.0
A-c7ffc2,Company_392,Cybersecurity,US,27-01-2023,partner,Pro,30,True,0,S-2359a2,A-c7ffc2,12-03-2024,31-12-2026,Enterprise,30,5970,71640,False,False,False,False,annual,False,21.0,9779.0,0.0,A-c7ffc2,2.0,1.5,0.0
A-c7ffc2,Company_392,Cybersecurity,US,27-01-2023,partner,Pro,30,True,0,S-2b550a,A-c7ffc2,01-11-2023,31-12-2026,Enterprise,30,5970,71640,False,True,False,False,monthly,True,37.0,17230.0,2.0,A-c7ffc2,2.0,1.5,0.0
A-c7ffc2,Company_392,Cybersecurity,US,27-01-2023,partner,Pro,30,True,0,S-f6ca9e,A-c7ffc2,27-10-2024,31-12-2026,Enterprise,30,5970,71640,False,False,False,False,annual,True,61.0,13085.0,0.0,A-c7ffc2,2.0,1.5,0.0
A-c7ffc2,Company_392,Cybersecurity,US,27-01-2023,partner,Pro,30,True,0,S-432401,A-c7ffc2,25-05-2023,31-12-2026,Pro,132,6468,77616,False,False,False,False,monthly,True,61.0,17630.0,6.0,A-c7ffc2,2.0,1.5,0.0
A-751c58,Company_393,FinTech,UK,18-07-2024,organic,Basic,15,False,0,S-16ef7a,A-751c58,16-12-2024,31-12-2026,Basic,16,0,0,True,False,False,False,monthly,True,59.0,19350.0,4.0,A-751c58,5.0,2.6,0.0
A-751c58,Company_393,FinTech,UK,18-07-2024,organic,Basic,15,False,0,S-9a8d01,A-751c58,30-08-2024,31-12-2026,Pro,33,1617,19404,False,True,False,False,monthly,False,39.0,6668.0,0.0,A-751c58,5.0,2.6,0.0
A-751c58,Company_393,FinTech,UK,18-07-2024,organic,Basic,15,False,0,S-dbc4d5,A-751c58,24-08-2024,31-12-2026,Pro,15,735,8820,False,False,False,False,annual,True,77.0,30006.0,5.0,A-751c58,5.0,2.6,0.0
A-751c58,Company_393,FinTech,UK,18-07-2024,organic,Basic,15,False,0,S-4d2011,A-751c58,29-07-2024,31-12-2026,Enterprise,15,2985,35820,False,False,False,False,annual,False,32.0,9213.0,1.0,A-751c58,5.0,2.6,0.0
A-751c58,Company_393,FinTech,UK,18-07-2024,organic,Basic,15,False,0,S-3a3d0f,A-751c58,20-09-2024,31-12-2026,Basic,18,342,4104,False,False,False,False,annual,True,72.0,20875.0,0.0,A-751c58,5.0,2.6,0.0
A-751c58,Company_393,FinTech,UK,18-07-2024,organic,Basic,15,False,0,S-767957,A-751c58,28-08-2024,31-12-2026,Enterprise,15,0,0,True,True,False,False,annual,True,45.0,19791.0,2.0,A-751c58,5.0,2.6,0.0
A-751c58,Company_393,FinTech,UK,18-07-2024,organic,Basic,15,False,0,S-128f55,A-751c58,16-09-2024,31-12-2026,Pro,45,2205,26460,False,False,False,False,annual,True,75.0,17855.0,0.0,A-751c58,5.0,2.6,0.0
A-751c58,Company_393,FinTech,UK,18-07-2024,organic,Basic,15,False,0,S-aede24,A-751c58,09-09-2024,31-12-2026,Enterprise,15,2985,35820,False,True,False,False,annual,True,57.0,13719.0,0.0,A-751c58,5.0,2.6,0.0
A-751c58,Company_393,FinTech,UK,18-07-2024,organic,Basic,15,False,0,S-f497df,A-751c58,21-12-2024,31-12-2026,Basic,71,1349,16188,False,False,False,False,annual,True,27.0,10271.0,0.0,A-751c58,5.0,2.6,0.0
A-751c58,Company_393,FinTech,UK,18-07-2024,organic,Basic,15,False,0,S-2aaca3,A-751c58,18-12-2024,31-12-2026,Enterprise,26,5174,62088,False,False,False,False,monthly,True,62.0,25591.0,0.0,A-751c58,5.0,2.6,0.0
A-751c58,Company_393,FinTech,UK,18-07-2024,organic,Basic,15,False,0,S-59d050,A-751c58,11-10-2024,31-12-2026,Pro,45,2205,26460,False,True,False,False,monthly,True,29.0,6066.0,0.0,A-751c58,5.0,2.6,0.0
A-72799b,Company_394,DevTools,FR,13-11-2023,event,Enterprise,20,False,1,S-d2d423,A-72799b,12-08-2024,31-12-2026,Enterprise,20,3980,47760,False,False,False,False,monthly,True,91.0,23686.0,2.0,A-72799b,2.0,4.5,1.0
A-72799b,Company_394,DevTools,FR,13-11-2023,event,Enterprise,20,False,1,S-8ae507,A-72799b,16-03-2024,31-12-2026,Pro,20,980,11760,False,True,False,False,annual,False,85.0,24622.0,6.0,A-72799b,2.0,4.5,1.0
A-72799b,Company_394,DevTools,FR,13-11-2023,event,Enterprise,20,False,1,S-d7ae8c,A-72799b,28-12-2023,31-12-2026,Basic,20,380,4560,False,True,False,False,monthly,True,59.0,12685.0,3.0,A-72799b,2.0,4.5,1.0
A-72799b,Company_394,DevTools,FR,13-11-2023,event,Enterprise,20,False,1,S-8c61f4,A-72799b,17-04-2024,31-12-2026,Basic,34,646,7752,False,False,False,False,annual,False,94.0,25128.0,4.0,A-72799b,2.0,4.5,1.0
A-72799b,Company_394,DevTools,FR,13-11-2023,event,Enterprise,20,False,1,S-dd1d46,A-72799b,18-11-2023,31-12-2026,Enterprise,20,0,0,True,False,False,False,monthly,True,52.0,19767.0,7.0,A-72799b,2.0,4.5,1.0
A-72799b,Company_394,DevTools,FR,13-11-2023,event,Enterprise,20,False,1,S-f61f42,A-72799b,17-05-2024,31-12-2026,Enterprise,20,3980,47760,False,False,False,False,monthly,True,45.0,16562.0,4.0,A-72799b,2.0,4.5,1.0
A-72799b,Company_394,DevTools,FR,13-11-2023,event,Enterprise,20,False,1,S-8bab7f,A-72799b,21-04-2024,30-09-2024,Basic,20,380,4560,False,False,True,True,monthly,True,49.0,14540.0,0.0,A-72799b,2.0,4.5,1.0
A-72799b,Company_394,DevTools,FR,13-11-2023,event,Enterprise,20,False,1,S-89a8a2,A-72799b,21-10-2024,31-12-2026,Pro,61,2989,35868,False,False,False,False,annual,True,32.0,13456.0,4.0,A-72799b,2.0,4.5,1.0
A-72799b,Company_394,DevTools,FR,13-11-2023,event,Enterprise,20,False,1,S-dc86fa,A-72799b,02-09-2024,31-12-2026,Pro,30,0,0,True,False,False,False,monthly,True,25.0,3152.0,3.0,A-72799b,2.0,4.5,1.0
A-72799b,Company_394,DevTools,FR,13-11-2023,event,Enterprise,20,False,1,S-3ef584,A-72799b,17-11-2023,31-12-2026,Enterprise,20,3980,47760,False,False,False,False,annual,True,18.0,1400.0,1.0,A-72799b,2.0,4.5,1.0
A-812c5b,Company_395,DevTools,CA,25-02-2024,organic,Basic,55,False,1,S-b5b9a5,A-812c5b,25-07-2024,31-12-2026,Basic,55,1045,12540,False,False,False,False,monthly,True,49.0,13658.0,3.0,A-812c5b,4.0,2.0,0.0
A-812c5b,Company_395,DevTools,CA,25-02-2024,organic,Basic,55,False,1,S-feccd8,A-812c5b,22-12-2024,31-12-2026,Enterprise,55,10945,131340,False,False,False,False,monthly,True,15.0,6457.0,1.0,A-812c5b,4.0,2.0,0.0
A-812c5b,Company_395,DevTools,CA,25-02-2024,organic,Basic,55,False,1,S-a37653,A-812c5b,12-10-2024,31-12-2026,Pro,55,2695,32340,False,False,False,False,monthly,False,39.0,7675.0,6.0,A-812c5b,4.0,2.0,0.0
A-812c5b,Company_395,DevTools,CA,25-02-2024,organic,Basic,55,False,1,S-bf89e6,A-812c5b,19-05-2024,31-12-2026,Pro,130,6370,76440,False,False,False,False,monthly,True,55.0,19940.0,3.0,A-812c5b,4.0,2.0,0.0
A-812c5b,Company_395,DevTools,CA,25-02-2024,organic,Basic,55,False,1,S-c5835c,A-812c5b,25-06-2024,31-12-2026,Basic,55,0,0,True,False,False,False,monthly,True,38.0,15397.0,2.0,A-812c5b,4.0,2.0,0.0
A-812c5b,Company_395,DevTools,CA,25-02-2024,organic,Basic,55,False,1,S-1bbf0a,A-812c5b,02-12-2024,31-12-2026,Pro,55,0,0,True,False,False,False,monthly,True,110.0,40756.0,5.0,A-812c5b,4.0,2.0,0.0
A-812c5b,Company_395,DevTools,CA,25-02-2024,organic,Basic,55,False,1,S-542c37,A-812c5b,27-12-2024,31-12-2026,Pro,55,2695,32340,False,False,False,False,monthly,True,51.0,12001.0,3.0,A-812c5b,4.0,2.0,0.0
A-812c5b,Company_395,DevTools,CA,25-02-2024,organic,Basic,55,False,1,S-ce90ba,A-812c5b,03-04-2024,31-12-2026,Pro,55,0,0,True,False,False,False,monthly,True,42.0,13826.0,3.0,A-812c5b,4.0,2.0,0.0
A-812c5b,Company_395,DevTools,CA,25-02-2024,organic,Basic,55,False,1,S-942caf,A-812c5b,07-11-2024,31-12-2026,Basic,71,1349,16188,False,False,False,False,monthly,True,116.0,32100.0,9.0,A-812c5b,4.0,2.0,0.0
A-812c5b,Company_395,DevTools,CA,25-02-2024,organic,Basic,55,False,1,S-b3f2cb,A-812c5b,19-06-2024,31-12-2026,Enterprise,55,0,0,True,False,False,False,monthly,True,87.0,32401.0,2.0,A-812c5b,4.0,2.0,0.0
A-812c5b,Company_395,DevTools,CA,25-02-2024,organic,Basic,55,False,1,S-099dbc,A-812c5b,21-07-2024,31-12-2026,Pro,55,2695,32340,False,False,False,False,monthly,True,55.0,14628.0,2.0,A-812c5b,4.0,2.0,0.0
A-812c5b,Company_395,DevTools,CA,25-02-2024,organic,Basic,55,False,1,S-d9e0d1,A-812c5b,15-11-2024,31-12-2026,Basic,55,1045,12540,False,False,False,False,annual,True,88.0,23354.0,0.0,A-812c5b,4.0,2.0,0.0
A-812c5b,Company_395,DevTools,CA,25-02-2024,organic,Basic,55,False,1,S-66bae1,A-812c5b,22-10-2024,31-12-2026,Basic,55,1045,12540,False,False,False,False,monthly,True,121.0,37402.0,7.0,A-812c5b,4.0,2.0,0.0
A-69b156,Company_396,EdTech,US,21-11-2023,other,Pro,7,False,1,S-c2f293,A-69b156,10-12-2024,30-12-2024,Basic,8,152,1824,False,False,False,True,monthly,False,21.0,2968.0,0.0,A-69b156,7.0,2.2857142857142856,0.0
A-69b156,Company_396,EdTech,US,21-11-2023,other,Pro,7,False,1,S-807d87,A-69b156,16-01-2024,31-12-2026,Enterprise,28,5572,66864,False,False,False,False,annual,True,59.0,13603.0,2.0,A-69b156,7.0,2.2857142857142856,0.0
A-69b156,Company_396,EdTech,US,21-11-2023,other,Pro,7,False,1,S-bc1457,A-69b156,06-10-2024,31-12-2026,Enterprise,7,1393,16716,False,False,True,False,annual,True,18.0,702.0,0.0,A-69b156,7.0,2.2857142857142856,0.0
A-69b156,Company_396,EdTech,US,21-11-2023,other,Pro,7,False,1,S-7d0dea,A-69b156,16-11-2024,31-12-2026,Pro,7,0,0,True,False,True,False,monthly,True,9.0,3672.0,0.0,A-69b156,7.0,2.2857142857142856,0.0
A-69b156,Company_396,EdTech,US,21-11-2023,other,Pro,7,False,1,S-a332ba,A-69b156,15-04-2024,09-07-2024,Pro,7,343,4116,False,False,False,True,annual,False,48.0,14410.0,2.0,A-69b156,7.0,2.2857142857142856,0.0
A-69b156,Company_396,EdTech,US,21-11-2023,other,Pro,7,False,1,S-cb3c72,A-69b156,16-06-2024,31-12-2026,Enterprise,13,2587,31044,False,False,False,False,monthly,True,58.0,19286.0,4.0,A-69b156,7.0,2.2857142857142856,0.0
A-69b156,Company_396,EdTech,US,21-11-2023,other,Pro,7,False,1,S-624857,A-69b156,27-12-2023,31-12-2026,Enterprise,7,1393,16716,False,False,False,False,monthly,True,23.0,8707.0,2.0,A-69b156,7.0,2.2857142857142856,0.0
A-69b156,Company_396,EdTech,US,21-11-2023,other,Pro,7,False,1,S-1053c9,A-69b156,12-10-2024,31-12-2026,Basic,14,266,3192,False,False,False,False,annual,True,82.0,26467.0,7.0,A-69b156,7.0,2.2857142857142856,0.0
A-69b156,Company_396,EdTech,US,21-11-2023,other,Pro,7,False,1,S-f0e08e,A-69b156,16-09-2024,31-12-2026,Enterprise,13,2587,31044,False,False,False,False,monthly,True,42.0,12668.0,3.0,A-69b156,7.0,2.2857142857142856,0.0
A-075038,Company_397,HealthTech,UK,12-05-2023,ads,Basic,17,False,0,S-434140,A-075038,25-02-2024,31-12-2026,Pro,17,833,9996,False,False,False,False,annual,True,77.0,23055.0,5.0,A-075038,2.0,3.0,0.0
A-075038,Company_397,HealthTech,UK,12-05-2023,ads,Basic,17,False,0,S-d1c9e3,A-075038,09-01-2024,31-12-2026,Basic,17,323,3876,False,False,False,False,annual,True,40.0,10464.0,2.0,A-075038,2.0,3.0,0.0
A-075038,Company_397,HealthTech,UK,12-05-2023,ads,Basic,17,False,0,S-1c3522,A-075038,26-11-2023,31-12-2026,Pro,17,0,0,True,False,False,False,annual,True,32.0,9982.0,0.0,A-075038,2.0,3.0,0.0
A-075038,Company_397,HealthTech,UK,12-05-2023,ads,Basic,17,False,0,S-d93967,A-075038,11-01-2024,31-12-2026,Pro,50,2450,29400,False,False,False,False,monthly,False,32.0,8590.0,1.0,A-075038,2.0,3.0,0.0
A-075038,Company_397,HealthTech,UK,12-05-2023,ads,Basic,17,False,0,S-9c6bd0,A-075038,11-04-2024,31-12-2026,Basic,17,323,3876,False,False,False,False,monthly,True,68.0,19645.0,4.0,A-075038,2.0,3.0,0.0
A-075038,Company_397,HealthTech,UK,12-05-2023,ads,Basic,17,False,0,S-0ae33f,A-075038,14-07-2023,31-12-2026,Pro,103,5047,60564,False,False,False,False,annual,True,44.0,11613.0,1.0,A-075038,2.0,3.0,0.0
A-075038,Company_397,HealthTech,UK,12-05-2023,ads,Basic,17,False,0,S-3ba19e,A-075038,10-08-2024,31-12-2026,Basic,49,0,0,True,False,False,False,annual,True,121.0,32834.0,6.0,A-075038,2.0,3.0,0.0
A-075038,Company_397,HealthTech,UK,12-05-2023,ads,Basic,17,False,0,S-067edc,A-075038,30-11-2023,31-12-2026,Pro,23,0,0,True,True,False,False,monthly,True,21.0,4451.0,0.0,A-075038,2.0,3.0,0.0
A-075038,Company_397,HealthTech,UK,12-05-2023,ads,Basic,17,False,0,S-f4335b,A-075038,19-08-2024,31-12-2026,Enterprise,17,3383,40596,False,False,False,False,annual,False,78.0,11242.0,7.0,A-075038,2.0,3.0,0.0
A-075038,Company_397,HealthTech,UK,12-05-2023,ads,Basic,17,False,0,S-ce7c30,A-075038,02-07-2024,31-12-2026,Enterprise,17,3383,40596,False,False,False,False,monthly,True,32.0,10179.0,0.0,A-075038,2.0,3.0,0.0
A-075038,Company_397,HealthTech,UK,12-05-2023,ads,Basic,17,False,0,S-e05562,A-075038,08-11-2023,31-12-2026,Pro,17,833,9996,False,False,False,False,monthly,True,49.0,17062.0,1.0,A-075038,2.0,3.0,0.0
A-075038,Company_397,HealthTech,UK,12-05-2023,ads,Basic,17,False,0,S-c6287d,A-075038,25-07-2024,31-12-2026,Pro,17,833,9996,False,False,False,False,monthly,True,61.0,13219.0,0.0,A-075038,2.0,3.0,0.0
A-075038,Company_397,HealthTech,UK,12-05-2023,ads,Basic,17,False,0,S-b7feb8,A-075038,08-05-2024,31-12-2026,Basic,37,703,8436,False,False,False,False,annual,False,40.0,11419.0,1.0,A-075038,2.0,3.0,0.0
A-075038,Company_397,HealthTech,UK,12-05-2023,ads,Basic,17,False,0,S-da7360,A-075038,26-10-2024,31-12-2026,Basic,42,798,9576,False,False,False,False,monthly,True,48.0,14973.0,3.0,A-075038,2.0,3.0,0.0
A-940b8b,Company_398,HealthTech,DE,19-03-2024,organic,Basic,1,False,0,S-85de7a,A-940b8b,01-04-2024,31-12-2026,Enterprise,32,6368,76416,False,False,True,False,annual,True,13.0,5984.0,0.0,A-940b8b,3.0,2.6666666666666665,0.0
A-940b8b,Company_398,HealthTech,DE,19-03-2024,organic,Basic,1,False,0,S-3e8283,A-940b8b,29-04-2024,31-12-2026,Pro,24,1176,14112,False,True,False,False,annual,False,46.0,21110.0,3.0,A-940b8b,3.0,2.6666666666666665,0.0
A-940b8b,Company_398,HealthTech,DE,19-03-2024,organic,Basic,1,False,0,S-e002a1,A-940b8b,07-06-2024,31-12-2026,Basic,45,0,0,True,False,False,False,annual,True,62.0,27690.0,4.0,A-940b8b,3.0,2.6666666666666665,0.0
A-940b8b,Company_398,HealthTech,DE,19-03-2024,organic,Basic,1,False,0,S-b7cbc2,A-940b8b,11-11-2024,31-12-2026,Enterprise,7,0,0,True,False,False,False,annual,True,71.0,22828.0,7.0,A-940b8b,3.0,2.6666666666666665,0.0
A-940b8b,Company_398,HealthTech,DE,19-03-2024,organic,Basic,1,False,0,S-36069b,A-940b8b,26-06-2024,31-12-2026,Enterprise,1,199,2388,False,False,False,False,annual,True,37.0,7344.0,1.0,A-940b8b,3.0,2.6666666666666665,0.0
A-940b8b,Company_398,HealthTech,DE,19-03-2024,organic,Basic,1,False,0,S-307a21,A-940b8b,02-05-2024,31-12-2026,Basic,56,1064,12768,False,False,False,False,monthly,False,20.0,6048.0,4.0,A-940b8b,3.0,2.6666666666666665,0.0
A-940b8b,Company_398,HealthTech,DE,19-03-2024,organic,Basic,1,False,0,S-19abcf,A-940b8b,10-09-2024,31-12-2026,Pro,17,833,9996,False,False,False,False,annual,True,65.0,22545.0,11.0,A-940b8b,3.0,2.6666666666666665,0.0
A-940b8b,Company_398,HealthTech,DE,19-03-2024,organic,Basic,1,False,0,S-df147d,A-940b8b,13-09-2024,31-12-2026,Enterprise,10,0,0,True,False,False,False,monthly,True,48.0,7635.0,2.0,A-940b8b,3.0,2.6666666666666665,0.0
A-2d1036,Company_399,FinTech,US,14-06-2024,ads,Pro,69,False,1,S-37b59a,A-2d1036,24-09-2024,18-12-2024,Pro,69,3381,40572,False,False,False,True,annual,True,40.0,5074.0,0.0,A-2d1036,5.0,4.6,1.0
A-2d1036,Company_399,FinTech,US,14-06-2024,ads,Pro,69,False,1,S-343743,A-2d1036,25-08-2024,31-12-2026,Pro,69,3381,40572,False,False,False,False,annual,True,89.0,22341.0,7.0,A-2d1036,5.0,4.6,1.0
A-2d1036,Company_399,FinTech,US,14-06-2024,ads,Pro,69,False,1,S-5aa4ba,A-2d1036,25-09-2024,31-12-2026,Pro,69,3381,40572,False,False,False,False,monthly,True,55.0,11373.0,9.0,A-2d1036,5.0,4.6,1.0
A-2d1036,Company_399,FinTech,US,14-06-2024,ads,Pro,69,False,1,S-83b708,A-2d1036,02-09-2024,31-12-2026,Basic,69,1311,15732,False,False,False,False,monthly,True,66.0,20140.0,1.0,A-2d1036,5.0,4.6,1.0
A-2d1036,Company_399,FinTech,US,14-06-2024,ads,Pro,69,False,1,S-875645,A-2d1036,24-09-2024,31-12-2026,Basic,69,1311,15732,False,False,False,False,monthly,True,80.0,23171.0,6.0,A-2d1036,5.0,4.6,1.0
A-2d1036,Company_399,FinTech,US,14-06-2024,ads,Pro,69,False,1,S-b23d8d,A-2d1036,21-11-2024,31-12-2026,Basic,69,1311,15732,False,False,False,False,annual,True,61.0,13518.0,2.0,A-2d1036,5.0,4.6,1.0
A-2d1036,Company_399,FinTech,US,14-06-2024,ads,Pro,69,False,1,S-b51d34,A-2d1036,13-10-2024,24-11-2024,Enterprise,69,13731,164772,False,False,False,True,annual,True,55.0,19178.0,4.0,A-2d1036,5.0,4.6,1.0
A-2d1036,Company_399,FinTech,US,14-06-2024,ads,Pro,69,False,1,S-b95aac,A-2d1036,16-12-2024,31-12-2026,Pro,69,3381,40572,False,False,False,False,monthly,False,28.0,3420.0,4.0,A-2d1036,5.0,4.6,1.0
A-2d1036,Company_399,FinTech,US,14-06-2024,ads,Pro,69,False,1,S-5631a9,A-2d1036,16-07-2024,31-12-2026,Enterprise,69,13731,164772,False,False,False,False,annual,True,65.0,15664.0,2.0,A-2d1036,5.0,4.6,1.0
A-2d1036,Company_399,FinTech,US,14-06-2024,ads,Pro,69,False,1,S-62a617,A-2d1036,23-09-2024,17-10-2024,Basic,69,1311,15732,False,False,False,True,annual,False,22.0,7478.0,0.0,A-2d1036,5.0,4.6,1.0
A-2d1036,Company_399,FinTech,US,14-06-2024,ads,Pro,69,False,1,S-7ccc38,A-2d1036,13-07-2024,31-12-2026,Basic,69,1311,15732,False,False,False,False,annual,False,29.0,7392.0,3.0,A-2d1036,5.0,4.6,1.0
A-2d1036,Company_399,FinTech,US,14-06-2024,ads,Pro,69,False,1,S-44c2c1,A-2d1036,02-08-2024,31-12-2026,Pro,69,3381,40572,False,False,True,False,annual,True,72.0,25469.0,1.0,A-2d1036,5.0,4.6,1.0
A-2d1036,Company_399,FinTech,US,14-06-2024,ads,Pro,69,False,1,S-b9fe85,A-2d1036,03-07-2024,31-12-2026,Enterprise,69,13731,164772,False,False,False,False,monthly,True,30.0,7117.0,1.0,A-2d1036,5.0,4.6,1.0
A-0f6450,Company_400,FinTech,US,27-12-2024,other,Pro,28,True,1,S-f16bb2,A-0f6450,27-12-2024,31-12-2026,Enterprise,28,0,0,True,False,False,False,monthly,True,43.0,15340.0,3.0,A-0f6450,8.0,2.875,1.0
A-0f6450,Company_400,FinTech,US,27-12-2024,other,Pro,28,True,1,S-f09b6c,A-0f6450,27-12-2024,31-12-2026,Basic,28,532,6384,False,False,False,False,monthly,True,58.0,11861.0,4.0,A-0f6450,8.0,2.875,1.0
A-0f6450,Company_400,FinTech,US,27-12-2024,other,Pro,28,True,1,S-e11cde,A-0f6450,31-12-2024,31-12-2026,Enterprise,28,5572,66864,False,False,False,False,monthly,False,70.0,24632.0,8.0,A-0f6450,8.0,2.875,1.0
A-0f6450,Company_400,FinTech,US,27-12-2024,other,Pro,28,True,1,S-fe2139,A-0f6450,28-12-2024,31-12-2026,Pro,28,1372,16464,False,False,False,False,monthly,True,30.0,6774.0,0.0,A-0f6450,8.0,2.875,1.0
A-0f6450,Company_400,FinTech,US,27-12-2024,other,Pro,28,True,1,S-0386c2,A-0f6450,28-12-2024,31-12-2026,Enterprise,28,5572,66864,False,False,False,False,annual,True,52.0,15281.0,7.0,A-0f6450,8.0,2.875,1.0
A-0f6450,Company_400,FinTech,US,27-12-2024,other,Pro,28,True,1,S-2ae21d,A-0f6450,28-12-2024,31-12-2026,Basic,28,532,6384,False,False,False,False,annual,True,0.0,0.0,0.0,A-0f6450,8.0,2.875,1.0
A-0f6450,Company_400,FinTech,US,27-12-2024,other,Pro,28,True,1,S-71c67c,A-0f6450,30-12-2024,31-12-2026,Pro,28,1372,16464,False,False,False,False,monthly,True,71.0,17671.0,4.0,A-0f6450,8.0,2.875,1.0
A-0f6450,Company_400,FinTech,US,27-12-2024,other,Pro,28,True,1,S-0c43c2,A-0f6450,30-12-2024,31-12-2026,Pro,28,1372,16464,False,False,False,False,monthly,False,36.0,19342.0,0.0,A-0f6450,8.0,2.875,1.0
A-0f6450,Company_400,FinTech,US,27-12-2024,other,Pro,28,True,1,S-d5aded,A-0f6450,29-12-2024,31-12-2026,Pro,28,1372,16464,False,False,False,False,monthly,True,92.0,38569.0,3.0,A-0f6450,8.0,2.875,1.0
A-0f6450,Company_400,FinTech,US,27-12-2024,other,Pro,28,True,1,S-1c54b6,A-0f6450,31-12-2024,31-12-2026,Enterprise,28,5572,66864,False,False,False,False,monthly,False,43.0,9222.0,7.0,A-0f6450,8.0,2.875,1.0
A-0f6450,Company_400,FinTech,US,27-12-2024,other,Pro,28,True,1,S-9c9700,A-0f6450,31-12-2024,31-12-2026,Basic,28,532,6384,False,False,False,False,annual,True,44.0,15978.0,3.0,A-0f6450,8.0,2.875,1.0
A-9affe6,Company_401,Cybersecurity,US,22-03-2023,other,Pro,7,False,0,S-025bea,A-9affe6,25-06-2024,31-12-2026,Pro,17,833,9996,False,True,False,False,monthly,True,55.0,19774.0,0.0,A-9affe6,3.0,1.0,0.0
A-9affe6,Company_401,Cybersecurity,US,22-03-2023,other,Pro,7,False,0,S-c2a6cb,A-9affe6,19-10-2023,31-12-2026,Enterprise,7,1393,16716,False,True,False,False,annual,False,27.0,13110.0,3.0,A-9affe6,3.0,1.0,0.0
A-9affe6,Company_401,Cybersecurity,US,22-03-2023,other,Pro,7,False,0,S-6732ff,A-9affe6,22-11-2023,31-12-2026,Pro,24,1176,14112,False,False,False,False,annual,True,65.0,15043.0,1.0,A-9affe6,3.0,1.0,0.0
A-9affe6,Company_401,Cybersecurity,US,22-03-2023,other,Pro,7,False,0,S-9c5590,A-9affe6,09-06-2024,31-12-2026,Enterprise,7,1393,16716,False,False,False,False,annual,True,24.0,9894.0,1.0,A-9affe6,3.0,1.0,0.0
A-9affe6,Company_401,Cybersecurity,US,22-03-2023,other,Pro,7,False,0,S-01daf5,A-9affe6,14-11-2024,31-12-2026,Pro,23,1127,13524,False,False,False,False,monthly,True,68.0,17944.0,1.0,A-9affe6,3.0,1.0,0.0
A-9affe6,Company_401,Cybersecurity,US,22-03-2023,other,Pro,7,False,0,S-869430,A-9affe6,16-02-2024,31-12-2026,Pro,29,1421,17052,False,False,False,False,monthly,True,21.0,2556.0,0.0,A-9affe6,3.0,1.0,0.0
A-9affe6,Company_401,Cybersecurity,US,22-03-2023,other,Pro,7,False,0,S-14f39f,A-9affe6,22-06-2024,10-12-2024,Basic,19,361,4332,False,False,False,True,monthly,True,58.0,15883.0,1.0,A-9affe6,3.0,1.0,0.0
A-9affe6,Company_401,Cybersecurity,US,22-03-2023,other,Pro,7,False,0,S-021ca9,A-9affe6,01-10-2024,31-12-2026,Basic,18,342,4104,False,False,False,False,monthly,True,40.0,18294.0,0.0,A-9affe6,3.0,1.0,0.0
A-9affe6,Company_401,Cybersecurity,US,22-03-2023,other,Pro,7,False,0,S-0fc73c,A-9affe6,14-09-2023,31-12-2026,Basic,56,1064,12768,False,False,False,False,annual,True,47.0,12115.0,4.0,A-9affe6,3.0,1.0,0.0
A-9affe6,Company_401,Cybersecurity,US,22-03-2023,other,Pro,7,False,0,S-e0a991,A-9affe6,06-04-2023,31-12-2026,Enterprise,7,1393,16716,False,False,False,False,monthly,True,31.0,12147.0,0.0,A-9affe6,3.0,1.0,0.0
A-9affe6,Company_401,Cybersecurity,US,22-03-2023,other,Pro,7,False,0,S-e7f571,A-9affe6,06-06-2023,11-12-2024,Basic,7,133,1596,False,False,False,True,monthly,True,37.0,8093.0,5.0,A-9affe6,3.0,1.0,0.0
A-80eeb6,Company_402,Cybersecurity,UK,09-05-2023,organic,Enterprise,22,False,0,S-d0c344,A-80eeb6,27-10-2024,31-12-2026,Pro,22,1078,12936,False,False,False,False,annual,False,67.0,24269.0,8.0,A-80eeb6,4.0,2.75,1.0
A-80eeb6,Company_402,Cybersecurity,UK,09-05-2023,organic,Enterprise,22,False,0,S-2a6eb3,A-80eeb6,27-08-2023,31-12-2026,Enterprise,68,13532,162384,False,False,False,False,monthly,True,15.0,8850.0,0.0,A-80eeb6,4.0,2.75,1.0
A-80eeb6,Company_402,Cybersecurity,UK,09-05-2023,organic,Enterprise,22,False,0,S-d6c9dc,A-80eeb6,07-10-2024,31-12-2026,Basic,27,513,6156,False,False,False,False,annual,True,75.0,22090.0,0.0,A-80eeb6,4.0,2.75,1.0
A-80eeb6,Company_402,Cybersecurity,UK,09-05-2023,organic,Enterprise,22,False,0,S-7b29d1,A-80eeb6,19-04-2024,31-12-2026,Enterprise,65,12935,155220,False,False,False,False,monthly,True,47.0,24266.0,4.0,A-80eeb6,4.0,2.75,1.0
A-80eeb6,Company_402,Cybersecurity,UK,09-05-2023,organic,Enterprise,22,False,0,S-dc3bbc,A-80eeb6,18-09-2024,31-12-2026,Pro,25,1225,14700,False,False,False,False,annual,True,24.0,6840.0,1.0,A-80eeb6,4.0,2.75,1.0
A-80eeb6,Company_402,Cybersecurity,UK,09-05-2023,organic,Enterprise,22,False,0,S-3a28cc,A-80eeb6,16-02-2024,31-12-2026,Basic,33,627,7524,False,False,False,False,monthly,True,45.0,9880.0,5.0,A-80eeb6,4.0,2.75,1.0
A-80eeb6,Company_402,Cybersecurity,UK,09-05-2023,organic,Enterprise,22,False,0,S-8da449,A-80eeb6,22-10-2023,31-12-2026,Basic,22,418,5016,False,False,False,False,annual,True,85.0,27612.0,5.0,A-80eeb6,4.0,2.75,1.0
A-80eeb6,Company_402,Cybersecurity,UK,09-05-2023,organic,Enterprise,22,False,0,S-b8ca59,A-80eeb6,27-02-2024,31-12-2026,Enterprise,22,4378,52536,False,False,False,False,monthly,True,13.0,4490.0,1.0,A-80eeb6,4.0,2.75,1.0
A-80eeb6,Company_402,Cybersecurity,UK,09-05-2023,organic,Enterprise,22,False,0,S-e977e4,A-80eeb6,25-08-2023,31-12-2026,Enterprise,22,4378,52536,False,True,False,False,monthly,True,58.0,20028.0,4.0,A-80eeb6,4.0,2.75,1.0
A-80eeb6,Company_402,Cybersecurity,UK,09-05-2023,organic,Enterprise,22,False,0,S-028f5b,A-80eeb6,20-02-2024,12-08-2024,Enterprise,26,5174,62088,False,False,False,True,annual,True,54.0,8925.0,1.0,A-80eeb6,4.0,2.75,1.0
A-80eeb6,Company_402,Cybersecurity,UK,09-05-2023,organic,Enterprise,22,False,0,S-88cc86,A-80eeb6,20-12-2024,31-12-2024,Enterprise,22,4378,52536,False,False,False,True,annual,True,23.0,6850.0,0.0,A-80eeb6,4.0,2.75,1.0
A-80eeb6,Company_402,Cybersecurity,UK,09-05-2023,organic,Enterprise,22,False,0,S-1be7c5,A-80eeb6,15-07-2023,05-11-2024,Basic,34,646,7752,False,False,False,True,monthly,True,0.0,0.0,0.0,A-80eeb6,4.0,2.75,1.0
A-80eeb6,Company_402,Cybersecurity,UK,09-05-2023,organic,Enterprise,22,False,0,S-e093a9,A-80eeb6,02-08-2023,31-12-2026,Pro,22,1078,12936,False,True,False,False,monthly,True,43.0,10592.0,0.0,A-80eeb6,4.0,2.75,1.0
A-80eeb6,Company_402,Cybersecurity,UK,09-05-2023,organic,Enterprise,22,False,0,S-8a6579,A-80eeb6,01-11-2024,31-12-2026,Basic,22,418,5016,False,True,False,False,annual,True,35.0,7247.0,0.0,A-80eeb6,4.0,2.75,1.0
A-80eeb6,Company_402,Cybersecurity,UK,09-05-2023,organic,Enterprise,22,False,0,S-ff2510,A-80eeb6,14-09-2024,31-12-2026,Pro,46,0,0,True,True,True,False,annual,True,76.0,24908.0,8.0,A-80eeb6,4.0,2.75,1.0
A-80eeb6,Company_402,Cybersecurity,UK,09-05-2023,organic,Enterprise,22,False,0,S-677801,A-80eeb6,02-05-2024,31-12-2026,Enterprise,89,17711,212532,False,False,False,False,monthly,True,65.0,15057.0,6.0,A-80eeb6,4.0,2.75,1.0
A-d4e0d4,Company_403,FinTech,US,18-10-2024,other,Basic,117,False,0,S-7904d3,A-d4e0d4,30-11-2024,03-12-2024,Enterprise,117,23283,279396,False,False,False,True,monthly,True,29.0,10415.0,3.0,A-d4e0d4,4.0,2.0,0.0
A-d4e0d4,Company_403,FinTech,US,18-10-2024,other,Basic,117,False,0,S-92e8cb,A-d4e0d4,23-10-2024,31-12-2026,Pro,117,5733,68796,False,False,True,False,monthly,False,47.0,12618.0,6.0,A-d4e0d4,4.0,2.0,0.0
A-d4e0d4,Company_403,FinTech,US,18-10-2024,other,Basic,117,False,0,S-f11653,A-d4e0d4,28-10-2024,31-12-2026,Enterprise,117,23283,279396,False,False,False,False,annual,True,53.0,18034.0,2.0,A-d4e0d4,4.0,2.0,0.0
A-d4e0d4,Company_403,FinTech,US,18-10-2024,other,Basic,117,False,0,S-1b8454,A-d4e0d4,27-10-2024,31-12-2026,Enterprise,117,23283,279396,False,False,False,False,monthly,True,47.0,10700.0,4.0,A-d4e0d4,4.0,2.0,0.0
A-d4e0d4,Company_403,FinTech,US,18-10-2024,other,Basic,117,False,0,S-0ec442,A-d4e0d4,12-12-2024,31-12-2026,Pro,117,5733,68796,False,False,False,False,monthly,True,33.0,8063.0,0.0,A-d4e0d4,4.0,2.0,0.0
A-d4e0d4,Company_403,FinTech,US,18-10-2024,other,Basic,117,False,0,S-da4a98,A-d4e0d4,18-10-2024,31-12-2026,Basic,117,2223,26676,False,False,False,False,monthly,True,84.0,26131.0,6.0,A-d4e0d4,4.0,2.0,0.0
A-d4e0d4,Company_403,FinTech,US,18-10-2024,other,Basic,117,False,0,S-61cc6f,A-d4e0d4,14-12-2024,31-12-2026,Enterprise,117,23283,279396,False,True,False,False,annual,True,48.0,12953.0,2.0,A-d4e0d4,4.0,2.0,0.0
A-d4e0d4,Company_403,FinTech,US,18-10-2024,other,Basic,117,False,0,S-fe0869,A-d4e0d4,16-11-2024,31-12-2026,Enterprise,117,23283,279396,False,False,False,False,annual,True,11.0,4565.0,1.0,A-d4e0d4,4.0,2.0,0.0
A-d4e0d4,Company_403,FinTech,US,18-10-2024,other,Basic,117,False,0,S-cbf8e8,A-d4e0d4,23-11-2024,31-12-2026,Basic,117,2223,26676,False,False,False,False,monthly,True,84.0,21358.0,3.0,A-d4e0d4,4.0,2.0,0.0
A-d4e0d4,Company_403,FinTech,US,18-10-2024,other,Basic,117,False,0,S-a16038,A-d4e0d4,15-11-2024,31-12-2026,Pro,117,5733,68796,False,False,False,False,monthly,True,52.0,19934.0,6.0,A-d4e0d4,4.0,2.0,0.0
A-c7e58b,Company_404,HealthTech,IN,25-06-2023,other,Pro,3,False,0,S-e50612,A-c7e58b,15-07-2024,31-12-2026,Basic,13,247,2964,False,False,False,False,annual,False,57.0,13761.0,2.0,A-c7e58b,5.0,2.8,0.0
A-c7e58b,Company_404,HealthTech,IN,25-06-2023,other,Pro,3,False,0,S-a5baf1,A-c7e58b,16-12-2023,31-12-2026,Enterprise,7,1393,16716,False,False,False,False,monthly,False,52.0,16066.0,1.0,A-c7e58b,5.0,2.8,0.0
A-c7e58b,Company_404,HealthTech,IN,25-06-2023,other,Pro,3,False,0,S-925f82,A-c7e58b,08-07-2024,31-12-2026,Enterprise,7,1393,16716,False,False,False,False,annual,False,90.0,24078.0,8.0,A-c7e58b,5.0,2.8,0.0
A-c7e58b,Company_404,HealthTech,IN,25-06-2023,other,Pro,3,False,0,S-0a9660,A-c7e58b,04-04-2024,31-12-2026,Enterprise,10,1990,23880,False,False,False,False,monthly,True,35.0,14322.0,2.0,A-c7e58b,5.0,2.8,0.0
A-c7e58b,Company_404,HealthTech,IN,25-06-2023,other,Pro,3,False,0,S-591a64,A-c7e58b,30-08-2023,31-12-2026,Basic,3,57,684,False,False,False,False,annual,True,26.0,7286.0,0.0,A-c7e58b,5.0,2.8,0.0
A-c7e58b,Company_404,HealthTech,IN,25-06-2023,other,Pro,3,False,0,S-9e64bd,A-c7e58b,07-09-2024,31-12-2026,Pro,16,0,0,True,False,False,False,monthly,True,36.0,14967.0,4.0,A-c7e58b,5.0,2.8,0.0
A-c7e58b,Company_404,HealthTech,IN,25-06-2023,other,Pro,3,False,0,S-395a98,A-c7e58b,29-07-2024,31-12-2026,Basic,16,304,3648,False,False,False,False,monthly,True,47.0,15373.0,1.0,A-c7e58b,5.0,2.8,0.0
A-016043,Company_405,EdTech,CA,31-07-2024,organic,Basic,4,True,0,S-463525,A-016043,02-12-2024,31-12-2026,Enterprise,13,2587,31044,False,False,False,False,annual,True,47.0,6001.0,1.0,A-016043,3.0,1.3333333333333333,0.0
A-016043,Company_405,EdTech,CA,31-07-2024,organic,Basic,4,True,0,S-6bfd97,A-016043,16-10-2024,31-12-2026,Enterprise,59,0,0,True,True,False,False,annual,True,54.0,21000.0,0.0,A-016043,3.0,1.3333333333333333,0.0
A-016043,Company_405,EdTech,CA,31-07-2024,organic,Basic,4,True,0,S-d114e2,A-016043,27-11-2024,31-12-2026,Basic,11,209,2508,False,False,False,False,annual,False,40.0,8973.0,1.0,A-016043,3.0,1.3333333333333333,0.0
A-016043,Company_405,EdTech,CA,31-07-2024,organic,Basic,4,True,0,S-3f0fb6,A-016043,20-10-2024,31-12-2026,Pro,27,1323,15876,False,False,False,False,annual,False,13.0,2806.0,0.0,A-016043,3.0,1.3333333333333333,0.0
A-016043,Company_405,EdTech,CA,31-07-2024,organic,Basic,4,True,0,S-0e1d53,A-016043,02-08-2024,31-12-2026,Basic,6,114,1368,False,False,False,False,annual,False,41.0,9520.0,0.0,A-016043,3.0,1.3333333333333333,0.0
A-016043,Company_405,EdTech,CA,31-07-2024,organic,Basic,4,True,0,S-8985d3,A-016043,02-12-2024,31-12-2026,Basic,26,494,5928,False,False,False,False,monthly,False,52.0,13499.0,5.0,A-016043,3.0,1.3333333333333333,0.0
A-016043,Company_405,EdTech,CA,31-07-2024,organic,Basic,4,True,0,S-769f70,A-016043,28-09-2024,31-12-2026,Basic,13,247,2964,False,False,False,False,monthly,True,36.0,15111.0,2.0,A-016043,3.0,1.3333333333333333,0.0
A-016043,Company_405,EdTech,CA,31-07-2024,organic,Basic,4,True,0,S-2c52b6,A-016043,09-10-2024,31-12-2026,Enterprise,14,2786,33432,False,False,False,False,monthly,False,48.0,12548.0,0.0,A-016043,3.0,1.3333333333333333,0.0
A-016043,Company_405,EdTech,CA,31-07-2024,organic,Basic,4,True,0,S-0a8cff,A-016043,28-09-2024,31-12-2026,Enterprise,12,0,0,True,True,False,False,monthly,True,35.0,14388.0,1.0,A-016043,3.0,1.3333333333333333,0.0
A-016043,Company_405,EdTech,CA,31-07-2024,organic,Basic,4,True,0,S-0abd10,A-016043,23-11-2024,21-12-2024,Enterprise,24,4776,57312,False,True,False,True,annual,True,53.0,8280.0,5.0,A-016043,3.0,1.3333333333333333,0.0
A-016043,Company_405,EdTech,CA,31-07-2024,organic,Basic,4,True,0,S-d54349,A-016043,11-09-2024,31-12-2026,Enterprise,20,3980,47760,False,False,False,False,annual,True,71.0,19949.0,6.0,A-016043,3.0,1.3333333333333333,0.0
A-bbe56f,Company_406,HealthTech,US,16-02-2023,ads,Enterprise,21,False,0,S-64b181,A-bbe56f,16-04-2024,31-12-2026,Pro,21,1029,12348,False,False,False,False,annual,True,30.0,12200.0,1.0,A-bbe56f,4.0,3.0,0.0
A-bbe56f,Company_406,HealthTech,US,16-02-2023,ads,Enterprise,21,False,0,S-f29e7f,A-bbe56f,15-10-2024,31-12-2026,Basic,22,418,5016,False,False,False,False,annual,True,69.0,12487.0,7.0,A-bbe56f,4.0,3.0,0.0
A-bbe56f,Company_406,HealthTech,US,16-02-2023,ads,Enterprise,21,False,0,S-fd2307,A-bbe56f,29-08-2023,31-12-2026,Enterprise,21,4179,50148,False,False,False,False,annual,True,19.0,8724.0,0.0,A-bbe56f,4.0,3.0,0.0
A-bbe56f,Company_406,HealthTech,US,16-02-2023,ads,Enterprise,21,False,0,S-ab2b5b,A-bbe56f,06-09-2023,31-12-2026,Basic,21,399,4788,False,True,False,False,monthly,True,50.0,11782.0,0.0,A-bbe56f,4.0,3.0,0.0
A-bbe56f,Company_406,HealthTech,US,16-02-2023,ads,Enterprise,21,False,0,S-2d2a88,A-bbe56f,04-04-2024,31-12-2026,Basic,21,0,0,True,False,False,False,annual,True,64.0,15411.0,0.0,A-bbe56f,4.0,3.0,0.0
A-7c5768,Company_407,HealthTech,UK,02-03-2024,event,Enterprise,3,False,0,S-bf806d,A-7c5768,21-09-2024,31-12-2026,Basic,62,1178,14136,False,False,False,False,annual,True,38.0,14918.0,4.0,A-7c5768,5.0,2.4,0.0
A-7c5768,Company_407,HealthTech,UK,02-03-2024,event,Enterprise,3,False,0,S-c657b6,A-7c5768,05-03-2024,31-12-2026,Enterprise,5,995,11940,False,False,False,False,annual,True,72.0,16144.0,5.0,A-7c5768,5.0,2.4,0.0
A-7c5768,Company_407,HealthTech,UK,02-03-2024,event,Enterprise,3,False,0,S-7e86a2,A-7c5768,29-10-2024,31-12-2026,Basic,3,57,684,False,False,False,False,monthly,True,31.0,12542.0,1.0,A-7c5768,5.0,2.4,0.0
A-7c5768,Company_407,HealthTech,UK,02-03-2024,event,Enterprise,3,False,0,S-63e79e,A-7c5768,20-10-2024,31-12-2026,Enterprise,25,0,0,True,False,False,False,annual,True,56.0,13698.0,8.0,A-7c5768,5.0,2.4,0.0
A-7c5768,Company_407,HealthTech,UK,02-03-2024,event,Enterprise,3,False,0,S-0e6b77,A-7c5768,04-11-2024,31-12-2026,Basic,50,950,11400,False,False,False,False,annual,True,45.0,18924.0,2.0,A-7c5768,5.0,2.4,0.0
A-7c5768,Company_407,HealthTech,UK,02-03-2024,event,Enterprise,3,False,0,S-c0789c,A-7c5768,02-12-2024,31-12-2026,Enterprise,26,0,0,True,False,False,False,monthly,True,50.0,12484.0,2.0,A-7c5768,5.0,2.4,0.0
A-7c5768,Company_407,HealthTech,UK,02-03-2024,event,Enterprise,3,False,0,S-2b58a7,A-7c5768,07-07-2024,31-12-2026,Basic,3,57,684,False,False,False,False,monthly,True,92.0,21980.0,6.0,A-7c5768,5.0,2.4,0.0
A-7c5768,Company_407,HealthTech,UK,02-03-2024,event,Enterprise,3,False,0,S-583674,A-7c5768,28-09-2024,31-12-2026,Pro,6,0,0,True,False,False,False,monthly,True,48.0,23591.0,3.0,A-7c5768,5.0,2.4,0.0
A-7c5768,Company_407,HealthTech,UK,02-03-2024,event,Enterprise,3,False,0,S-5b8c4f,A-7c5768,05-05-2024,31-12-2026,Basic,8,152,1824,False,False,False,False,monthly,False,29.0,7995.0,0.0,A-7c5768,5.0,2.4,0.0
A-751bd4,Company_408,Cybersecurity,UK,12-07-2024,partner,Pro,10,False,0,S-d56a2c,A-751bd4,29-10-2024,31-12-2026,Pro,35,0,0,True,False,False,False,annual,True,80.0,26599.0,0.0,A-751bd4,6.0,2.8333333333333335,1.0
A-751bd4,Company_408,Cybersecurity,UK,12-07-2024,partner,Pro,10,False,0,S-4eabfc,A-751bd4,18-09-2024,31-12-2026,Basic,10,190,2280,False,False,False,False,monthly,True,12.0,6030.0,0.0,A-751bd4,6.0,2.8333333333333335,1.0
A-4e0e85,Company_409,DevTools,US,08-09-2023,organic,Enterprise,6,False,0,S-102053,A-4e0e85,10-04-2024,31-12-2026,Enterprise,6,1194,14328,False,False,False,False,monthly,True,29.0,7481.0,0.0,A-4e0e85,2.0,2.5,0.0
A-4e0e85,Company_409,DevTools,US,08-09-2023,organic,Enterprise,6,False,0,S-720c17,A-4e0e85,16-02-2024,31-12-2026,Pro,20,0,0,True,False,False,False,annual,True,12.0,4692.0,0.0,A-4e0e85,2.0,2.5,0.0
A-4e0e85,Company_409,DevTools,US,08-09-2023,organic,Enterprise,6,False,0,S-d43a40,A-4e0e85,20-09-2024,31-12-2026,Basic,15,0,0,True,False,False,False,annual,True,53.0,15955.0,6.0,A-4e0e85,2.0,2.5,0.0
A-4e0e85,Company_409,DevTools,US,08-09-2023,organic,Enterprise,6,False,0,S-d2624d,A-4e0e85,19-07-2024,31-12-2026,Pro,6,294,3528,False,False,False,False,annual,False,14.0,2877.0,0.0,A-4e0e85,2.0,2.5,0.0
A-4e0e85,Company_409,DevTools,US,08-09-2023,organic,Enterprise,6,False,0,S-c6c2f6,A-4e0e85,22-08-2024,31-12-2026,Enterprise,104,0,0,True,False,False,False,monthly,True,50.0,6347.0,2.0,A-4e0e85,2.0,2.5,0.0
A-4e0e85,Company_409,DevTools,US,08-09-2023,organic,Enterprise,6,False,0,S-041534,A-4e0e85,06-06-2024,31-12-2026,Pro,38,1862,22344,False,False,False,False,monthly,True,40.0,11988.0,0.0,A-4e0e85,2.0,2.5,0.0
A-4e0e85,Company_409,DevTools,US,08-09-2023,organic,Enterprise,6,False,0,S-1eba7d,A-4e0e85,14-12-2024,31-12-2026,Enterprise,39,0,0,True,True,False,False,annual,True,51.0,16717.0,1.0,A-4e0e85,2.0,2.5,0.0
A-4e0e85,Company_409,DevTools,US,08-09-2023,organic,Enterprise,6,False,0,S-d0259a,A-4e0e85,22-02-2024,31-12-2026,Enterprise,6,1194,14328,False,False,False,False,monthly,True,39.0,14362.0,0.0,A-4e0e85,2.0,2.5,0.0
A-ad3abd,Company_410,FinTech,US,03-03-2023,event,Pro,44,False,0,S-fa2170,A-ad3abd,14-10-2024,31-12-2026,Pro,44,2156,25872,False,False,False,False,monthly,True,70.0,22852.0,4.0,A-ad3abd,3.0,2.0,0.0
A-ad3abd,Company_410,FinTech,US,03-03-2023,event,Pro,44,False,0,S-330457,A-ad3abd,20-07-2024,31-12-2026,Pro,44,2156,25872,False,False,False,False,monthly,False,32.0,7548.0,0.0,A-ad3abd,3.0,2.0,0.0
A-ad3abd,Company_410,FinTech,US,03-03-2023,event,Pro,44,False,0,S-1d081a,A-ad3abd,10-05-2023,20-07-2024,Pro,44,2156,25872,False,False,False,True,annual,True,63.0,19208.0,7.0,A-ad3abd,3.0,2.0,0.0
A-ad3abd,Company_410,FinTech,US,03-03-2023,event,Pro,44,False,0,S-a959a3,A-ad3abd,18-03-2023,31-12-2026,Enterprise,44,8756,105072,False,False,False,False,monthly,False,19.0,6681.0,0.0,A-ad3abd,3.0,2.0,0.0
A-ad3abd,Company_410,FinTech,US,03-03-2023,event,Pro,44,False,0,S-38dcab,A-ad3abd,25-03-2024,11-09-2024,Basic,44,836,10032,False,False,False,True,annual,True,70.0,27063.0,0.0,A-ad3abd,3.0,2.0,0.0
A-ad3abd,Company_410,FinTech,US,03-03-2023,event,Pro,44,False,0,S-23d18f,A-ad3abd,21-11-2023,04-02-2024,Basic,44,0,0,True,False,False,True,monthly,True,27.0,5737.0,0.0,A-ad3abd,3.0,2.0,0.0
A-ad3abd,Company_410,FinTech,US,03-03-2023,event,Pro,44,False,0,S-83ee41,A-ad3abd,20-04-2023,31-12-2026,Basic,44,836,10032,False,False,False,False,annual,True,15.0,5777.0,0.0,A-ad3abd,3.0,2.0,0.0
A-e19ff6,Company_411,Cybersecurity,UK,28-07-2023,partner,Enterprise,1,False,0,S-b17d04,A-e19ff6,06-03-2024,31-12-2026,Pro,8,392,4704,False,False,False,False,monthly,True,32.0,9121.0,6.0,A-e19ff6,3.0,4.666666666666667,0.0
A-e19ff6,Company_411,Cybersecurity,UK,28-07-2023,partner,Enterprise,1,False,0,S-367dee,A-e19ff6,29-06-2024,31-12-2026,Pro,1,49,588,False,False,False,False,annual,True,29.0,15059.0,0.0,A-e19ff6,3.0,4.666666666666667,0.0
A-e19ff6,Company_411,Cybersecurity,UK,28-07-2023,partner,Enterprise,1,False,0,S-bb82ac,A-e19ff6,29-10-2023,31-12-2026,Basic,38,722,8664,False,False,False,False,annual,True,26.0,9760.0,1.0,A-e19ff6,3.0,4.666666666666667,0.0
A-e19ff6,Company_411,Cybersecurity,UK,28-07-2023,partner,Enterprise,1,False,0,S-f40318,A-e19ff6,25-03-2024,31-12-2026,Enterprise,14,0,0,True,False,False,False,annual,False,38.0,16581.0,3.0,A-e19ff6,3.0,4.666666666666667,0.0
A-e19ff6,Company_411,Cybersecurity,UK,28-07-2023,partner,Enterprise,1,False,0,S-d90f0a,A-e19ff6,23-10-2024,31-12-2026,Pro,26,1274,15288,False,False,False,False,monthly,False,20.0,8759.0,3.0,A-e19ff6,3.0,4.666666666666667,0.0
A-e19ff6,Company_411,Cybersecurity,UK,28-07-2023,partner,Enterprise,1,False,0,S-4047a8,A-e19ff6,01-06-2024,31-12-2026,Basic,1,19,228,False,False,False,False,monthly,False,38.0,9336.0,3.0,A-e19ff6,3.0,4.666666666666667,0.0
A-e19ff6,Company_411,Cybersecurity,UK,28-07-2023,partner,Enterprise,1,False,0,S-a5d949,A-e19ff6,11-08-2024,31-12-2026,Enterprise,2,0,0,True,False,False,False,annual,False,57.0,16470.0,7.0,A-e19ff6,3.0,4.666666666666667,0.0
A-e19ff6,Company_411,Cybersecurity,UK,28-07-2023,partner,Enterprise,1,False,0,S-56886a,A-e19ff6,11-08-2024,31-12-2026,Enterprise,3,0,0,True,False,False,False,annual,False,47.0,12520.0,1.0,A-e19ff6,3.0,4.666666666666667,0.0
A-e19ff6,Company_411,Cybersecurity,UK,28-07-2023,partner,Enterprise,1,False,0,S-b559da,A-e19ff6,09-08-2023,31-12-2026,Basic,8,152,1824,False,False,False,False,annual,True,26.0,3670.0,0.0,A-e19ff6,3.0,4.666666666666667,0.0
A-e19ff6,Company_411,Cybersecurity,UK,28-07-2023,partner,Enterprise,1,False,0,S-a5d1e3,A-e19ff6,01-07-2024,31-12-2026,Basic,18,342,4104,False,False,False,False,monthly,True,57.0,13777.0,0.0,A-e19ff6,3.0,4.666666666666667,0.0
A-e19ff6,Company_411,Cybersecurity,UK,28-07-2023,partner,Enterprise,1,False,0,S-fcbe5a,A-e19ff6,04-10-2024,31-12-2026,Pro,40,1960,23520,False,True,False,False,annual,True,28.0,15204.0,0.0,A-e19ff6,3.0,4.666666666666667,0.0
A-e19ff6,Company_411,Cybersecurity,UK,28-07-2023,partner,Enterprise,1,False,0,S-46a7eb,A-e19ff6,05-10-2024,31-12-2026,Enterprise,43,0,0,True,False,False,False,monthly,True,58.0,14587.0,0.0,A-e19ff6,3.0,4.666666666666667,0.0
A-7920cc,Company_412,Cybersecurity,FR,23-11-2023,ads,Pro,39,False,0,S-7acd8b,A-7920cc,17-07-2024,31-12-2026,Basic,39,741,8892,False,False,False,False,annual,True,66.0,15084.0,1.0,A-7920cc,7.0,1.8571428571428572,0.0
A-7920cc,Company_412,Cybersecurity,FR,23-11-2023,ads,Pro,39,False,0,S-323782,A-7920cc,22-02-2024,31-12-2026,Basic,39,741,8892,False,False,False,False,monthly,True,29.0,9042.0,0.0,A-7920cc,7.0,1.8571428571428572,0.0
A-7920cc,Company_412,Cybersecurity,FR,23-11-2023,ads,Pro,39,False,0,S-565c4b,A-7920cc,27-11-2023,31-12-2026,Basic,39,741,8892,False,False,False,False,annual,True,16.0,8380.0,0.0,A-7920cc,7.0,1.8571428571428572,0.0
A-7920cc,Company_412,Cybersecurity,FR,23-11-2023,ads,Pro,39,False,0,S-c0e639,A-7920cc,07-01-2024,31-12-2026,Pro,50,0,0,True,False,False,False,annual,True,41.0,10513.0,0.0,A-7920cc,7.0,1.8571428571428572,0.0
A-7920cc,Company_412,Cybersecurity,FR,23-11-2023,ads,Pro,39,False,0,S-82be96,A-7920cc,29-11-2024,31-12-2026,Pro,39,1911,22932,False,False,False,False,annual,True,12.0,3276.0,0.0,A-7920cc,7.0,1.8571428571428572,0.0
A-7920cc,Company_412,Cybersecurity,FR,23-11-2023,ads,Pro,39,False,0,S-b7d290,A-7920cc,06-12-2024,31-12-2026,Enterprise,69,13731,164772,False,False,False,False,annual,True,72.0,21030.0,4.0,A-7920cc,7.0,1.8571428571428572,0.0
A-7920cc,Company_412,Cybersecurity,FR,23-11-2023,ads,Pro,39,False,0,S-fd790e,A-7920cc,30-11-2023,31-12-2026,Basic,39,0,0,True,False,False,False,annual,True,36.0,7994.0,2.0,A-7920cc,7.0,1.8571428571428572,0.0
A-7920cc,Company_412,Cybersecurity,FR,23-11-2023,ads,Pro,39,False,0,S-0586ad,A-7920cc,28-07-2024,31-12-2026,Enterprise,39,7761,93132,False,False,False,False,monthly,True,52.0,13633.0,3.0,A-7920cc,7.0,1.8571428571428572,0.0
A-7920cc,Company_412,Cybersecurity,FR,23-11-2023,ads,Pro,39,False,0,S-a02981,A-7920cc,04-02-2024,31-12-2026,Basic,39,741,8892,False,True,False,False,monthly,True,40.0,15457.0,4.0,A-7920cc,7.0,1.8571428571428572,0.0
A-7920cc,Company_412,Cybersecurity,FR,23-11-2023,ads,Pro,39,False,0,S-c7a771,A-7920cc,04-07-2024,31-12-2026,Pro,39,1911,22932,False,False,False,False,monthly,True,40.0,9698.0,5.0,A-7920cc,7.0,1.8571428571428572,0.0
A-7920cc,Company_412,Cybersecurity,FR,23-11-2023,ads,Pro,39,False,0,S-3b43b5,A-7920cc,18-06-2024,31-12-2026,Pro,39,1911,22932,False,False,False,False,annual,True,11.0,5874.0,0.0,A-7920cc,7.0,1.8571428571428572,0.0
A-7920cc,Company_412,Cybersecurity,FR,23-11-2023,ads,Pro,39,False,0,S-ca321d,A-7920cc,29-10-2024,31-12-2026,Pro,39,1911,22932,False,False,False,False,monthly,True,39.0,16150.0,0.0,A-7920cc,7.0,1.8571428571428572,0.0
A-7920cc,Company_412,Cybersecurity,FR,23-11-2023,ads,Pro,39,False,0,S-45c2cf,A-7920cc,11-12-2023,31-12-2026,Basic,39,741,8892,False,False,False,False,monthly,True,41.0,10354.0,4.0,A-7920cc,7.0,1.8571428571428572,0.0
A-7920cc,Company_412,Cybersecurity,FR,23-11-2023,ads,Pro,39,False,0,S-3684d3,A-7920cc,22-09-2024,31-12-2026,Basic,39,741,8892,False,False,False,False,monthly,True,24.0,4984.0,2.0,A-7920cc,7.0,1.8571428571428572,0.0
A-7920cc,Company_412,Cybersecurity,FR,23-11-2023,ads,Pro,39,False,0,S-3ed1f5,A-7920cc,19-02-2024,31-12-2026,Enterprise,39,7761,93132,False,False,False,False,monthly,True,6.0,1998.0,2.0,A-7920cc,7.0,1.8571428571428572,0.0
A-7920cc,Company_412,Cybersecurity,FR,23-11-2023,ads,Pro,39,False,0,S-885aa7,A-7920cc,11-03-2024,31-12-2026,Enterprise,54,10746,128952,False,False,False,False,annual,True,76.0,24045.0,1.0,A-7920cc,7.0,1.8571428571428572,0.0
A-5a92e7,Company_413,HealthTech,US,11-06-2024,ads,Pro,4,False,0,S-7a06fe,A-5a92e7,28-09-2024,31-12-2026,Pro,28,1372,16464,False,False,False,False,monthly,True,83.0,23840.0,8.0,A-5a92e7,7.0,3.142857142857143,0.0
A-5a92e7,Company_413,HealthTech,US,11-06-2024,ads,Pro,4,False,0,S-bdd4c5,A-5a92e7,03-12-2024,31-12-2026,Pro,28,1372,16464,False,False,False,False,monthly,True,48.0,5922.0,3.0,A-5a92e7,7.0,3.142857142857143,0.0
A-5a92e7,Company_413,HealthTech,US,11-06-2024,ads,Pro,4,False,0,S-62c98f,A-5a92e7,27-10-2024,31-12-2026,Pro,35,1715,20580,False,False,False,False,monthly,True,14.0,2292.0,3.0,A-5a92e7,7.0,3.142857142857143,0.0
A-5a92e7,Company_413,HealthTech,US,11-06-2024,ads,Pro,4,False,0,S-d7e65d,A-5a92e7,30-08-2024,31-12-2026,Pro,20,980,11760,False,False,False,False,monthly,True,17.0,7432.0,0.0,A-5a92e7,7.0,3.142857142857143,0.0
A-5a92e7,Company_413,HealthTech,US,11-06-2024,ads,Pro,4,False,0,S-a6010b,A-5a92e7,14-10-2024,31-12-2026,Basic,6,0,0,True,False,False,False,monthly,True,53.0,22814.0,3.0,A-5a92e7,7.0,3.142857142857143,0.0
A-5a92e7,Company_413,HealthTech,US,11-06-2024,ads,Pro,4,False,0,S-83b45d,A-5a92e7,27-06-2024,31-12-2026,Pro,5,0,0,True,False,False,False,annual,True,50.0,17015.0,3.0,A-5a92e7,7.0,3.142857142857143,0.0
A-5a92e7,Company_413,HealthTech,US,11-06-2024,ads,Pro,4,False,0,S-1c643d,A-5a92e7,11-12-2024,31-12-2026,Basic,6,114,1368,False,False,False,False,monthly,True,40.0,10040.0,0.0,A-5a92e7,7.0,3.142857142857143,0.0
A-5a92e7,Company_413,HealthTech,US,11-06-2024,ads,Pro,4,False,0,S-51673a,A-5a92e7,17-12-2024,31-12-2026,Pro,9,0,0,True,False,False,False,monthly,True,42.0,17256.0,0.0,A-5a92e7,7.0,3.142857142857143,0.0
A-5a92e7,Company_413,HealthTech,US,11-06-2024,ads,Pro,4,False,0,S-6895d0,A-5a92e7,13-06-2024,31-12-2026,Pro,29,1421,17052,False,False,False,False,monthly,False,47.0,14567.0,2.0,A-5a92e7,7.0,3.142857142857143,0.0
A-5a92e7,Company_413,HealthTech,US,11-06-2024,ads,Pro,4,False,0,S-67da25,A-5a92e7,22-07-2024,31-12-2026,Basic,7,133,1596,False,False,False,False,annual,True,37.0,4941.0,3.0,A-5a92e7,7.0,3.142857142857143,0.0
A-5a92e7,Company_413,HealthTech,US,11-06-2024,ads,Pro,4,False,0,S-7b3fd3,A-5a92e7,08-07-2024,15-10-2024,Enterprise,4,796,9552,False,False,False,True,annual,True,42.0,16980.0,6.0,A-5a92e7,7.0,3.142857142857143,0.0
A-5a92e7,Company_413,HealthTech,US,11-06-2024,ads,Pro,4,False,0,S-28e7bf,A-5a92e7,29-08-2024,31-12-2026,Pro,27,1323,15876,False,False,False,False,monthly,True,44.0,17567.0,2.0,A-5a92e7,7.0,3.142857142857143,0.0
A-5a92e7,Company_413,HealthTech,US,11-06-2024,ads,Pro,4,False,0,S-f6edd4,A-5a92e7,04-12-2024,15-12-2024,Basic,11,209,2508,False,False,False,True,annual,False,34.0,9983.0,7.0,A-5a92e7,7.0,3.142857142857143,0.0
A-5a92e7,Company_413,HealthTech,US,11-06-2024,ads,Pro,4,False,0,S-e25e6e,A-5a92e7,07-12-2024,31-12-2026,Basic,4,76,912,False,False,False,False,monthly,True,58.0,19258.0,0.0,A-5a92e7,7.0,3.142857142857143,0.0
A-5a92e7,Company_413,HealthTech,US,11-06-2024,ads,Pro,4,False,0,S-ef3aa2,A-5a92e7,19-09-2024,31-12-2026,Pro,9,441,5292,False,False,False,False,monthly,False,78.0,29469.0,7.0,A-5a92e7,7.0,3.142857142857143,0.0
A-5a92e7,Company_413,HealthTech,US,11-06-2024,ads,Pro,4,False,0,S-2dc98b,A-5a92e7,08-11-2024,31-12-2026,Pro,9,441,5292,False,False,False,False,annual,True,65.0,17926.0,11.0,A-5a92e7,7.0,3.142857142857143,0.0
A-5a92e7,Company_413,HealthTech,US,11-06-2024,ads,Pro,4,False,0,S-d22ebe,A-5a92e7,14-06-2024,31-12-2026,Basic,9,171,2052,False,False,False,False,annual,True,70.0,19175.0,10.0,A-5a92e7,7.0,3.142857142857143,0.0
A-5a92e7,Company_413,HealthTech,US,11-06-2024,ads,Pro,4,False,0,S-fb10b8,A-5a92e7,15-07-2024,31-12-2026,Pro,43,2107,25284,False,False,False,False,annual,True,32.0,4721.0,4.0,A-5a92e7,7.0,3.142857142857143,0.0
A-5a92e7,Company_413,HealthTech,US,11-06-2024,ads,Pro,4,False,0,S-1a93b8,A-5a92e7,03-10-2024,31-12-2026,Enterprise,19,0,0,True,False,False,False,annual,False,31.0,15139.0,4.0,A-5a92e7,7.0,3.142857142857143,0.0
A-fdfc91,Company_414,Cybersecurity,US,06-05-2023,ads,Basic,29,False,0,S-124207,A-fdfc91,31-08-2023,31-12-2026,Basic,29,551,6612,False,False,False,False,annual,True,38.0,6465.0,0.0,A-fdfc91,5.0,2.2,0.0
A-fdfc91,Company_414,Cybersecurity,US,06-05-2023,ads,Basic,29,False,0,S-ae3270,A-fdfc91,14-09-2023,31-12-2026,Basic,29,551,6612,False,False,False,False,annual,True,101.0,32678.0,5.0,A-fdfc91,5.0,2.2,0.0
A-fdfc91,Company_414,Cybersecurity,US,06-05-2023,ads,Basic,29,False,0,S-682d28,A-fdfc91,31-08-2024,31-12-2026,Enterprise,47,9353,112236,False,False,False,False,annual,True,38.0,9114.0,1.0,A-fdfc91,5.0,2.2,0.0
A-fdfc91,Company_414,Cybersecurity,US,06-05-2023,ads,Basic,29,False,0,S-ac6f24,A-fdfc91,03-05-2024,31-12-2026,Pro,29,0,0,True,False,False,False,monthly,True,44.0,10512.0,8.0,A-fdfc91,5.0,2.2,0.0
A-fdfc91,Company_414,Cybersecurity,US,06-05-2023,ads,Basic,29,False,0,S-d933e7,A-fdfc91,31-03-2024,31-12-2026,Pro,29,1421,17052,False,False,False,False,monthly,True,129.0,28202.0,4.0,A-fdfc91,5.0,2.2,0.0
A-fdfc91,Company_414,Cybersecurity,US,06-05-2023,ads,Basic,29,False,0,S-a3ab14,A-fdfc91,31-07-2024,10-11-2024,Pro,29,1421,17052,False,False,False,True,annual,False,53.0,20790.0,2.0,A-fdfc91,5.0,2.2,0.0
A-fdfc91,Company_414,Cybersecurity,US,06-05-2023,ads,Basic,29,False,0,S-104941,A-fdfc91,30-07-2023,31-12-2026,Basic,29,551,6612,False,True,False,False,monthly,True,33.0,9099.0,6.0,A-fdfc91,5.0,2.2,0.0
A-fdfc91,Company_414,Cybersecurity,US,06-05-2023,ads,Basic,29,False,0,S-53e028,A-fdfc91,14-09-2024,31-12-2026,Basic,111,2109,25308,False,False,False,False,monthly,True,25.0,8981.0,0.0,A-fdfc91,5.0,2.2,0.0
A-fdfc91,Company_414,Cybersecurity,US,06-05-2023,ads,Basic,29,False,0,S-eef92e,A-fdfc91,11-08-2024,31-12-2026,Pro,66,3234,38808,False,False,False,False,annual,True,55.0,18597.0,0.0,A-fdfc91,5.0,2.2,0.0
A-fdfc91,Company_414,Cybersecurity,US,06-05-2023,ads,Basic,29,False,0,S-544f34,A-fdfc91,09-05-2024,31-12-2026,Pro,29,1421,17052,False,False,False,False,monthly,True,48.0,13705.0,3.0,A-fdfc91,5.0,2.2,0.0
A-1e50e0,Company_415,Cybersecurity,DE,21-02-2023,other,Pro,19,True,1,S-de543d,A-1e50e0,25-04-2023,13-01-2024,Enterprise,19,0,0,True,False,False,True,annual,True,60.0,18075.0,2.0,A-1e50e0,2.0,2.5,1.0
A-1e50e0,Company_415,Cybersecurity,DE,21-02-2023,other,Pro,19,True,1,S-f9c661,A-1e50e0,05-09-2024,31-12-2026,Enterprise,19,3781,45372,False,False,False,False,annual,True,58.0,27542.0,0.0,A-1e50e0,2.0,2.5,1.0
A-1e50e0,Company_415,Cybersecurity,DE,21-02-2023,other,Pro,19,True,1,S-1d15a7,A-1e50e0,23-03-2023,31-12-2026,Enterprise,19,3781,45372,False,True,False,False,monthly,True,9.0,2331.0,4.0,A-1e50e0,2.0,2.5,1.0
A-1e50e0,Company_415,Cybersecurity,DE,21-02-2023,other,Pro,19,True,1,S-127d0b,A-1e50e0,04-05-2024,31-12-2026,Pro,19,931,11172,False,False,False,False,monthly,True,26.0,4777.0,4.0,A-1e50e0,2.0,2.5,1.0
A-1e50e0,Company_415,Cybersecurity,DE,21-02-2023,other,Pro,19,True,1,S-9b5676,A-1e50e0,02-03-2024,31-12-2026,Pro,98,4802,57624,False,False,False,False,monthly,False,41.0,9925.0,5.0,A-1e50e0,2.0,2.5,1.0
A-1e1b80,Company_416,FinTech,CA,12-09-2023,other,Enterprise,50,False,0,S-44a646,A-1e1b80,26-12-2023,31-12-2026,Basic,50,950,11400,False,False,False,False,annual,True,46.0,11768.0,0.0,A-1e1b80,6.0,2.6666666666666665,0.0
A-1e1b80,Company_416,FinTech,CA,12-09-2023,other,Enterprise,50,False,0,S-7c5f3b,A-1e1b80,30-04-2024,31-12-2026,Basic,50,950,11400,False,False,False,False,monthly,True,85.0,22376.0,6.0,A-1e1b80,6.0,2.6666666666666665,0.0
A-1e1b80,Company_416,FinTech,CA,12-09-2023,other,Enterprise,50,False,0,S-0b6e58,A-1e1b80,05-07-2024,31-12-2026,Enterprise,50,9950,119400,False,False,False,False,annual,False,13.0,247.0,0.0,A-1e1b80,6.0,2.6666666666666665,0.0
A-1e1b80,Company_416,FinTech,CA,12-09-2023,other,Enterprise,50,False,0,S-9488ec,A-1e1b80,02-11-2023,31-12-2026,Enterprise,50,9950,119400,False,False,False,False,annual,False,91.0,32496.0,5.0,A-1e1b80,6.0,2.6666666666666665,0.0
A-1e1b80,Company_416,FinTech,CA,12-09-2023,other,Enterprise,50,False,0,S-c6acda,A-1e1b80,10-07-2024,31-12-2026,Enterprise,50,0,0,True,False,False,False,annual,True,37.0,11989.0,9.0,A-1e1b80,6.0,2.6666666666666665,0.0
A-1e1b80,Company_416,FinTech,CA,12-09-2023,other,Enterprise,50,False,0,S-6def60,A-1e1b80,11-10-2023,31-12-2026,Basic,50,950,11400,False,False,False,False,monthly,True,64.0,20225.0,4.0,A-1e1b80,6.0,2.6666666666666665,0.0
A-1e1b80,Company_416,FinTech,CA,12-09-2023,other,Enterprise,50,False,0,S-e301c9,A-1e1b80,22-09-2024,31-12-2026,Enterprise,50,0,0,True,False,False,False,monthly,True,93.0,26447.0,10.0,A-1e1b80,6.0,2.6666666666666665,0.0
A-1e1b80,Company_416,FinTech,CA,12-09-2023,other,Enterprise,50,False,0,S-28a4b7,A-1e1b80,16-12-2023,31-12-2026,Enterprise,50,9950,119400,False,False,False,False,annual,True,64.0,23126.0,5.0,A-1e1b80,6.0,2.6666666666666665,0.0
A-1e1b80,Company_416,FinTech,CA,12-09-2023,other,Enterprise,50,False,0,S-ed76ff,A-1e1b80,28-03-2024,31-12-2026,Enterprise,50,9950,119400,False,False,False,False,monthly,True,33.0,10842.0,1.0,A-1e1b80,6.0,2.6666666666666665,0.0
A-1e1b80,Company_416,FinTech,CA,12-09-2023,other,Enterprise,50,False,0,S-c96d86,A-1e1b80,04-11-2024,31-12-2026,Basic,50,950,11400,False,True,False,False,annual,True,62.0,22758.0,3.0,A-1e1b80,6.0,2.6666666666666665,0.0
A-1e1b80,Company_416,FinTech,CA,12-09-2023,other,Enterprise,50,False,0,S-1c5650,A-1e1b80,27-12-2023,31-12-2026,Pro,53,2597,31164,False,False,False,False,monthly,True,29.0,2233.0,1.0,A-1e1b80,6.0,2.6666666666666665,0.0
A-1e1b80,Company_416,FinTech,CA,12-09-2023,other,Enterprise,50,False,0,S-3bb329,A-1e1b80,21-07-2024,31-12-2026,Pro,50,2450,29400,False,False,False,False,monthly,True,65.0,24808.0,3.0,A-1e1b80,6.0,2.6666666666666665,0.0
A-659280,Company_417,FinTech,IN,17-11-2023,event,Enterprise,13,True,1,S-51c0d1,A-659280,25-11-2024,31-12-2026,Enterprise,62,0,0,True,True,False,False,annual,False,25.0,13877.0,2.0,A-659280,4.0,3.25,0.0
A-659280,Company_417,FinTech,IN,17-11-2023,event,Enterprise,13,True,1,S-2c4909,A-659280,10-05-2024,31-12-2026,Basic,13,247,2964,False,False,False,False,monthly,False,40.0,13644.0,0.0,A-659280,4.0,3.25,0.0
A-659280,Company_417,FinTech,IN,17-11-2023,event,Enterprise,13,True,1,S-f41a31,A-659280,25-11-2023,31-12-2026,Enterprise,13,2587,31044,False,False,False,False,monthly,False,55.0,20551.0,4.0,A-659280,4.0,3.25,0.0
A-659280,Company_417,FinTech,IN,17-11-2023,event,Enterprise,13,True,1,S-dbf124,A-659280,25-07-2024,31-12-2026,Basic,13,247,2964,False,False,False,False,monthly,True,10.0,3230.0,0.0,A-659280,4.0,3.25,0.0
A-659280,Company_417,FinTech,IN,17-11-2023,event,Enterprise,13,True,1,S-96b8d5,A-659280,15-02-2024,31-12-2026,Basic,20,380,4560,False,False,False,False,annual,False,32.0,8170.0,7.0,A-659280,4.0,3.25,0.0
A-659280,Company_417,FinTech,IN,17-11-2023,event,Enterprise,13,True,1,S-0b80b4,A-659280,08-02-2024,31-12-2026,Pro,47,2303,27636,False,True,False,False,annual,True,37.0,6023.0,4.0,A-659280,4.0,3.25,0.0
A-659280,Company_417,FinTech,IN,17-11-2023,event,Enterprise,13,True,1,S-3bb8a2,A-659280,28-04-2024,31-12-2026,Enterprise,19,3781,45372,False,False,False,False,monthly,False,38.0,8838.0,3.0,A-659280,4.0,3.25,0.0
A-659280,Company_417,FinTech,IN,17-11-2023,event,Enterprise,13,True,1,S-718f18,A-659280,05-06-2024,31-12-2026,Enterprise,24,4776,57312,False,False,False,False,monthly,False,122.0,33334.0,3.0,A-659280,4.0,3.25,0.0
A-659280,Company_417,FinTech,IN,17-11-2023,event,Enterprise,13,True,1,S-f83141,A-659280,26-12-2024,31-12-2026,Basic,17,0,0,True,False,False,False,annual,False,92.0,26532.0,5.0,A-659280,4.0,3.25,0.0
A-659280,Company_417,FinTech,IN,17-11-2023,event,Enterprise,13,True,1,S-cce4fc,A-659280,28-11-2023,31-12-2026,Pro,13,637,7644,False,False,False,False,annual,True,51.0,10971.0,3.0,A-659280,4.0,3.25,0.0
A-659280,Company_417,FinTech,IN,17-11-2023,event,Enterprise,13,True,1,S-4c8e19,A-659280,21-11-2024,31-12-2026,Basic,17,323,3876,False,False,False,False,monthly,False,44.0,17319.0,0.0,A-659280,4.0,3.25,0.0
A-659280,Company_417,FinTech,IN,17-11-2023,event,Enterprise,13,True,1,S-66a834,A-659280,23-12-2023,31-12-2026,Enterprise,31,6169,74028,False,False,False,False,annual,False,67.0,23633.0,3.0,A-659280,4.0,3.25,0.0
A-f6b2fb,Company_418,DevTools,AU,23-04-2024,event,Basic,23,False,0,S-721fea,A-f6b2fb,23-05-2024,31-12-2026,Pro,23,1127,13524,False,False,True,False,monthly,True,40.0,12311.0,4.0,A-f6b2fb,5.0,2.4,1.0
A-f6b2fb,Company_418,DevTools,AU,23-04-2024,event,Basic,23,False,0,S-1b6221,A-f6b2fb,12-06-2024,23-12-2024,Enterprise,23,0,0,True,False,False,True,monthly,False,60.0,26902.0,4.0,A-f6b2fb,5.0,2.4,1.0
A-f6b2fb,Company_418,DevTools,AU,23-04-2024,event,Basic,23,False,0,S-ada718,A-f6b2fb,18-11-2024,31-12-2026,Basic,23,437,5244,False,False,False,False,monthly,False,92.0,24323.0,5.0,A-f6b2fb,5.0,2.4,1.0
A-f6b2fb,Company_418,DevTools,AU,23-04-2024,event,Basic,23,False,0,S-710a78,A-f6b2fb,21-10-2024,31-12-2026,Enterprise,23,0,0,True,False,False,False,annual,True,29.0,1217.0,0.0,A-f6b2fb,5.0,2.4,1.0
A-f6b2fb,Company_418,DevTools,AU,23-04-2024,event,Basic,23,False,0,S-99aaa4,A-f6b2fb,14-08-2024,31-12-2026,Basic,23,437,5244,False,True,False,False,annual,True,46.0,18729.0,1.0,A-f6b2fb,5.0,2.4,1.0
A-f6b2fb,Company_418,DevTools,AU,23-04-2024,event,Basic,23,False,0,S-2e2d6c,A-f6b2fb,01-08-2024,31-12-2026,Enterprise,24,4776,57312,False,False,False,False,monthly,True,20.0,5080.0,0.0,A-f6b2fb,5.0,2.4,1.0
A-f6b2fb,Company_418,DevTools,AU,23-04-2024,event,Basic,23,False,0,S-b7d291,A-f6b2fb,17-10-2024,17-12-2024,Pro,23,1127,13524,False,False,False,True,annual,True,56.0,15886.0,10.0,A-f6b2fb,5.0,2.4,1.0
A-f6b2fb,Company_418,DevTools,AU,23-04-2024,event,Basic,23,False,0,S-04ab7e,A-f6b2fb,02-07-2024,31-12-2026,Pro,23,1127,13524,False,False,False,False,annual,True,67.0,15475.0,0.0,A-f6b2fb,5.0,2.4,1.0
A-f6b2fb,Company_418,DevTools,AU,23-04-2024,event,Basic,23,False,0,S-8ba96c,A-f6b2fb,20-06-2024,31-12-2026,Enterprise,23,4577,54924,False,False,False,False,annual,True,37.0,11808.0,4.0,A-f6b2fb,5.0,2.4,1.0
A-f6b2fb,Company_418,DevTools,AU,23-04-2024,event,Basic,23,False,0,S-59778a,A-f6b2fb,11-08-2024,31-12-2026,Enterprise,49,9751,117012,False,False,False,False,monthly,True,77.0,26681.0,9.0,A-f6b2fb,5.0,2.4,1.0
A-cb6cc6,Company_419,DevTools,US,03-04-2023,ads,Basic,13,True,0,S-ce695e,A-cb6cc6,25-05-2024,31-12-2026,Enterprise,13,0,0,True,False,False,False,annual,False,38.0,11033.0,6.0,A-cb6cc6,3.0,2.3333333333333335,0.0
A-cb6cc6,Company_419,DevTools,US,03-04-2023,ads,Basic,13,True,0,S-31e347,A-cb6cc6,15-08-2023,31-12-2026,Basic,14,266,3192,False,True,False,False,annual,False,58.0,22570.0,2.0,A-cb6cc6,3.0,2.3333333333333335,0.0
A-cb6cc6,Company_419,DevTools,US,03-04-2023,ads,Basic,13,True,0,S-2b7664,A-cb6cc6,22-08-2023,31-12-2026,Basic,13,247,2964,False,False,False,False,monthly,True,37.0,16256.0,0.0,A-cb6cc6,3.0,2.3333333333333335,0.0
A-cb6cc6,Company_419,DevTools,US,03-04-2023,ads,Basic,13,True,0,S-bfdb45,A-cb6cc6,20-04-2023,31-12-2026,Enterprise,13,0,0,True,False,False,False,annual,True,14.0,1810.0,1.0,A-cb6cc6,3.0,2.3333333333333335,0.0
A-cb6cc6,Company_419,DevTools,US,03-04-2023,ads,Basic,13,True,0,S-3476e2,A-cb6cc6,07-09-2024,31-12-2026,Basic,13,247,2964,False,True,False,False,monthly,False,75.0,18569.0,4.0,A-cb6cc6,3.0,2.3333333333333335,0.0
A-cb6cc6,Company_419,DevTools,US,03-04-2023,ads,Basic,13,True,0,S-24323f,A-cb6cc6,20-03-2024,31-12-2026,Pro,13,637,7644,False,False,False,False,monthly,False,52.0,17267.0,9.0,A-cb6cc6,3.0,2.3333333333333335,0.0
A-cb6cc6,Company_419,DevTools,US,03-04-2023,ads,Basic,13,True,0,S-9828eb,A-cb6cc6,01-10-2024,31-12-2026,Pro,25,1225,14700,False,False,False,False,monthly,True,40.0,14214.0,4.0,A-cb6cc6,3.0,2.3333333333333335,0.0
A-d62e02,Company_420,Cybersecurity,US,20-08-2024,partner,Pro,6,False,0,S-7b647e,A-d62e02,03-09-2024,31-12-2026,Enterprise,10,1990,23880,False,False,True,False,monthly,True,28.0,7451.0,4.0,A-d62e02,1.0,4.0,0.0
A-d62e02,Company_420,Cybersecurity,US,20-08-2024,partner,Pro,6,False,0,S-19f80d,A-d62e02,02-12-2024,31-12-2026,Basic,32,608,7296,False,False,False,False,annual,True,12.0,3480.0,2.0,A-d62e02,1.0,4.0,0.0
A-d62e02,Company_420,Cybersecurity,US,20-08-2024,partner,Pro,6,False,0,S-01990c,A-d62e02,22-11-2024,31-12-2026,Enterprise,16,3184,38208,False,False,False,False,monthly,True,3.0,1206.0,2.0,A-d62e02,1.0,4.0,0.0
A-d62e02,Company_420,Cybersecurity,US,20-08-2024,partner,Pro,6,False,0,S-90d405,A-d62e02,30-12-2024,31-12-2026,Enterprise,6,1194,14328,False,False,False,False,monthly,False,33.0,16787.0,5.0,A-d62e02,1.0,4.0,0.0
A-d62e02,Company_420,Cybersecurity,US,20-08-2024,partner,Pro,6,False,0,S-6ff09c,A-d62e02,11-12-2024,31-12-2026,Basic,16,304,3648,False,False,False,False,annual,True,48.0,22771.0,3.0,A-d62e02,1.0,4.0,0.0
A-d62e02,Company_420,Cybersecurity,US,20-08-2024,partner,Pro,6,False,0,S-85022b,A-d62e02,06-11-2024,31-12-2026,Basic,6,114,1368,False,True,False,False,monthly,True,55.0,15333.0,0.0,A-d62e02,1.0,4.0,0.0
A-d62e02,Company_420,Cybersecurity,US,20-08-2024,partner,Pro,6,False,0,S-99271f,A-d62e02,13-11-2024,31-12-2026,Enterprise,27,5373,64476,False,False,False,False,monthly,False,59.0,15260.0,5.0,A-d62e02,1.0,4.0,0.0
A-d62e02,Company_420,Cybersecurity,US,20-08-2024,partner,Pro,6,False,0,S-a384d2,A-d62e02,10-12-2024,31-12-2026,Enterprise,21,4179,50148,False,False,False,False,monthly,True,41.0,15660.0,0.0,A-d62e02,1.0,4.0,0.0
A-d62e02,Company_420,Cybersecurity,US,20-08-2024,partner,Pro,6,False,0,S-d56460,A-d62e02,02-10-2024,31-12-2026,Enterprise,16,3184,38208,False,False,False,False,annual,True,6.0,2526.0,0.0,A-d62e02,1.0,4.0,0.0
A-d62e02,Company_420,Cybersecurity,US,20-08-2024,partner,Pro,6,False,0,S-d71fe9,A-d62e02,11-10-2024,31-12-2026,Enterprise,6,1194,14328,False,False,False,False,annual,True,59.0,26283.0,2.0,A-d62e02,1.0,4.0,0.0
A-d535f6,Company_421,DevTools,US,03-09-2024,organic,Basic,12,True,1,S-28eb12,A-d535f6,20-11-2024,31-12-2026,Pro,12,588,7056,False,False,False,False,monthly,False,67.0,20371.0,4.0,0,0.0,0.0,0.0
A-d535f6,Company_421,DevTools,US,03-09-2024,organic,Basic,12,True,1,S-73688c,A-d535f6,21-09-2024,31-12-2026,Basic,12,0,0,True,False,False,False,monthly,True,85.0,25982.0,6.0,0,0.0,0.0,0.0
A-d535f6,Company_421,DevTools,US,03-09-2024,organic,Basic,12,True,1,S-68b261,A-d535f6,11-12-2024,31-12-2026,Pro,19,931,11172,False,True,False,False,annual,True,54.0,15319.0,0.0,0,0.0,0.0,0.0
A-d535f6,Company_421,DevTools,US,03-09-2024,organic,Basic,12,True,1,S-db47af,A-d535f6,13-11-2024,31-12-2026,Basic,54,1026,12312,False,False,False,False,monthly,True,46.0,12185.0,4.0,0,0.0,0.0,0.0
A-d535f6,Company_421,DevTools,US,03-09-2024,organic,Basic,12,True,1,S-9a410c,A-d535f6,11-12-2024,31-12-2026,Pro,46,2254,27048,False,False,True,False,annual,True,21.0,6207.0,5.0,0,0.0,0.0,0.0
A-d535f6,Company_421,DevTools,US,03-09-2024,organic,Basic,12,True,1,S-202695,A-d535f6,23-09-2024,31-12-2026,Basic,12,228,2736,False,False,False,False,monthly,True,66.0,27178.0,0.0,0,0.0,0.0,0.0
A-d535f6,Company_421,DevTools,US,03-09-2024,organic,Basic,12,True,1,S-8d516f,A-d535f6,29-09-2024,31-12-2026,Enterprise,12,2388,28656,False,False,False,False,monthly,True,22.0,4842.0,2.0,0,0.0,0.0,0.0
A-d535f6,Company_421,DevTools,US,03-09-2024,organic,Basic,12,True,1,S-060019,A-d535f6,18-10-2024,31-12-2026,Basic,19,0,0,True,False,True,False,annual,True,50.0,10135.0,7.0,0,0.0,0.0,0.0
A-d535f6,Company_421,DevTools,US,03-09-2024,organic,Basic,12,True,1,S-d538f6,A-d535f6,15-12-2024,31-12-2026,Enterprise,12,0,0,True,False,True,False,monthly,True,66.0,23834.0,1.0,0,0.0,0.0,0.0
A-39868b,Company_422,FinTech,AU,17-03-2024,partner,Pro,9,False,0,S-d0f5fb,A-39868b,25-04-2024,31-12-2026,Enterprise,9,1791,21492,False,False,False,False,annual,False,59.0,15249.0,7.0,A-39868b,6.0,2.8333333333333335,0.0
A-39868b,Company_422,FinTech,AU,17-03-2024,partner,Pro,9,False,0,S-e5ba1c,A-39868b,22-06-2024,31-12-2026,Enterprise,9,1791,21492,False,False,False,False,annual,True,41.0,15192.0,3.0,A-39868b,6.0,2.8333333333333335,0.0
A-39868b,Company_422,FinTech,AU,17-03-2024,partner,Pro,9,False,0,S-87b9f7,A-39868b,28-11-2024,31-12-2026,Basic,17,0,0,True,False,False,False,annual,False,75.0,34940.0,0.0,A-39868b,6.0,2.8333333333333335,0.0
A-39868b,Company_422,FinTech,AU,17-03-2024,partner,Pro,9,False,0,S-31d9ee,A-39868b,02-06-2024,31-12-2026,Basic,9,171,2052,False,False,False,False,annual,True,81.0,22901.0,9.0,A-39868b,6.0,2.8333333333333335,0.0
A-39868b,Company_422,FinTech,AU,17-03-2024,partner,Pro,9,False,0,S-76b964,A-39868b,11-10-2024,31-12-2026,Pro,9,441,5292,False,True,False,False,monthly,False,49.0,18010.0,2.0,A-39868b,6.0,2.8333333333333335,0.0
A-3cc791,Company_423,EdTech,US,10-01-2024,other,Enterprise,6,False,0,S-879b43,A-3cc791,26-03-2024,31-12-2026,Enterprise,6,1194,14328,False,False,False,False,monthly,True,78.0,23645.0,4.0,A-3cc791,6.0,2.8333333333333335,1.0
A-3cc791,Company_423,EdTech,US,10-01-2024,other,Enterprise,6,False,0,S-343642,A-3cc791,31-01-2024,31-12-2026,Basic,25,0,0,True,False,False,False,annual,False,62.0,23139.0,2.0,A-3cc791,6.0,2.8333333333333335,1.0
A-3cc791,Company_423,EdTech,US,10-01-2024,other,Enterprise,6,False,0,S-dbceba,A-3cc791,19-12-2024,31-12-2026,Pro,36,1764,21168,False,False,False,False,monthly,True,79.0,26846.0,4.0,A-3cc791,6.0,2.8333333333333335,1.0
A-3cc791,Company_423,EdTech,US,10-01-2024,other,Enterprise,6,False,0,S-f981fe,A-3cc791,01-06-2024,31-12-2026,Enterprise,22,4378,52536,False,False,False,False,monthly,True,31.0,11904.0,1.0,A-3cc791,6.0,2.8333333333333335,1.0
A-3cc791,Company_423,EdTech,US,10-01-2024,other,Enterprise,6,False,0,S-a924c2,A-3cc791,08-07-2024,31-12-2026,Pro,6,294,3528,False,False,False,False,annual,True,32.0,8227.0,1.0,A-3cc791,6.0,2.8333333333333335,1.0
A-3cc791,Company_423,EdTech,US,10-01-2024,other,Enterprise,6,False,0,S-491d53,A-3cc791,23-05-2024,31-12-2026,Pro,12,588,7056,False,False,False,False,monthly,True,69.0,26491.0,9.0,A-3cc791,6.0,2.8333333333333335,1.0
A-3cc791,Company_423,EdTech,US,10-01-2024,other,Enterprise,6,False,0,S-a916c8,A-3cc791,26-04-2024,31-12-2026,Basic,12,0,0,True,False,False,False,monthly,False,23.0,8915.0,2.0,A-3cc791,6.0,2.8333333333333335,1.0
A-3cc791,Company_423,EdTech,US,10-01-2024,other,Enterprise,6,False,0,S-6b144c,A-3cc791,10-04-2024,31-12-2026,Basic,16,304,3648,False,False,False,False,annual,True,73.0,19865.0,7.0,A-3cc791,6.0,2.8333333333333335,1.0
A-337bc1,Company_424,Cybersecurity,US,19-07-2023,organic,Pro,30,True,0,S-260d1e,A-337bc1,05-03-2024,31-12-2026,Enterprise,31,6169,74028,False,False,False,False,annual,True,63.0,18730.0,5.0,A-337bc1,4.0,3.0,1.0
A-337bc1,Company_424,Cybersecurity,US,19-07-2023,organic,Pro,30,True,0,S-f6f1e1,A-337bc1,09-08-2024,31-12-2026,Basic,40,760,9120,False,True,False,False,annual,True,50.0,16517.0,4.0,A-337bc1,4.0,3.0,1.0
A-337bc1,Company_424,Cybersecurity,US,19-07-2023,organic,Pro,30,True,0,S-896293,A-337bc1,12-09-2024,31-12-2026,Basic,30,0,0,True,True,False,False,monthly,True,73.0,28417.0,7.0,A-337bc1,4.0,3.0,1.0
A-337bc1,Company_424,Cybersecurity,US,19-07-2023,organic,Pro,30,True,0,S-28e491,A-337bc1,28-09-2024,31-12-2026,Pro,30,0,0,True,False,True,False,annual,True,98.0,23458.0,7.0,A-337bc1,4.0,3.0,1.0
A-337bc1,Company_424,Cybersecurity,US,19-07-2023,organic,Pro,30,True,0,S-d22c1d,A-337bc1,18-09-2024,31-12-2026,Pro,86,4214,50568,False,False,True,False,monthly,False,65.0,22603.0,7.0,A-337bc1,4.0,3.0,1.0
A-337bc1,Company_424,Cybersecurity,US,19-07-2023,organic,Pro,30,True,0,S-fd8bb6,A-337bc1,02-08-2023,31-12-2026,Pro,30,1470,17640,False,False,False,False,monthly,True,45.0,15737.0,0.0,A-337bc1,4.0,3.0,1.0
A-337bc1,Company_424,Cybersecurity,US,19-07-2023,organic,Pro,30,True,0,S-05b1b6,A-337bc1,11-11-2023,31-12-2026,Enterprise,34,6766,81192,False,False,False,False,monthly,True,31.0,15653.0,4.0,A-337bc1,4.0,3.0,1.0
A-58b9ff,Company_425,DevTools,IN,31-05-2024,partner,Enterprise,2,False,0,S-310ae0,A-58b9ff,13-09-2024,01-10-2024,Enterprise,2,398,4776,False,False,False,True,monthly,True,34.0,12444.0,4.0,A-58b9ff,2.0,2.0,1.0
A-58b9ff,Company_425,DevTools,IN,31-05-2024,partner,Enterprise,2,False,0,S-3503b4,A-58b9ff,18-07-2024,31-12-2026,Enterprise,2,398,4776,False,False,False,False,monthly,True,62.0,18817.0,3.0,A-58b9ff,2.0,2.0,1.0
A-58b9ff,Company_425,DevTools,IN,31-05-2024,partner,Enterprise,2,False,0,S-86e226,A-58b9ff,17-06-2024,31-12-2026,Pro,25,0,0,True,False,False,False,monthly,False,10.0,60.0,0.0,A-58b9ff,2.0,2.0,1.0
A-58b9ff,Company_425,DevTools,IN,31-05-2024,partner,Enterprise,2,False,0,S-6aa72f,A-58b9ff,05-07-2024,31-12-2026,Enterprise,3,0,0,True,False,False,False,annual,False,53.0,16064.0,1.0,A-58b9ff,2.0,2.0,1.0
A-58b9ff,Company_425,DevTools,IN,31-05-2024,partner,Enterprise,2,False,0,S-dbad62,A-58b9ff,16-10-2024,31-12-2026,Basic,12,228,2736,False,False,False,False,annual,False,17.0,5005.0,2.0,A-58b9ff,2.0,2.0,1.0
A-58b9ff,Company_425,DevTools,IN,31-05-2024,partner,Enterprise,2,False,0,S-f44c76,A-58b9ff,24-09-2024,31-12-2026,Pro,14,686,8232,False,False,False,False,monthly,True,48.0,12595.0,1.0,A-58b9ff,2.0,2.0,1.0
A-58b9ff,Company_425,DevTools,IN,31-05-2024,partner,Enterprise,2,False,0,S-46852c,A-58b9ff,26-09-2024,31-12-2026,Enterprise,76,15124,181488,False,False,False,False,monthly,True,32.0,10342.0,2.0,A-58b9ff,2.0,2.0,1.0
A-58b9ff,Company_425,DevTools,IN,31-05-2024,partner,Enterprise,2,False,0,S-a09e70,A-58b9ff,13-10-2024,31-12-2026,Basic,22,418,5016,False,True,False,False,annual,True,100.0,26722.0,6.0,A-58b9ff,2.0,2.0,1.0
A-58b9ff,Company_425,DevTools,IN,31-05-2024,partner,Enterprise,2,False,0,S-58ab69,A-58b9ff,27-09-2024,31-12-2026,Pro,63,3087,37044,False,False,True,False,monthly,True,93.0,29290.0,7.0,A-58b9ff,2.0,2.0,1.0
A-58b9ff,Company_425,DevTools,IN,31-05-2024,partner,Enterprise,2,False,0,S-150c8e,A-58b9ff,03-11-2024,31-12-2026,Pro,33,1617,19404,False,False,False,False,monthly,True,88.0,22764.0,4.0,A-58b9ff,2.0,2.0,1.0
A-58b9ff,Company_425,DevTools,IN,31-05-2024,partner,Enterprise,2,False,0,S-dbb8b9,A-58b9ff,09-08-2024,31-12-2026,Pro,2,98,1176,False,False,False,False,monthly,False,35.0,7243.0,2.0,A-58b9ff,2.0,2.0,1.0
A-58b9ff,Company_425,DevTools,IN,31-05-2024,partner,Enterprise,2,False,0,S-f5df4a,A-58b9ff,26-06-2024,31-12-2026,Pro,6,294,3528,False,False,False,False,annual,False,23.0,9720.0,0.0,A-58b9ff,2.0,2.0,1.0
A-58b9ff,Company_425,DevTools,IN,31-05-2024,partner,Enterprise,2,False,0,S-69a7ce,A-58b9ff,14-07-2024,31-12-2026,Pro,6,294,3528,False,False,False,False,annual,True,72.0,29661.0,0.0,A-58b9ff,2.0,2.0,1.0
A-bf7919,Company_426,HealthTech,US,27-11-2024,organic,Pro,3,False,0,S-9a44ec,A-bf7919,21-12-2024,29-12-2024,Pro,15,735,8820,False,False,False,True,annual,True,75.0,23319.0,3.0,A-bf7919,2.0,2.5,0.0
A-bf7919,Company_426,HealthTech,US,27-11-2024,organic,Pro,3,False,0,S-e8a2fa,A-bf7919,26-12-2024,31-12-2026,Basic,10,0,0,True,False,False,False,annual,True,55.0,14803.0,3.0,A-bf7919,2.0,2.5,0.0
A-bf7919,Company_426,HealthTech,US,27-11-2024,organic,Pro,3,False,0,S-b75eaa,A-bf7919,24-12-2024,31-12-2026,Basic,12,228,2736,False,False,False,False,monthly,False,20.0,5092.0,4.0,A-bf7919,2.0,2.5,0.0
A-bf7919,Company_426,HealthTech,US,27-11-2024,organic,Pro,3,False,0,S-39f1b0,A-bf7919,10-12-2024,31-12-2026,Enterprise,8,0,0,True,False,False,False,annual,True,15.0,6990.0,0.0,A-bf7919,2.0,2.5,0.0
A-bf7919,Company_426,HealthTech,US,27-11-2024,organic,Pro,3,False,0,S-c59502,A-bf7919,07-12-2024,31-12-2026,Enterprise,3,597,7164,False,False,False,False,monthly,True,48.0,17454.0,1.0,A-bf7919,2.0,2.5,0.0
A-bf7919,Company_426,HealthTech,US,27-11-2024,organic,Pro,3,False,0,S-615a8a,A-bf7919,31-12-2024,31-12-2026,Enterprise,11,0,0,True,False,False,False,annual,False,49.0,9800.0,3.0,A-bf7919,2.0,2.5,0.0
A-1d5444,Company_427,Cybersecurity,US,18-01-2024,partner,Basic,24,False,1,S-c3213f,A-1d5444,02-08-2024,31-12-2026,Enterprise,41,8159,97908,False,False,False,False,annual,False,21.0,5569.0,0.0,A-1d5444,2.0,2.0,0.0
A-1d5444,Company_427,Cybersecurity,US,18-01-2024,partner,Basic,24,False,1,S-45baac,A-1d5444,31-05-2024,31-12-2026,Enterprise,24,4776,57312,False,False,False,False,monthly,False,8.0,3176.0,0.0,A-1d5444,2.0,2.0,0.0
A-1d5444,Company_427,Cybersecurity,US,18-01-2024,partner,Basic,24,False,1,S-27552b,A-1d5444,17-07-2024,31-12-2026,Pro,24,1176,14112,False,False,False,False,annual,True,50.0,14182.0,0.0,A-1d5444,2.0,2.0,0.0
A-1d5444,Company_427,Cybersecurity,US,18-01-2024,partner,Basic,24,False,1,S-221db6,A-1d5444,16-09-2024,31-12-2026,Pro,24,0,0,True,False,False,False,annual,True,76.0,20485.0,7.0,A-1d5444,2.0,2.0,0.0
A-1d5444,Company_427,Cybersecurity,US,18-01-2024,partner,Basic,24,False,1,S-9da0f3,A-1d5444,13-05-2024,31-12-2026,Enterprise,41,8159,97908,False,True,False,False,monthly,True,0.0,0.0,0.0,A-1d5444,2.0,2.0,0.0
A-1d5444,Company_427,Cybersecurity,US,18-01-2024,partner,Basic,24,False,1,S-1b713e,A-1d5444,26-11-2024,31-12-2026,Basic,24,0,0,True,True,False,False,annual,False,23.0,4467.0,0.0,A-1d5444,2.0,2.0,0.0
A-1d5444,Company_427,Cybersecurity,US,18-01-2024,partner,Basic,24,False,1,S-c3d2f9,A-1d5444,04-04-2024,31-12-2026,Basic,24,456,5472,False,False,False,False,annual,True,71.0,28163.0,4.0,A-1d5444,2.0,2.0,0.0
A-1d5444,Company_427,Cybersecurity,US,18-01-2024,partner,Basic,24,False,1,S-7e5af5,A-1d5444,19-03-2024,31-12-2026,Basic,24,456,5472,False,False,False,False,annual,True,68.0,18761.0,0.0,A-1d5444,2.0,2.0,0.0
A-1d5444,Company_427,Cybersecurity,US,18-01-2024,partner,Basic,24,False,1,S-cb3a85,A-1d5444,28-07-2024,31-12-2026,Basic,24,456,5472,False,False,False,False,annual,True,44.0,19064.0,2.0,A-1d5444,2.0,2.0,0.0
A-1d5444,Company_427,Cybersecurity,US,18-01-2024,partner,Basic,24,False,1,S-497d95,A-1d5444,15-07-2024,31-12-2026,Basic,24,456,5472,False,False,False,False,monthly,True,8.0,824.0,0.0,A-1d5444,2.0,2.0,0.0
A-1d5444,Company_427,Cybersecurity,US,18-01-2024,partner,Basic,24,False,1,S-45ab1a,A-1d5444,19-04-2024,31-12-2026,Basic,24,456,5472,False,False,False,False,annual,True,63.0,23637.0,5.0,A-1d5444,2.0,2.0,0.0
A-1d5444,Company_427,Cybersecurity,US,18-01-2024,partner,Basic,24,False,1,S-5619af,A-1d5444,23-04-2024,31-12-2026,Enterprise,24,4776,57312,False,False,False,False,monthly,False,23.0,4822.0,2.0,A-1d5444,2.0,2.0,0.0
A-1d5444,Company_427,Cybersecurity,US,18-01-2024,partner,Basic,24,False,1,S-f1778c,A-1d5444,10-04-2024,31-12-2026,Basic,24,456,5472,False,False,False,False,monthly,True,75.0,21482.0,10.0,A-1d5444,2.0,2.0,0.0
A-1d5444,Company_427,Cybersecurity,US,18-01-2024,partner,Basic,24,False,1,S-5d8b88,A-1d5444,25-11-2024,31-12-2026,Pro,24,1176,14112,False,False,False,False,annual,True,62.0,17399.0,5.0,A-1d5444,2.0,2.0,0.0
A-0f3e88,Company_428,HealthTech,US,23-07-2023,other,Basic,7,False,1,S-5eaab8,A-0f3e88,11-12-2024,23-12-2024,Pro,7,343,4116,False,False,False,True,monthly,False,62.0,26137.0,2.0,A-0f3e88,3.0,3.0,0.0
A-0f3e88,Company_428,HealthTech,US,23-07-2023,other,Basic,7,False,1,S-5cff9b,A-0f3e88,07-11-2024,31-12-2026,Pro,7,0,0,True,True,False,False,monthly,False,47.0,6988.0,4.0,A-0f3e88,3.0,3.0,0.0
A-0f3e88,Company_428,HealthTech,US,23-07-2023,other,Basic,7,False,1,S-7ded4d,A-0f3e88,18-06-2024,31-12-2026,Basic,17,323,3876,False,False,False,False,monthly,True,38.0,10332.0,3.0,A-0f3e88,3.0,3.0,0.0
A-0f3e88,Company_428,HealthTech,US,23-07-2023,other,Basic,7,False,1,S-695606,A-0f3e88,31-12-2023,31-12-2026,Basic,16,304,3648,False,False,False,False,monthly,True,62.0,19261.0,3.0,A-0f3e88,3.0,3.0,0.0
A-0f3e88,Company_428,HealthTech,US,23-07-2023,other,Basic,7,False,1,S-dcbf45,A-0f3e88,01-01-2024,31-12-2026,Pro,22,1078,12936,False,True,False,False,monthly,True,88.0,22305.0,3.0,A-0f3e88,3.0,3.0,0.0
A-0f3e88,Company_428,HealthTech,US,23-07-2023,other,Basic,7,False,1,S-400e62,A-0f3e88,18-04-2024,31-12-2026,Basic,14,266,3192,False,False,False,False,annual,False,92.0,24967.0,4.0,A-0f3e88,3.0,3.0,0.0
A-0f3e88,Company_428,HealthTech,US,23-07-2023,other,Basic,7,False,1,S-d735d1,A-0f3e88,23-09-2023,31-12-2026,Basic,24,456,5472,False,False,False,False,monthly,True,54.0,20235.0,1.0,A-0f3e88,3.0,3.0,0.0
A-0f3e88,Company_428,HealthTech,US,23-07-2023,other,Basic,7,False,1,S-c284ce,A-0f3e88,03-02-2024,31-12-2026,Enterprise,11,2189,26268,False,False,False,False,monthly,True,39.0,9007.0,0.0,A-0f3e88,3.0,3.0,0.0
A-0f3e88,Company_428,HealthTech,US,23-07-2023,other,Basic,7,False,1,S-db6454,A-0f3e88,08-10-2024,31-12-2026,Basic,11,209,2508,False,False,False,False,monthly,True,26.0,5749.0,6.0,A-0f3e88,3.0,3.0,0.0
A-0f3e88,Company_428,HealthTech,US,23-07-2023,other,Basic,7,False,1,S-9cfabf,A-0f3e88,05-08-2023,31-12-2026,Basic,7,133,1596,False,False,False,False,annual,True,26.0,13009.0,0.0,A-0f3e88,3.0,3.0,0.0
A-0f3e88,Company_428,HealthTech,US,23-07-2023,other,Basic,7,False,1,S-712e69,A-0f3e88,24-11-2024,31-12-2026,Basic,17,323,3876,False,False,False,False,annual,True,64.0,18640.0,2.0,A-0f3e88,3.0,3.0,0.0
A-7641d3,Company_429,EdTech,US,16-02-2023,partner,Pro,8,True,1,S-3b3fac,A-7641d3,21-11-2024,31-12-2026,Basic,10,190,2280,False,False,False,False,annual,True,51.0,17597.0,5.0,A-7641d3,5.0,2.6,2.0
A-7641d3,Company_429,EdTech,US,16-02-2023,partner,Pro,8,True,1,S-fdc127,A-7641d3,11-03-2024,31-12-2026,Pro,76,0,0,True,False,False,False,monthly,True,23.0,8681.0,0.0,A-7641d3,5.0,2.6,2.0
A-7641d3,Company_429,EdTech,US,16-02-2023,partner,Pro,8,True,1,S-a9b904,A-7641d3,12-04-2023,31-12-2026,Basic,8,152,1824,False,False,False,False,monthly,True,58.0,12771.0,0.0,A-7641d3,5.0,2.6,2.0
A-7641d3,Company_429,EdTech,US,16-02-2023,partner,Pro,8,True,1,S-6b3ac8,A-7641d3,03-08-2024,31-12-2026,Pro,61,2989,35868,False,False,True,False,monthly,True,12.0,2016.0,2.0,A-7641d3,5.0,2.6,2.0
A-7641d3,Company_429,EdTech,US,16-02-2023,partner,Pro,8,True,1,S-d74733,A-7641d3,10-05-2024,31-12-2026,Pro,12,588,7056,False,False,False,False,monthly,False,80.0,24929.0,2.0,A-7641d3,5.0,2.6,2.0
A-7641d3,Company_429,EdTech,US,16-02-2023,partner,Pro,8,True,1,S-6d10f7,A-7641d3,17-11-2024,31-12-2026,Pro,16,784,9408,False,False,False,False,monthly,True,35.0,8829.0,0.0,A-7641d3,5.0,2.6,2.0
A-7641d3,Company_429,EdTech,US,16-02-2023,partner,Pro,8,True,1,S-0146f6,A-7641d3,13-05-2024,31-12-2026,Enterprise,13,2587,31044,False,False,False,False,monthly,True,52.0,23505.0,1.0,A-7641d3,5.0,2.6,2.0
A-7641d3,Company_429,EdTech,US,16-02-2023,partner,Pro,8,True,1,S-f5f52a,A-7641d3,18-06-2024,31-12-2026,Pro,8,392,4704,False,False,False,False,annual,True,38.0,15799.0,7.0,A-7641d3,5.0,2.6,2.0
A-7641d3,Company_429,EdTech,US,16-02-2023,partner,Pro,8,True,1,S-b33593,A-7641d3,02-10-2023,31-12-2026,Pro,11,0,0,True,False,False,False,monthly,False,54.0,12222.0,1.0,A-7641d3,5.0,2.6,2.0
A-7641d3,Company_429,EdTech,US,16-02-2023,partner,Pro,8,True,1,S-b3613a,A-7641d3,24-04-2023,31-12-2026,Enterprise,8,1592,19104,False,False,False,False,monthly,True,60.0,21710.0,5.0,A-7641d3,5.0,2.6,2.0
A-7641d3,Company_429,EdTech,US,16-02-2023,partner,Pro,8,True,1,S-f8d74d,A-7641d3,21-05-2024,31-12-2026,Enterprise,14,2786,33432,False,False,False,False,monthly,False,56.0,16696.0,3.0,A-7641d3,5.0,2.6,2.0
A-cd458b,Company_430,DevTools,US,15-06-2024,other,Basic,10,True,0,S-a69559,A-cd458b,25-08-2024,31-12-2026,Basic,10,190,2280,False,False,False,False,monthly,False,76.0,22611.0,0.0,A-cd458b,5.0,4.6,0.0
A-cd458b,Company_430,DevTools,US,15-06-2024,other,Basic,10,True,0,S-b71b3a,A-cd458b,21-12-2024,31-12-2026,Enterprise,47,9353,112236,False,False,False,False,monthly,True,39.0,11571.0,2.0,A-cd458b,5.0,4.6,0.0
A-cd458b,Company_430,DevTools,US,15-06-2024,other,Basic,10,True,0,S-3673f2,A-cd458b,17-08-2024,31-12-2026,Enterprise,47,9353,112236,False,False,False,False,annual,True,89.0,23265.0,6.0,A-cd458b,5.0,4.6,0.0
A-cd458b,Company_430,DevTools,US,15-06-2024,other,Basic,10,True,0,S-e6c900,A-cd458b,18-09-2024,31-12-2026,Pro,10,490,5880,False,False,False,False,annual,True,54.0,17671.0,1.0,A-cd458b,5.0,4.6,0.0
A-cd458b,Company_430,DevTools,US,15-06-2024,other,Basic,10,True,0,S-b53850,A-cd458b,18-08-2024,14-09-2024,Basic,29,551,6612,False,False,False,True,annual,True,40.0,6992.0,0.0,A-cd458b,5.0,4.6,0.0
A-cd458b,Company_430,DevTools,US,15-06-2024,other,Basic,10,True,0,S-6d3477,A-cd458b,25-10-2024,31-12-2026,Enterprise,47,9353,112236,False,False,False,False,annual,True,42.0,17882.0,3.0,A-cd458b,5.0,4.6,0.0
A-cd458b,Company_430,DevTools,US,15-06-2024,other,Basic,10,True,0,S-8966c9,A-cd458b,26-09-2024,31-12-2026,Basic,27,513,6156,False,False,False,False,monthly,True,80.0,24480.0,7.0,A-cd458b,5.0,4.6,0.0
A-cd458b,Company_430,DevTools,US,15-06-2024,other,Basic,10,True,0,S-52404a,A-cd458b,26-10-2024,31-12-2026,Basic,26,494,5928,False,False,False,False,annual,True,22.0,10160.0,2.0,A-cd458b,5.0,4.6,0.0
A-cd458b,Company_430,DevTools,US,15-06-2024,other,Basic,10,True,0,S-ce887e,A-cd458b,04-10-2024,31-12-2026,Enterprise,10,1990,23880,False,False,False,False,annual,True,37.0,10937.0,3.0,A-cd458b,5.0,4.6,0.0
A-cd458b,Company_430,DevTools,US,15-06-2024,other,Basic,10,True,0,S-1b4693,A-cd458b,23-12-2024,31-12-2026,Enterprise,15,2985,35820,False,False,False,False,monthly,True,58.0,16894.0,1.0,A-cd458b,5.0,4.6,0.0
A-cd458b,Company_430,DevTools,US,15-06-2024,other,Basic,10,True,0,S-ab0f4c,A-cd458b,06-12-2024,31-12-2026,Basic,25,475,5700,False,False,False,False,monthly,False,41.0,16280.0,4.0,A-cd458b,5.0,4.6,0.0
A-cd458b,Company_430,DevTools,US,15-06-2024,other,Basic,10,True,0,S-2416eb,A-cd458b,14-08-2024,31-12-2026,Basic,10,190,2280,False,False,False,False,monthly,True,98.0,30058.0,7.0,A-cd458b,5.0,4.6,0.0
A-cd458b,Company_430,DevTools,US,15-06-2024,other,Basic,10,True,0,S-5d532c,A-cd458b,26-12-2024,31-12-2026,Enterprise,10,1990,23880,False,False,True,False,monthly,True,93.0,28669.0,4.0,A-cd458b,5.0,4.6,0.0
A-cd458b,Company_430,DevTools,US,15-06-2024,other,Basic,10,True,0,S-ab3ad8,A-cd458b,12-07-2024,31-12-2026,Basic,10,190,2280,False,False,False,False,annual,True,74.0,25644.0,5.0,A-cd458b,5.0,4.6,0.0
A-cd458b,Company_430,DevTools,US,15-06-2024,other,Basic,10,True,0,S-03a939,A-cd458b,25-07-2024,31-12-2026,Enterprise,26,5174,62088,False,False,False,False,monthly,True,21.0,3510.0,0.0,A-cd458b,5.0,4.6,0.0
A-c16b88,Company_431,HealthTech,US,02-12-2023,event,Enterprise,23,False,0,S-59c5d7,A-c16b88,19-10-2024,31-12-2026,Basic,35,665,7980,False,True,False,False,monthly,True,70.0,17401.0,2.0,A-c16b88,3.0,1.0,0.0
A-c16b88,Company_431,HealthTech,US,02-12-2023,event,Enterprise,23,False,0,S-e64c2b,A-c16b88,25-11-2024,31-12-2026,Enterprise,23,4577,54924,False,True,False,False,annual,False,28.0,10329.0,0.0,A-c16b88,3.0,1.0,0.0
A-c16b88,Company_431,HealthTech,US,02-12-2023,event,Enterprise,23,False,0,S-b96ee3,A-c16b88,20-12-2024,31-12-2026,Basic,23,437,5244,False,False,False,False,monthly,True,68.0,23411.0,4.0,A-c16b88,3.0,1.0,0.0
A-c16b88,Company_431,HealthTech,US,02-12-2023,event,Enterprise,23,False,0,S-ea4844,A-c16b88,03-06-2024,31-12-2026,Pro,23,1127,13524,False,False,False,False,monthly,True,38.0,12014.0,1.0,A-c16b88,3.0,1.0,0.0
A-c16b88,Company_431,HealthTech,US,02-12-2023,event,Enterprise,23,False,0,S-3741b9,A-c16b88,20-06-2024,11-07-2024,Basic,23,0,0,True,False,False,True,annual,True,80.0,28231.0,2.0,A-c16b88,3.0,1.0,0.0
A-c16b88,Company_431,HealthTech,US,02-12-2023,event,Enterprise,23,False,0,S-1682d4,A-c16b88,26-12-2024,31-12-2026,Enterprise,23,4577,54924,False,False,False,False,annual,False,42.0,17040.0,5.0,A-c16b88,3.0,1.0,0.0
A-c16b88,Company_431,HealthTech,US,02-12-2023,event,Enterprise,23,False,0,S-2bef13,A-c16b88,10-06-2024,31-12-2026,Enterprise,45,8955,107460,False,False,False,False,monthly,False,32.0,8349.0,0.0,A-c16b88,3.0,1.0,0.0
A-c16b88,Company_431,HealthTech,US,02-12-2023,event,Enterprise,23,False,0,S-3981c7,A-c16b88,08-03-2024,31-12-2026,Pro,27,0,0,True,False,False,False,annual,True,49.0,17224.0,3.0,A-c16b88,3.0,1.0,0.0
A-c16b88,Company_431,HealthTech,US,02-12-2023,event,Enterprise,23,False,0,S-9a6a1b,A-c16b88,09-03-2024,31-12-2026,Pro,23,0,0,True,False,False,False,annual,True,50.0,20960.0,7.0,A-c16b88,3.0,1.0,0.0
A-59f724,Company_432,HealthTech,US,03-11-2023,other,Enterprise,3,True,0,S-edeacd,A-59f724,01-01-2024,31-12-2026,Pro,18,882,10584,False,False,False,False,annual,True,33.0,8140.0,0.0,A-59f724,4.0,4.25,0.0
A-59f724,Company_432,HealthTech,US,03-11-2023,other,Enterprise,3,True,0,S-85eb8f,A-59f724,29-01-2024,31-12-2026,Enterprise,22,4378,52536,False,False,False,False,monthly,True,97.0,38355.0,6.0,A-59f724,4.0,4.25,0.0
A-59f724,Company_432,HealthTech,US,03-11-2023,other,Enterprise,3,True,0,S-a903ad,A-59f724,22-06-2024,31-12-2026,Pro,27,1323,15876,False,False,False,False,annual,True,66.0,14160.0,6.0,A-59f724,4.0,4.25,0.0
A-59f724,Company_432,HealthTech,US,03-11-2023,other,Enterprise,3,True,0,S-10702d,A-59f724,14-03-2024,31-12-2026,Basic,3,0,0,True,False,False,False,monthly,True,36.0,3723.0,4.0,A-59f724,4.0,4.25,0.0
A-59f724,Company_432,HealthTech,US,03-11-2023,other,Enterprise,3,True,0,S-8b486a,A-59f724,12-06-2024,31-12-2026,Pro,77,0,0,True,False,False,False,annual,False,30.0,10621.0,0.0,A-59f724,4.0,4.25,0.0
A-59f724,Company_432,HealthTech,US,03-11-2023,other,Enterprise,3,True,0,S-b784a1,A-59f724,29-05-2024,31-12-2026,Pro,6,294,3528,False,False,False,False,monthly,True,60.0,25082.0,4.0,A-59f724,4.0,4.25,0.0
A-59f724,Company_432,HealthTech,US,03-11-2023,other,Enterprise,3,True,0,S-c5a146,A-59f724,15-07-2024,31-12-2026,Basic,18,342,4104,False,True,False,False,annual,True,97.0,31059.0,3.0,A-59f724,4.0,4.25,0.0
A-59f724,Company_432,HealthTech,US,03-11-2023,other,Enterprise,3,True,0,S-652885,A-59f724,08-12-2024,31-12-2026,Basic,18,342,4104,False,False,False,False,monthly,True,46.0,22705.0,5.0,A-59f724,4.0,4.25,0.0
A-59f724,Company_432,HealthTech,US,03-11-2023,other,Enterprise,3,True,0,S-26bc22,A-59f724,23-07-2024,31-12-2026,Enterprise,3,597,7164,False,True,False,False,annual,False,54.0,12166.0,2.0,A-59f724,4.0,4.25,0.0
A-59f724,Company_432,HealthTech,US,03-11-2023,other,Enterprise,3,True,0,S-e74ca1,A-59f724,24-08-2024,31-12-2026,Basic,3,0,0,True,False,False,False,monthly,False,40.0,7979.0,7.0,A-59f724,4.0,4.25,0.0
A-59f724,Company_432,HealthTech,US,03-11-2023,other,Enterprise,3,True,0,S-b6a35b,A-59f724,08-05-2024,31-12-2026,Pro,19,931,11172,False,False,False,False,monthly,True,84.0,26584.0,5.0,A-59f724,4.0,4.25,0.0
A-59f724,Company_432,HealthTech,US,03-11-2023,other,Enterprise,3,True,0,S-c13970,A-59f724,27-06-2024,31-12-2026,Basic,36,684,8208,False,False,False,False,monthly,True,53.0,21117.0,5.0,A-59f724,4.0,4.25,0.0
A-87aa7b,Company_433,HealthTech,US,16-05-2024,organic,Pro,24,True,0,S-276d44,A-87aa7b,17-06-2024,31-12-2026,Pro,24,1176,14112,False,False,False,False,monthly,True,88.0,25755.0,2.0,A-87aa7b,3.0,0.0,1.0
A-87aa7b,Company_433,HealthTech,US,16-05-2024,organic,Pro,24,True,0,S-ccc10f,A-87aa7b,19-11-2024,31-12-2026,Basic,24,456,5472,False,False,False,False,annual,True,72.0,25012.0,0.0,A-87aa7b,3.0,0.0,1.0
A-87aa7b,Company_433,HealthTech,US,16-05-2024,organic,Pro,24,True,0,S-561e21,A-87aa7b,29-08-2024,31-12-2026,Pro,24,0,0,True,True,False,False,annual,True,8.0,2440.0,0.0,A-87aa7b,3.0,0.0,1.0
A-87aa7b,Company_433,HealthTech,US,16-05-2024,organic,Pro,24,True,0,S-344c0d,A-87aa7b,15-10-2024,31-12-2026,Enterprise,24,4776,57312,False,False,False,False,annual,True,6.0,1734.0,0.0,A-87aa7b,3.0,0.0,1.0
A-87aa7b,Company_433,HealthTech,US,16-05-2024,organic,Pro,24,True,0,S-5b58b1,A-87aa7b,19-11-2024,31-12-2026,Pro,24,1176,14112,False,False,False,False,annual,True,56.0,6804.0,4.0,A-87aa7b,3.0,0.0,1.0
A-87aa7b,Company_433,HealthTech,US,16-05-2024,organic,Pro,24,True,0,S-eadebb,A-87aa7b,23-08-2024,31-12-2026,Pro,24,1176,14112,False,False,False,False,annual,True,47.0,13122.0,3.0,A-87aa7b,3.0,0.0,1.0
A-87aa7b,Company_433,HealthTech,US,16-05-2024,organic,Pro,24,True,0,S-09ada1,A-87aa7b,23-11-2024,31-12-2026,Basic,24,456,5472,False,False,False,False,annual,True,45.0,11994.0,0.0,A-87aa7b,3.0,0.0,1.0
A-87aa7b,Company_433,HealthTech,US,16-05-2024,organic,Pro,24,True,0,S-3fb251,A-87aa7b,22-07-2024,31-12-2026,Enterprise,50,0,0,True,True,False,False,monthly,False,11.0,1370.0,1.0,A-87aa7b,3.0,0.0,1.0
A-87aa7b,Company_433,HealthTech,US,16-05-2024,organic,Pro,24,True,0,S-6cff7d,A-87aa7b,18-07-2024,31-12-2026,Basic,56,1064,12768,False,False,False,False,monthly,True,43.0,15877.0,1.0,A-87aa7b,3.0,0.0,1.0
A-87aa7b,Company_433,HealthTech,US,16-05-2024,organic,Pro,24,True,0,S-b9c635,A-87aa7b,02-06-2024,31-12-2026,Pro,24,1176,14112,False,False,True,False,monthly,True,41.0,15391.0,5.0,A-87aa7b,3.0,0.0,1.0
A-87aa7b,Company_433,HealthTech,US,16-05-2024,organic,Pro,24,True,0,S-0fb7bb,A-87aa7b,05-06-2024,31-12-2026,Pro,24,1176,14112,False,False,True,False,annual,False,23.0,10171.0,2.0,A-87aa7b,3.0,0.0,1.0
A-87aa7b,Company_433,HealthTech,US,16-05-2024,organic,Pro,24,True,0,S-37f480,A-87aa7b,25-05-2024,31-12-2026,Pro,27,1323,15876,False,False,False,False,annual,False,39.0,7695.0,6.0,A-87aa7b,3.0,0.0,1.0
A-87aa7b,Company_433,HealthTech,US,16-05-2024,organic,Pro,24,True,0,S-c7f25a,A-87aa7b,10-08-2024,31-12-2026,Basic,25,475,5700,False,True,False,False,monthly,True,59.0,20945.0,5.0,A-87aa7b,3.0,0.0,1.0
A-87aa7b,Company_433,HealthTech,US,16-05-2024,organic,Pro,24,True,0,S-7925f0,A-87aa7b,24-09-2024,31-12-2026,Enterprise,24,4776,57312,False,False,False,False,monthly,True,51.0,14439.0,3.0,A-87aa7b,3.0,0.0,1.0
A-87aa7b,Company_433,HealthTech,US,16-05-2024,organic,Pro,24,True,0,S-58239c,A-87aa7b,22-05-2024,31-12-2026,Pro,24,1176,14112,False,False,False,False,monthly,True,86.0,22316.0,3.0,A-87aa7b,3.0,0.0,1.0
A-87aa7b,Company_433,HealthTech,US,16-05-2024,organic,Pro,24,True,0,S-09076d,A-87aa7b,23-12-2024,31-12-2026,Pro,51,2499,29988,False,True,False,False,monthly,True,67.0,15480.0,0.0,A-87aa7b,3.0,0.0,1.0
A-1e6fc3,Company_434,EdTech,FR,06-12-2023,other,Pro,1,False,0,S-cb8a5c,A-1e6fc3,17-12-2024,31-12-2026,Enterprise,1,199,2388,False,False,False,False,annual,True,50.0,17981.0,1.0,A-1e6fc3,5.0,2.2,0.0
A-1e6fc3,Company_434,EdTech,FR,06-12-2023,other,Pro,1,False,0,S-e6cfc1,A-1e6fc3,11-01-2024,02-04-2024,Basic,1,0,0,True,False,False,True,annual,True,67.0,22691.0,2.0,A-1e6fc3,5.0,2.2,0.0
A-1e6fc3,Company_434,EdTech,FR,06-12-2023,other,Pro,1,False,0,S-941e0f,A-1e6fc3,28-08-2024,31-12-2026,Basic,11,0,0,True,False,False,False,annual,True,67.0,22055.0,11.0,A-1e6fc3,5.0,2.2,0.0
A-1e6fc3,Company_434,EdTech,FR,06-12-2023,other,Pro,1,False,0,S-1a20b6,A-1e6fc3,01-04-2024,31-12-2026,Pro,5,245,2940,False,False,False,False,monthly,True,60.0,22547.0,5.0,A-1e6fc3,5.0,2.2,0.0
A-39ddf4,Company_435,EdTech,US,05-12-2024,partner,Enterprise,40,False,0,S-61e86c,A-39ddf4,07-12-2024,31-12-2026,Enterprise,40,7960,95520,False,False,False,False,annual,True,38.0,18190.0,11.0,A-39ddf4,5.0,3.4,0.0
A-39ddf4,Company_435,EdTech,US,05-12-2024,partner,Enterprise,40,False,0,S-96383d,A-39ddf4,29-12-2024,31-12-2026,Enterprise,40,7960,95520,False,False,False,False,annual,True,54.0,21628.0,3.0,A-39ddf4,5.0,3.4,0.0
A-39ddf4,Company_435,EdTech,US,05-12-2024,partner,Enterprise,40,False,0,S-4c8ab8,A-39ddf4,26-12-2024,31-12-2026,Pro,40,1960,23520,False,False,False,False,monthly,True,36.0,15428.0,5.0,A-39ddf4,5.0,3.4,0.0
A-39ddf4,Company_435,EdTech,US,05-12-2024,partner,Enterprise,40,False,0,S-d69e2c,A-39ddf4,27-12-2024,31-12-2026,Pro,40,1960,23520,False,False,False,False,annual,False,47.0,19195.0,1.0,A-39ddf4,5.0,3.4,0.0
A-39ddf4,Company_435,EdTech,US,05-12-2024,partner,Enterprise,40,False,0,S-46526e,A-39ddf4,10-12-2024,31-12-2026,Pro,44,2156,25872,False,False,False,False,annual,False,56.0,15080.0,0.0,A-39ddf4,5.0,3.4,0.0
A-39ddf4,Company_435,EdTech,US,05-12-2024,partner,Enterprise,40,False,0,S-cdd281,A-39ddf4,30-12-2024,31-12-2026,Enterprise,40,7960,95520,False,False,False,False,monthly,True,63.0,11065.0,5.0,A-39ddf4,5.0,3.4,0.0
A-39ddf4,Company_435,EdTech,US,05-12-2024,partner,Enterprise,40,False,0,S-c57c91,A-39ddf4,24-12-2024,31-12-2026,Pro,40,1960,23520,False,False,False,False,monthly,True,62.0,21242.0,5.0,A-39ddf4,5.0,3.4,0.0
A-39ddf4,Company_435,EdTech,US,05-12-2024,partner,Enterprise,40,False,0,S-404132,A-39ddf4,20-12-2024,29-12-2024,Pro,40,1960,23520,False,False,False,True,annual,True,43.0,5268.0,3.0,A-39ddf4,5.0,3.4,0.0
A-39ddf4,Company_435,EdTech,US,05-12-2024,partner,Enterprise,40,False,0,S-df0314,A-39ddf4,21-12-2024,31-12-2026,Pro,40,1960,23520,False,False,False,False,monthly,True,56.0,12558.0,3.0,A-39ddf4,5.0,3.4,0.0
A-34ea2f,Company_436,HealthTech,US,15-08-2024,organic,Enterprise,8,False,1,S-8c8315,A-34ea2f,19-11-2024,31-12-2026,Pro,8,0,0,True,True,False,False,annual,True,52.0,15982.0,0.0,A-34ea2f,8.0,2.375,0.0
A-34ea2f,Company_436,HealthTech,US,15-08-2024,organic,Enterprise,8,False,1,S-d5c6cc,A-34ea2f,10-10-2024,31-12-2026,Pro,83,4067,48804,False,False,False,False,annual,True,22.0,3376.0,6.0,A-34ea2f,8.0,2.375,0.0
A-34ea2f,Company_436,HealthTech,US,15-08-2024,organic,Enterprise,8,False,1,S-20a297,A-34ea2f,05-09-2024,31-12-2026,Basic,8,152,1824,False,False,False,False,monthly,True,41.0,14329.0,3.0,A-34ea2f,8.0,2.375,0.0
A-34ea2f,Company_436,HealthTech,US,15-08-2024,organic,Enterprise,8,False,1,S-24d19a,A-34ea2f,10-09-2024,31-12-2026,Pro,8,392,4704,False,False,False,False,annual,False,37.0,7024.0,0.0,A-34ea2f,8.0,2.375,0.0
A-34ea2f,Company_436,HealthTech,US,15-08-2024,organic,Enterprise,8,False,1,S-64d8c9,A-34ea2f,30-11-2024,31-12-2026,Basic,41,779,9348,False,True,False,False,monthly,True,23.0,10979.0,0.0,A-34ea2f,8.0,2.375,0.0
A-34ea2f,Company_436,HealthTech,US,15-08-2024,organic,Enterprise,8,False,1,S-947b62,A-34ea2f,25-12-2024,31-12-2026,Enterprise,16,3184,38208,False,False,False,False,annual,False,51.0,13192.0,1.0,A-34ea2f,8.0,2.375,0.0
A-34ea2f,Company_436,HealthTech,US,15-08-2024,organic,Enterprise,8,False,1,S-1f5faf,A-34ea2f,03-10-2024,20-12-2024,Enterprise,8,0,0,True,False,False,True,monthly,False,66.0,25231.0,3.0,A-34ea2f,8.0,2.375,0.0
A-34ea2f,Company_436,HealthTech,US,15-08-2024,organic,Enterprise,8,False,1,S-0e8781,A-34ea2f,24-09-2024,31-12-2026,Enterprise,23,0,0,True,False,False,False,monthly,False,42.0,17628.0,4.0,A-34ea2f,8.0,2.375,0.0
A-34ea2f,Company_436,HealthTech,US,15-08-2024,organic,Enterprise,8,False,1,S-e4cb85,A-34ea2f,21-10-2024,31-12-2026,Basic,29,551,6612,False,True,False,False,annual,True,74.0,19437.0,6.0,A-34ea2f,8.0,2.375,0.0
A-34ea2f,Company_436,HealthTech,US,15-08-2024,organic,Enterprise,8,False,1,S-62fe77,A-34ea2f,07-09-2024,31-12-2026,Pro,23,1127,13524,False,False,False,False,annual,True,32.0,10507.0,0.0,A-34ea2f,8.0,2.375,0.0
A-34ea2f,Company_436,HealthTech,US,15-08-2024,organic,Enterprise,8,False,1,S-c7f2e5,A-34ea2f,09-11-2024,19-11-2024,Enterprise,21,4179,50148,False,False,False,True,annual,True,74.0,29488.0,6.0,A-34ea2f,8.0,2.375,0.0
A-34ea2f,Company_436,HealthTech,US,15-08-2024,organic,Enterprise,8,False,1,S-31cec4,A-34ea2f,28-10-2024,31-12-2026,Basic,8,152,1824,False,False,False,False,monthly,True,36.0,7984.0,1.0,A-34ea2f,8.0,2.375,0.0
A-716841,Company_437,FinTech,US,06-05-2024,other,Pro,45,False,0,S-891eb4,A-716841,20-09-2024,31-12-2026,Pro,45,2205,26460,False,False,False,False,annual,True,79.0,23287.0,2.0,A-716841,5.0,2.4,0.0
A-716841,Company_437,FinTech,US,06-05-2024,other,Pro,45,False,0,S-83c56d,A-716841,13-12-2024,31-12-2026,Enterprise,45,8955,107460,False,False,False,False,monthly,True,15.0,2690.0,0.0,A-716841,5.0,2.4,0.0
A-716841,Company_437,FinTech,US,06-05-2024,other,Pro,45,False,0,S-e567db,A-716841,14-05-2024,31-12-2026,Enterprise,45,0,0,True,False,False,False,annual,True,13.0,6476.0,0.0,A-716841,5.0,2.4,0.0
A-716841,Company_437,FinTech,US,06-05-2024,other,Pro,45,False,0,S-a60299,A-716841,20-09-2024,31-12-2026,Pro,45,0,0,True,False,False,False,monthly,True,73.0,23904.0,0.0,A-716841,5.0,2.4,0.0
A-716841,Company_437,FinTech,US,06-05-2024,other,Pro,45,False,0,S-76c065,A-716841,14-11-2024,31-12-2026,Enterprise,45,8955,107460,False,False,False,False,annual,True,8.0,3088.0,0.0,A-716841,5.0,2.4,0.0
A-716841,Company_437,FinTech,US,06-05-2024,other,Pro,45,False,0,S-658f5f,A-716841,27-05-2024,31-12-2026,Pro,45,2205,26460,False,False,False,False,monthly,True,36.0,12649.0,4.0,A-716841,5.0,2.4,0.0
A-716841,Company_437,FinTech,US,06-05-2024,other,Pro,45,False,0,S-dd5a4c,A-716841,13-05-2024,31-12-2026,Basic,161,3059,36708,False,False,False,False,annual,True,60.0,20298.0,4.0,A-716841,5.0,2.4,0.0
A-716841,Company_437,FinTech,US,06-05-2024,other,Pro,45,False,0,S-3d2ebb,A-716841,15-10-2024,31-12-2026,Basic,45,855,10260,False,False,False,False,annual,True,60.0,18769.0,3.0,A-716841,5.0,2.4,0.0
A-558c72,Company_438,FinTech,US,01-06-2023,organic,Basic,12,False,0,S-9f2386,A-558c72,09-03-2024,31-12-2026,Enterprise,15,2985,35820,False,False,False,False,annual,True,43.0,11068.0,0.0,A-558c72,4.0,2.25,1.0
A-558c72,Company_438,FinTech,US,01-06-2023,organic,Basic,12,False,0,S-214edb,A-558c72,25-06-2024,31-12-2026,Basic,77,1463,17556,False,False,False,False,monthly,True,30.0,13243.0,0.0,A-558c72,4.0,2.25,1.0
A-558c72,Company_438,FinTech,US,01-06-2023,organic,Basic,12,False,0,S-8bac4e,A-558c72,17-12-2023,31-12-2026,Pro,12,588,7056,False,False,False,False,monthly,True,23.0,8667.0,1.0,A-558c72,4.0,2.25,1.0
A-558c72,Company_438,FinTech,US,01-06-2023,organic,Basic,12,False,0,S-d7ef67,A-558c72,07-03-2024,31-12-2026,Basic,12,228,2736,False,True,False,False,monthly,False,11.0,6523.0,0.0,A-558c72,4.0,2.25,1.0
A-558c72,Company_438,FinTech,US,01-06-2023,organic,Basic,12,False,0,S-ebbda6,A-558c72,10-10-2024,31-12-2026,Pro,15,735,8820,False,False,False,False,annual,True,46.0,11945.0,6.0,A-558c72,4.0,2.25,1.0
A-558c72,Company_438,FinTech,US,01-06-2023,organic,Basic,12,False,0,S-c8d680,A-558c72,16-01-2024,03-02-2024,Enterprise,12,2388,28656,False,False,False,True,monthly,True,56.0,5979.0,4.0,A-558c72,4.0,2.25,1.0
A-558c72,Company_438,FinTech,US,01-06-2023,organic,Basic,12,False,0,S-4781b1,A-558c72,12-06-2023,31-12-2026,Pro,16,784,9408,False,False,False,False,monthly,True,87.0,26112.0,5.0,A-558c72,4.0,2.25,1.0
A-b11cd0,Company_439,DevTools,US,20-01-2023,ads,Pro,26,True,1,S-969f4c,A-b11cd0,10-10-2023,23-10-2024,Basic,26,0,0,True,False,False,True,monthly,True,45.0,14090.0,0.0,A-b11cd0,4.0,2.0,0.0
A-b11cd0,Company_439,DevTools,US,20-01-2023,ads,Pro,26,True,1,S-7a36ee,A-b11cd0,16-02-2023,22-06-2024,Basic,26,494,5928,False,False,False,True,monthly,True,52.0,10270.0,2.0,A-b11cd0,4.0,2.0,0.0
A-b11cd0,Company_439,DevTools,US,20-01-2023,ads,Pro,26,True,1,S-9a1297,A-b11cd0,20-07-2024,31-12-2026,Pro,26,1274,15288,False,False,False,False,annual,True,71.0,31893.0,2.0,A-b11cd0,4.0,2.0,0.0
A-b11cd0,Company_439,DevTools,US,20-01-2023,ads,Pro,26,True,1,S-57e129,A-b11cd0,17-02-2024,31-12-2026,Pro,36,1764,21168,False,False,False,False,monthly,True,52.0,13216.0,8.0,A-b11cd0,4.0,2.0,0.0
A-b11cd0,Company_439,DevTools,US,20-01-2023,ads,Pro,26,True,1,S-7863b1,A-b11cd0,01-04-2023,31-12-2026,Basic,26,0,0,True,False,False,False,monthly,True,35.0,11058.0,4.0,A-b11cd0,4.0,2.0,0.0
A-b11cd0,Company_439,DevTools,US,20-01-2023,ads,Pro,26,True,1,S-f7ef84,A-b11cd0,30-12-2023,31-12-2026,Pro,26,1274,15288,False,False,False,False,annual,True,23.0,5184.0,0.0,A-b11cd0,4.0,2.0,0.0
A-cc1d8d,Company_440,FinTech,US,08-12-2024,other,Pro,5,False,0,S-51d8db,A-cc1d8d,30-12-2024,31-12-2026,Enterprise,6,1194,14328,False,False,False,False,annual,True,57.0,14687.0,4.0,A-cc1d8d,5.0,1.8,0.0
A-cc1d8d,Company_440,FinTech,US,08-12-2024,other,Pro,5,False,0,S-dab0d5,A-cc1d8d,14-12-2024,31-12-2026,Basic,5,0,0,True,False,False,False,monthly,True,43.0,8556.0,0.0,A-cc1d8d,5.0,1.8,0.0
A-cc1d8d,Company_440,FinTech,US,08-12-2024,other,Pro,5,False,0,S-4d664d,A-cc1d8d,26-12-2024,31-12-2026,Pro,16,784,9408,False,True,True,False,annual,True,28.0,8007.0,3.0,A-cc1d8d,5.0,1.8,0.0
A-cc1d8d,Company_440,FinTech,US,08-12-2024,other,Pro,5,False,0,S-ee5448,A-cc1d8d,29-12-2024,31-12-2026,Basic,9,171,2052,False,False,False,False,annual,True,41.0,8083.0,5.0,A-cc1d8d,5.0,1.8,0.0
A-cc1d8d,Company_440,FinTech,US,08-12-2024,other,Pro,5,False,0,S-c25e9d,A-cc1d8d,17-12-2024,31-12-2026,Basic,5,95,1140,False,False,False,False,monthly,False,67.0,29250.0,12.0,A-cc1d8d,5.0,1.8,0.0
A-cc1d8d,Company_440,FinTech,US,08-12-2024,other,Pro,5,False,0,S-ddb09e,A-cc1d8d,10-12-2024,31-12-2026,Enterprise,8,1592,19104,False,False,False,False,monthly,False,41.0,12875.0,8.0,A-cc1d8d,5.0,1.8,0.0
A-cc1d8d,Company_440,FinTech,US,08-12-2024,other,Pro,5,False,0,S-585c3b,A-cc1d8d,13-12-2024,31-12-2026,Pro,6,0,0,True,False,False,False,annual,True,53.0,20598.0,3.0,A-cc1d8d,5.0,1.8,0.0
A-cc1d8d,Company_440,FinTech,US,08-12-2024,other,Pro,5,False,0,S-cea51e,A-cc1d8d,22-12-2024,31-12-2026,Enterprise,20,0,0,True,False,False,False,monthly,True,44.0,9605.0,3.0,A-cc1d8d,5.0,1.8,0.0
A-cc1d8d,Company_440,FinTech,US,08-12-2024,other,Pro,5,False,0,S-3e0c7b,A-cc1d8d,16-12-2024,31-12-2026,Basic,84,1596,19152,False,False,False,False,annual,True,43.0,10560.0,2.0,A-cc1d8d,5.0,1.8,0.0
A-cc1d8d,Company_440,FinTech,US,08-12-2024,other,Pro,5,False,0,S-85ddea,A-cc1d8d,20-12-2024,31-12-2026,Enterprise,5,995,11940,False,False,False,False,monthly,True,18.0,9514.0,0.0,A-cc1d8d,5.0,1.8,0.0
A-cc1d8d,Company_440,FinTech,US,08-12-2024,other,Pro,5,False,0,S-3ffd93,A-cc1d8d,23-12-2024,31-12-2026,Basic,39,741,8892,False,False,False,False,monthly,True,40.0,13984.0,1.0,A-cc1d8d,5.0,1.8,0.0
A-cc1d8d,Company_440,FinTech,US,08-12-2024,other,Pro,5,False,0,S-afe3b8,A-cc1d8d,10-12-2024,31-12-2026,Pro,16,784,9408,False,False,False,False,monthly,True,83.0,38239.0,4.0,A-cc1d8d,5.0,1.8,0.0
A-cc1d8d,Company_440,FinTech,US,08-12-2024,other,Pro,5,False,0,S-2f9bef,A-cc1d8d,08-12-2024,31-12-2026,Enterprise,5,995,11940,False,False,False,False,annual,True,60.0,20407.0,3.0,A-cc1d8d,5.0,1.8,0.0
A-7f4db3,Company_441,FinTech,US,05-03-2023,other,Pro,4,False,0,S-260e48,A-7f4db3,16-07-2023,31-12-2026,Pro,10,490,5880,False,False,False,False,annual,True,66.0,19100.0,5.0,A-7f4db3,5.0,2.6,1.0
A-7f4db3,Company_441,FinTech,US,05-03-2023,other,Pro,4,False,0,S-f1aa04,A-7f4db3,24-07-2023,31-12-2026,Pro,7,343,4116,False,False,False,False,monthly,True,85.0,26085.0,9.0,A-7f4db3,5.0,2.6,1.0
A-7f4db3,Company_441,FinTech,US,05-03-2023,other,Pro,4,False,0,S-21f8b3,A-7f4db3,07-09-2024,31-12-2026,Enterprise,4,0,0,True,False,False,False,monthly,False,80.0,21825.0,4.0,A-7f4db3,5.0,2.6,1.0
A-7f4db3,Company_441,FinTech,US,05-03-2023,other,Pro,4,False,0,S-69cc68,A-7f4db3,12-10-2023,31-12-2026,Enterprise,7,1393,16716,False,False,False,False,annual,True,64.0,26541.0,2.0,A-7f4db3,5.0,2.6,1.0
A-7f4db3,Company_441,FinTech,US,05-03-2023,other,Pro,4,False,0,S-4d47e3,A-7f4db3,28-03-2023,17-06-2024,Pro,4,196,2352,False,False,False,True,monthly,True,70.0,28269.0,3.0,A-7f4db3,5.0,2.6,1.0
A-7f4db3,Company_441,FinTech,US,05-03-2023,other,Pro,4,False,0,S-b8ee76,A-7f4db3,31-10-2023,31-12-2026,Pro,6,294,3528,False,False,False,False,monthly,True,60.0,23147.0,4.0,A-7f4db3,5.0,2.6,1.0
A-7f4db3,Company_441,FinTech,US,05-03-2023,other,Pro,4,False,0,S-8e5ceb,A-7f4db3,07-11-2024,18-11-2024,Enterprise,9,0,0,True,False,False,True,monthly,True,34.0,10060.0,0.0,A-7f4db3,5.0,2.6,1.0
A-7f4db3,Company_441,FinTech,US,05-03-2023,other,Pro,4,False,0,S-615537,A-7f4db3,30-03-2024,31-12-2026,Pro,16,784,9408,False,False,False,False,annual,True,25.0,9462.0,1.0,A-7f4db3,5.0,2.6,1.0
A-7f4db3,Company_441,FinTech,US,05-03-2023,other,Pro,4,False,0,S-f2f40c,A-7f4db3,29-06-2024,31-12-2026,Enterprise,45,8955,107460,False,False,False,False,annual,True,17.0,7725.0,2.0,A-7f4db3,5.0,2.6,1.0
A-7f4db3,Company_441,FinTech,US,05-03-2023,other,Pro,4,False,0,S-0b7eba,A-7f4db3,11-03-2023,31-12-2026,Enterprise,8,1592,19104,False,False,False,False,monthly,False,74.0,27292.0,1.0,A-7f4db3,5.0,2.6,1.0
A-7f4db3,Company_441,FinTech,US,05-03-2023,other,Pro,4,False,0,S-552434,A-7f4db3,14-08-2024,31-12-2026,Pro,79,3871,46452,False,False,False,False,annual,True,82.0,21130.0,7.0,A-7f4db3,5.0,2.6,1.0
A-7f4db3,Company_441,FinTech,US,05-03-2023,other,Pro,4,False,0,S-1f15a2,A-7f4db3,05-04-2023,31-12-2026,Basic,39,0,0,True,False,False,False,annual,True,69.0,20104.0,2.0,A-7f4db3,5.0,2.6,1.0
A-7f4db3,Company_441,FinTech,US,05-03-2023,other,Pro,4,False,0,S-c92099,A-7f4db3,08-12-2024,14-12-2024,Enterprise,24,4776,57312,False,False,False,True,annual,True,51.0,16250.0,2.0,A-7f4db3,5.0,2.6,1.0
A-7f4db3,Company_441,FinTech,US,05-03-2023,other,Pro,4,False,0,S-66b994,A-7f4db3,29-10-2024,31-12-2026,Basic,23,0,0,True,False,True,False,annual,True,34.0,14677.0,1.0,A-7f4db3,5.0,2.6,1.0
A-7f4db3,Company_441,FinTech,US,05-03-2023,other,Pro,4,False,0,S-e2981a,A-7f4db3,06-11-2024,31-12-2026,Enterprise,18,3582,42984,False,False,False,False,annual,True,33.0,6333.0,3.0,A-7f4db3,5.0,2.6,1.0
A-db5e9e,Company_442,DevTools,US,09-11-2024,partner,Basic,4,False,0,S-984f8b,A-db5e9e,28-12-2024,28-12-2024,Enterprise,17,3383,40596,False,False,True,True,annual,True,69.0,18609.0,3.0,A-db5e9e,2.0,5.0,0.0
A-db5e9e,Company_442,DevTools,US,09-11-2024,partner,Basic,4,False,0,S-d7ccbd,A-db5e9e,22-12-2024,31-12-2026,Pro,40,0,0,True,False,False,False,monthly,True,79.0,18130.0,0.0,A-db5e9e,2.0,5.0,0.0
A-db5e9e,Company_442,DevTools,US,09-11-2024,partner,Basic,4,False,0,S-d2b5db,A-db5e9e,09-12-2024,31-12-2026,Pro,13,0,0,True,False,False,False,annual,False,93.0,22729.0,0.0,A-db5e9e,2.0,5.0,0.0
A-db5e9e,Company_442,DevTools,US,09-11-2024,partner,Basic,4,False,0,S-98845b,A-db5e9e,15-11-2024,31-12-2026,Basic,42,798,9576,False,False,False,False,annual,True,85.0,31463.0,9.0,A-db5e9e,2.0,5.0,0.0
A-db5e9e,Company_442,DevTools,US,09-11-2024,partner,Basic,4,False,0,S-c696fa,A-db5e9e,12-11-2024,31-12-2026,Basic,9,171,2052,False,False,False,False,monthly,True,79.0,11264.0,3.0,A-db5e9e,2.0,5.0,0.0
A-db5e9e,Company_442,DevTools,US,09-11-2024,partner,Basic,4,False,0,S-23587d,A-db5e9e,28-12-2024,31-12-2026,Pro,12,588,7056,False,False,False,False,annual,True,65.0,23525.0,6.0,A-db5e9e,2.0,5.0,0.0
A-db5e9e,Company_442,DevTools,US,09-11-2024,partner,Basic,4,False,0,S-8eae4e,A-db5e9e,16-12-2024,31-12-2026,Enterprise,16,3184,38208,False,False,False,False,monthly,True,80.0,36079.0,4.0,A-db5e9e,2.0,5.0,0.0
A-db5e9e,Company_442,DevTools,US,09-11-2024,partner,Basic,4,False,0,S-b49c0a,A-db5e9e,05-12-2024,31-12-2026,Pro,23,1127,13524,False,False,False,False,monthly,False,36.0,9056.0,2.0,A-db5e9e,2.0,5.0,0.0
A-cc102e,Company_443,HealthTech,US,15-04-2024,partner,Enterprise,13,False,0,S-a88ffd,A-cc102e,06-09-2024,31-12-2026,Pro,13,637,7644,False,False,False,False,annual,True,42.0,18527.0,2.0,A-cc102e,4.0,3.25,0.0
A-cc102e,Company_443,HealthTech,US,15-04-2024,partner,Enterprise,13,False,0,S-9f38a5,A-cc102e,30-05-2024,31-12-2026,Basic,13,247,2964,False,False,False,False,monthly,True,16.0,1640.0,0.0,A-cc102e,4.0,3.25,0.0
A-cc102e,Company_443,HealthTech,US,15-04-2024,partner,Enterprise,13,False,0,S-2dc99d,A-cc102e,04-11-2024,31-12-2026,Basic,22,418,5016,False,False,False,False,monthly,True,36.0,10658.0,2.0,A-cc102e,4.0,3.25,0.0
A-cc102e,Company_443,HealthTech,US,15-04-2024,partner,Enterprise,13,False,0,S-d8a52e,A-cc102e,19-11-2024,31-12-2026,Enterprise,15,2985,35820,False,False,False,False,monthly,True,42.0,20381.0,7.0,A-cc102e,4.0,3.25,0.0
A-cc102e,Company_443,HealthTech,US,15-04-2024,partner,Enterprise,13,False,0,S-0ed0cb,A-cc102e,11-12-2024,31-12-2026,Pro,13,0,0,True,False,False,False,monthly,True,54.0,19005.0,2.0,A-cc102e,4.0,3.25,0.0
A-cc102e,Company_443,HealthTech,US,15-04-2024,partner,Enterprise,13,False,0,S-01b2dc,A-cc102e,23-12-2024,31-12-2026,Basic,13,247,2964,False,True,False,False,annual,True,59.0,12472.0,9.0,A-cc102e,4.0,3.25,0.0
A-cc102e,Company_443,HealthTech,US,15-04-2024,partner,Enterprise,13,False,0,S-0e0ec8,A-cc102e,06-05-2024,31-12-2026,Basic,13,247,2964,False,False,False,False,annual,True,56.0,21132.0,6.0,A-cc102e,4.0,3.25,0.0
A-cc102e,Company_443,HealthTech,US,15-04-2024,partner,Enterprise,13,False,0,S-c0352b,A-cc102e,06-11-2024,31-12-2026,Pro,13,637,7644,False,False,False,False,monthly,False,43.0,8988.0,7.0,A-cc102e,4.0,3.25,0.0
A-cc102e,Company_443,HealthTech,US,15-04-2024,partner,Enterprise,13,False,0,S-dc9874,A-cc102e,09-05-2024,27-09-2024,Pro,42,2058,24696,False,False,False,True,annual,True,31.0,5014.0,1.0,A-cc102e,4.0,3.25,0.0
A-cc102e,Company_443,HealthTech,US,15-04-2024,partner,Enterprise,13,False,0,S-b4cd75,A-cc102e,23-09-2024,31-12-2026,Enterprise,13,2587,31044,False,False,False,False,monthly,False,15.0,3747.0,3.0,A-cc102e,4.0,3.25,0.0
A-82d8a6,Company_444,Cybersecurity,UK,28-11-2024,ads,Basic,5,False,0,S-44fba6,A-82d8a6,22-12-2024,31-12-2026,Enterprise,7,0,0,True,False,False,False,annual,True,32.0,5610.0,5.0,A-82d8a6,5.0,1.4,0.0
A-82d8a6,Company_444,Cybersecurity,UK,28-11-2024,ads,Basic,5,False,0,S-51b668,A-82d8a6,28-12-2024,31-12-2026,Basic,30,570,6840,False,False,False,False,monthly,True,10.0,5730.0,0.0,A-82d8a6,5.0,1.4,0.0
A-82d8a6,Company_444,Cybersecurity,UK,28-11-2024,ads,Basic,5,False,0,S-6d3f0b,A-82d8a6,16-12-2024,31-12-2026,Basic,36,684,8208,False,False,False,False,annual,True,51.0,15540.0,0.0,A-82d8a6,5.0,1.4,0.0
A-82d8a6,Company_444,Cybersecurity,UK,28-11-2024,ads,Basic,5,False,0,S-fb285f,A-82d8a6,22-12-2024,31-12-2026,Basic,32,608,7296,False,False,False,False,annual,True,20.0,10164.0,3.0,A-82d8a6,5.0,1.4,0.0
A-82d8a6,Company_444,Cybersecurity,UK,28-11-2024,ads,Basic,5,False,0,S-9d7c19,A-82d8a6,31-12-2024,31-12-2024,Pro,5,245,2940,False,False,False,True,annual,True,26.0,3982.0,0.0,A-82d8a6,5.0,1.4,0.0
A-82d8a6,Company_444,Cybersecurity,UK,28-11-2024,ads,Basic,5,False,0,S-038f6f,A-82d8a6,14-12-2024,29-12-2024,Enterprise,10,0,0,True,True,False,True,monthly,True,11.0,1177.0,0.0,A-82d8a6,5.0,1.4,0.0
A-82d8a6,Company_444,Cybersecurity,UK,28-11-2024,ads,Basic,5,False,0,S-feea3a,A-82d8a6,17-12-2024,22-12-2024,Basic,5,95,1140,False,False,True,True,monthly,True,22.0,5013.0,3.0,A-82d8a6,5.0,1.4,0.0
A-82d8a6,Company_444,Cybersecurity,UK,28-11-2024,ads,Basic,5,False,0,S-2f11bb,A-82d8a6,29-12-2024,31-12-2026,Pro,5,245,2940,False,False,False,False,annual,True,82.0,26605.0,2.0,A-82d8a6,5.0,1.4,0.0
A-82d8a6,Company_444,Cybersecurity,UK,28-11-2024,ads,Basic,5,False,0,S-77ca30,A-82d8a6,12-12-2024,31-12-2026,Pro,37,1813,21756,False,True,False,False,monthly,True,46.0,18801.0,0.0,A-82d8a6,5.0,1.4,0.0
A-82d8a6,Company_444,Cybersecurity,UK,28-11-2024,ads,Basic,5,False,0,S-16e21f,A-82d8a6,13-12-2024,31-12-2026,Enterprise,27,5373,64476,False,False,False,False,annual,False,19.0,7545.0,0.0,A-82d8a6,5.0,1.4,0.0
A-82d8a6,Company_444,Cybersecurity,UK,28-11-2024,ads,Basic,5,False,0,S-c3b622,A-82d8a6,29-12-2024,31-12-2026,Pro,5,0,0,True,True,False,False,annual,True,70.0,22456.0,0.0,A-82d8a6,5.0,1.4,0.0
A-82d8a6,Company_444,Cybersecurity,UK,28-11-2024,ads,Basic,5,False,0,S-f7cde3,A-82d8a6,13-12-2024,31-12-2026,Pro,42,2058,24696,False,False,False,False,annual,False,32.0,9664.0,3.0,A-82d8a6,5.0,1.4,0.0
A-82d8a6,Company_444,Cybersecurity,UK,28-11-2024,ads,Basic,5,False,0,S-129cf4,A-82d8a6,11-12-2024,31-12-2026,Pro,16,784,9408,False,True,False,False,monthly,True,53.0,13786.0,2.0,A-82d8a6,5.0,1.4,0.0
A-82d8a6,Company_444,Cybersecurity,UK,28-11-2024,ads,Basic,5,False,0,S-c15f06,A-82d8a6,27-12-2024,31-12-2026,Pro,33,1617,19404,False,True,True,False,monthly,True,60.0,18686.0,2.0,A-82d8a6,5.0,1.4,0.0
A-82d8a6,Company_444,Cybersecurity,UK,28-11-2024,ads,Basic,5,False,0,S-a7ad50,A-82d8a6,18-12-2024,31-12-2026,Basic,18,342,4104,False,False,False,False,monthly,True,41.0,12317.0,7.0,A-82d8a6,5.0,1.4,0.0
A-82d8a6,Company_444,Cybersecurity,UK,28-11-2024,ads,Basic,5,False,0,S-8442d1,A-82d8a6,22-12-2024,24-12-2024,Enterprise,21,0,0,True,False,False,True,monthly,True,46.0,12506.0,10.0,A-82d8a6,5.0,1.4,0.0
A-82d8a6,Company_444,Cybersecurity,UK,28-11-2024,ads,Basic,5,False,0,S-c913f8,A-82d8a6,03-12-2024,31-12-2026,Enterprise,68,13532,162384,False,False,False,False,monthly,True,40.0,8956.0,1.0,A-82d8a6,5.0,1.4,0.0
A-dec005,Company_445,HealthTech,US,13-10-2023,partner,Pro,21,False,0,S-c27134,A-dec005,31-03-2024,31-12-2026,Pro,21,0,0,True,False,False,False,monthly,True,33.0,8840.0,2.0,A-dec005,2.0,1.5,0.0
A-dec005,Company_445,HealthTech,US,13-10-2023,partner,Pro,21,False,0,S-59f6b6,A-dec005,10-11-2024,31-12-2026,Basic,21,399,4788,False,True,False,False,monthly,False,57.0,22638.0,7.0,A-dec005,2.0,1.5,0.0
A-dec005,Company_445,HealthTech,US,13-10-2023,partner,Pro,21,False,0,S-9210e7,A-dec005,03-03-2024,31-12-2026,Enterprise,21,4179,50148,False,False,False,False,annual,True,68.0,23801.0,4.0,A-dec005,2.0,1.5,0.0
A-dec005,Company_445,HealthTech,US,13-10-2023,partner,Pro,21,False,0,S-d55d8a,A-dec005,28-08-2024,31-12-2026,Enterprise,21,4179,50148,False,False,False,False,monthly,True,37.0,3984.0,1.0,A-dec005,2.0,1.5,0.0
A-dec005,Company_445,HealthTech,US,13-10-2023,partner,Pro,21,False,0,S-c26c22,A-dec005,17-10-2023,31-12-2026,Basic,21,0,0,True,False,False,False,annual,False,58.0,16801.0,9.0,A-dec005,2.0,1.5,0.0
A-dec005,Company_445,HealthTech,US,13-10-2023,partner,Pro,21,False,0,S-f677d3,A-dec005,22-09-2024,31-12-2026,Basic,21,399,4788,False,False,False,False,monthly,True,28.0,8804.0,5.0,A-dec005,2.0,1.5,0.0
A-dec005,Company_445,HealthTech,US,13-10-2023,partner,Pro,21,False,0,S-d3e724,A-dec005,24-08-2024,31-12-2026,Basic,26,494,5928,False,False,False,False,monthly,True,46.0,15204.0,0.0,A-dec005,2.0,1.5,0.0
A-dec005,Company_445,HealthTech,US,13-10-2023,partner,Pro,21,False,0,S-f8a794,A-dec005,22-12-2023,31-12-2026,Enterprise,31,6169,74028,False,False,False,False,monthly,True,46.0,12721.0,5.0,A-dec005,2.0,1.5,0.0
A-dec005,Company_445,HealthTech,US,13-10-2023,partner,Pro,21,False,0,S-cde2c6,A-dec005,17-09-2024,31-12-2026,Enterprise,21,4179,50148,False,False,False,False,monthly,True,57.0,18642.0,5.0,A-dec005,2.0,1.5,0.0
A-dec005,Company_445,HealthTech,US,13-10-2023,partner,Pro,21,False,0,S-8fd696,A-dec005,15-11-2024,03-12-2024,Enterprise,54,10746,128952,False,False,False,True,annual,False,45.0,13778.0,6.0,A-dec005,2.0,1.5,0.0
A-5790f4,Company_446,FinTech,UK,22-12-2024,event,Pro,1,True,0,S-eabe72,A-5790f4,26-12-2024,31-12-2026,Basic,33,627,7524,False,False,False,False,monthly,False,28.0,9528.0,2.0,A-5790f4,4.0,1.0,1.0
A-5790f4,Company_446,FinTech,UK,22-12-2024,event,Pro,1,True,0,S-3dc46b,A-5790f4,23-12-2024,31-12-2026,Pro,12,588,7056,False,False,False,False,monthly,False,61.0,21165.0,10.0,A-5790f4,4.0,1.0,1.0
A-5790f4,Company_446,FinTech,UK,22-12-2024,event,Pro,1,True,0,S-826d19,A-5790f4,26-12-2024,29-12-2024,Enterprise,8,1592,19104,False,False,False,True,annual,True,50.0,18075.0,3.0,A-5790f4,4.0,1.0,1.0
A-5790f4,Company_446,FinTech,UK,22-12-2024,event,Pro,1,True,0,S-8f181e,A-5790f4,24-12-2024,31-12-2026,Enterprise,18,3582,42984,False,False,False,False,annual,True,81.0,21495.0,6.0,A-5790f4,4.0,1.0,1.0
A-5790f4,Company_446,FinTech,UK,22-12-2024,event,Pro,1,True,0,S-ae4310,A-5790f4,22-12-2024,31-12-2026,Pro,20,0,0,True,False,False,False,monthly,True,72.0,16208.0,4.0,A-5790f4,4.0,1.0,1.0
A-5790f4,Company_446,FinTech,UK,22-12-2024,event,Pro,1,True,0,S-a7da97,A-5790f4,25-12-2024,31-12-2026,Enterprise,63,12537,150444,False,False,False,False,annual,False,29.0,9417.0,1.0,A-5790f4,4.0,1.0,1.0
A-7c83a1,Company_447,Cybersecurity,US,06-05-2024,partner,Pro,12,False,0,S-a74462,A-7c83a1,14-05-2024,31-12-2026,Pro,48,2352,28224,False,False,False,False,annual,True,33.0,14007.0,1.0,A-7c83a1,4.0,4.0,0.0
A-7c83a1,Company_447,Cybersecurity,US,06-05-2024,partner,Pro,12,False,0,S-3c0121,A-7c83a1,30-12-2024,31-12-2026,Pro,24,1176,14112,False,False,False,False,monthly,True,76.0,19808.0,0.0,A-7c83a1,4.0,4.0,0.0
A-7c83a1,Company_447,Cybersecurity,US,06-05-2024,partner,Pro,12,False,0,S-d44108,A-7c83a1,02-11-2024,31-12-2026,Pro,12,0,0,True,False,False,False,monthly,True,47.0,19133.0,2.0,A-7c83a1,4.0,4.0,0.0
A-7c83a1,Company_447,Cybersecurity,US,06-05-2024,partner,Pro,12,False,0,S-83b2ee,A-7c83a1,27-06-2024,04-12-2024,Enterprise,26,5174,62088,False,False,False,True,monthly,True,19.0,5413.0,1.0,A-7c83a1,4.0,4.0,0.0
A-7c83a1,Company_447,Cybersecurity,US,06-05-2024,partner,Pro,12,False,0,S-cd2085,A-7c83a1,10-11-2024,26-11-2024,Basic,12,228,2736,False,False,True,True,monthly,True,45.0,15174.0,5.0,A-7c83a1,4.0,4.0,0.0
A-7c83a1,Company_447,Cybersecurity,US,06-05-2024,partner,Pro,12,False,0,S-b72911,A-7c83a1,29-07-2024,31-12-2026,Basic,12,228,2736,False,False,False,False,monthly,False,40.0,14396.0,2.0,A-7c83a1,4.0,4.0,0.0
A-7c83a1,Company_447,Cybersecurity,US,06-05-2024,partner,Pro,12,False,0,S-0e9f1e,A-7c83a1,24-11-2024,31-12-2026,Basic,12,228,2736,False,False,False,False,monthly,True,90.0,37086.0,5.0,A-7c83a1,4.0,4.0,0.0
A-7c83a1,Company_447,Cybersecurity,US,06-05-2024,partner,Pro,12,False,0,S-0e9f04,A-7c83a1,24-05-2024,31-12-2026,Enterprise,12,2388,28656,False,False,False,False,monthly,True,81.0,22425.0,1.0,A-7c83a1,4.0,4.0,0.0
A-7c83a1,Company_447,Cybersecurity,US,06-05-2024,partner,Pro,12,False,0,S-3aa11b,A-7c83a1,27-09-2024,31-12-2026,Pro,12,588,7056,False,False,False,False,annual,True,48.0,12624.0,1.0,A-7c83a1,4.0,4.0,0.0
A-7c83a1,Company_447,Cybersecurity,US,06-05-2024,partner,Pro,12,False,0,S-775a4f,A-7c83a1,18-07-2024,31-12-2026,Enterprise,19,3781,45372,False,False,False,False,monthly,True,61.0,15381.0,0.0,A-7c83a1,4.0,4.0,0.0
A-7c83a1,Company_447,Cybersecurity,US,06-05-2024,partner,Pro,12,False,0,S-24d48b,A-7c83a1,16-05-2024,29-07-2024,Pro,12,588,7056,False,False,False,True,annual,True,15.0,7926.0,1.0,A-7c83a1,4.0,4.0,0.0
A-7c83a1,Company_447,Cybersecurity,US,06-05-2024,partner,Pro,12,False,0,S-886184,A-7c83a1,20-09-2024,31-12-2026,Enterprise,17,0,0,True,False,False,False,annual,True,77.0,20136.0,4.0,A-7c83a1,4.0,4.0,0.0
A-297a2d,Company_448,HealthTech,UK,05-05-2023,event,Pro,27,False,0,S-4daf2d,A-297a2d,05-11-2024,31-12-2026,Enterprise,27,5373,64476,False,False,False,False,annual,True,63.0,17237.0,10.0,A-297a2d,2.0,1.5,0.0
A-297a2d,Company_448,HealthTech,UK,05-05-2023,event,Pro,27,False,0,S-39b850,A-297a2d,15-08-2023,31-12-2026,Basic,27,0,0,True,False,False,False,annual,True,39.0,10864.0,1.0,A-297a2d,2.0,1.5,0.0
A-297a2d,Company_448,HealthTech,UK,05-05-2023,event,Pro,27,False,0,S-90dd19,A-297a2d,04-03-2024,31-12-2026,Pro,27,1323,15876,False,True,False,False,annual,True,48.0,19644.0,4.0,A-297a2d,2.0,1.5,0.0
A-297a2d,Company_448,HealthTech,UK,05-05-2023,event,Pro,27,False,0,S-f951ac,A-297a2d,29-08-2024,31-12-2026,Basic,27,513,6156,False,True,False,False,annual,True,34.0,6705.0,4.0,A-297a2d,2.0,1.5,0.0
A-297a2d,Company_448,HealthTech,UK,05-05-2023,event,Pro,27,False,0,S-dec1fb,A-297a2d,30-08-2023,31-12-2026,Enterprise,36,7164,85968,False,True,False,False,monthly,False,60.0,15962.0,3.0,A-297a2d,2.0,1.5,0.0
A-4c56c9,Company_449,FinTech,US,20-12-2023,partner,Enterprise,9,False,1,S-fc1114,A-4c56c9,17-07-2024,23-10-2024,Pro,18,882,10584,False,False,False,True,annual,True,67.0,12231.0,1.0,A-4c56c9,5.0,3.0,0.0
A-4c56c9,Company_449,FinTech,US,20-12-2023,partner,Enterprise,9,False,1,S-1f3254,A-4c56c9,29-12-2024,31-12-2026,Basic,18,342,4104,False,False,False,False,annual,True,25.0,7233.0,1.0,A-4c56c9,5.0,3.0,0.0
A-4c56c9,Company_449,FinTech,US,20-12-2023,partner,Enterprise,9,False,1,S-e32b34,A-4c56c9,23-07-2024,31-12-2026,Basic,12,228,2736,False,False,False,False,monthly,True,85.0,23538.0,7.0,A-4c56c9,5.0,3.0,0.0
A-4c56c9,Company_449,FinTech,US,20-12-2023,partner,Enterprise,9,False,1,S-a900c2,A-4c56c9,22-12-2024,31-12-2026,Enterprise,24,4776,57312,False,False,False,False,annual,False,50.0,20613.0,2.0,A-4c56c9,5.0,3.0,0.0
A-4c56c9,Company_449,FinTech,US,20-12-2023,partner,Enterprise,9,False,1,S-d2e00a,A-4c56c9,17-09-2024,31-12-2026,Enterprise,9,1791,21492,False,False,False,False,monthly,True,42.0,12306.0,4.0,A-4c56c9,5.0,3.0,0.0
A-4c56c9,Company_449,FinTech,US,20-12-2023,partner,Enterprise,9,False,1,S-029065,A-4c56c9,28-07-2024,31-12-2026,Basic,11,0,0,True,False,False,False,annual,True,36.0,14522.0,0.0,A-4c56c9,5.0,3.0,0.0
A-4c56c9,Company_449,FinTech,US,20-12-2023,partner,Enterprise,9,False,1,S-e2799b,A-4c56c9,13-05-2024,31-12-2026,Enterprise,13,2587,31044,False,False,False,False,monthly,False,65.0,20218.0,4.0,A-4c56c9,5.0,3.0,0.0
A-4c56c9,Company_449,FinTech,US,20-12-2023,partner,Enterprise,9,False,1,S-876f0b,A-4c56c9,21-05-2024,31-12-2026,Basic,9,171,2052,False,False,False,False,annual,True,47.0,17615.0,4.0,A-4c56c9,5.0,3.0,0.0
A-4c56c9,Company_449,FinTech,US,20-12-2023,partner,Enterprise,9,False,1,S-b4dd00,A-4c56c9,24-12-2024,31-12-2026,Basic,52,988,11856,False,False,False,False,annual,True,43.0,19216.0,2.0,A-4c56c9,5.0,3.0,0.0
A-4c56c9,Company_449,FinTech,US,20-12-2023,partner,Enterprise,9,False,1,S-54283b,A-4c56c9,27-08-2024,03-11-2024,Enterprise,49,9751,117012,False,False,False,True,monthly,True,23.0,8009.0,2.0,A-4c56c9,5.0,3.0,0.0
A-4c56c9,Company_449,FinTech,US,20-12-2023,partner,Enterprise,9,False,1,S-62641a,A-4c56c9,29-11-2024,03-12-2024,Enterprise,18,3582,42984,False,False,False,True,monthly,False,67.0,21614.0,2.0,A-4c56c9,5.0,3.0,0.0
A-4c56c9,Company_449,FinTech,US,20-12-2023,partner,Enterprise,9,False,1,S-ce5636,A-4c56c9,14-11-2024,31-12-2026,Basic,30,0,0,True,False,False,False,annual,True,29.0,13002.0,6.0,A-4c56c9,5.0,3.0,0.0
A-4c56c9,Company_449,FinTech,US,20-12-2023,partner,Enterprise,9,False,1,S-72fa62,A-4c56c9,03-09-2024,31-12-2026,Enterprise,27,5373,64476,False,False,False,False,annual,True,44.0,5810.0,3.0,A-4c56c9,5.0,3.0,0.0
A-cbbe12,Company_450,Cybersecurity,DE,22-03-2023,partner,Enterprise,40,False,0,S-7b01d4,A-cbbe12,08-06-2024,31-12-2026,Pro,49,2401,28812,False,True,False,False,monthly,True,12.0,4940.0,1.0,A-cbbe12,6.0,2.8333333333333335,0.0
A-cbbe12,Company_450,Cybersecurity,DE,22-03-2023,partner,Enterprise,40,False,0,S-26191b,A-cbbe12,21-07-2023,23-10-2024,Pro,40,0,0,True,False,False,True,annual,True,49.0,16377.0,1.0,A-cbbe12,6.0,2.8333333333333335,0.0
A-cbbe12,Company_450,Cybersecurity,DE,22-03-2023,partner,Enterprise,40,False,0,S-a4fd17,A-cbbe12,11-05-2024,20-07-2024,Basic,40,760,9120,False,False,True,True,monthly,False,18.0,7355.0,1.0,A-cbbe12,6.0,2.8333333333333335,0.0
A-cbbe12,Company_450,Cybersecurity,DE,22-03-2023,partner,Enterprise,40,False,0,S-8bf576,A-cbbe12,16-12-2024,31-12-2026,Enterprise,40,7960,95520,False,False,False,False,monthly,True,37.0,5177.0,1.0,A-cbbe12,6.0,2.8333333333333335,0.0
A-cbbe12,Company_450,Cybersecurity,DE,22-03-2023,partner,Enterprise,40,False,0,S-3d0e64,A-cbbe12,05-12-2023,31-12-2026,Pro,40,0,0,True,False,False,False,monthly,True,45.0,10160.0,3.0,A-cbbe12,6.0,2.8333333333333335,0.0
A-cbbe12,Company_450,Cybersecurity,DE,22-03-2023,partner,Enterprise,40,False,0,S-be828b,A-cbbe12,09-08-2023,31-12-2026,Pro,40,1960,23520,False,False,False,False,monthly,True,17.0,5974.0,3.0,A-cbbe12,6.0,2.8333333333333335,0.0
A-4a267b,Company_451,FinTech,US,05-05-2024,other,Pro,25,False,0,S-8db104,A-4a267b,18-10-2024,31-12-2026,Pro,25,1225,14700,False,False,True,False,monthly,True,38.0,10573.0,4.0,A-4a267b,4.0,3.25,0.0
A-4a267b,Company_451,FinTech,US,05-05-2024,other,Pro,25,False,0,S-fee60b,A-4a267b,22-09-2024,29-09-2024,Pro,46,2254,27048,False,False,False,True,monthly,True,67.0,26099.0,2.0,A-4a267b,4.0,3.25,0.0
A-4a267b,Company_451,FinTech,US,05-05-2024,other,Pro,25,False,0,S-a82441,A-4a267b,09-08-2024,31-12-2026,Pro,25,1225,14700,False,False,False,False,annual,True,33.0,14587.0,0.0,A-4a267b,4.0,3.25,0.0
A-4a267b,Company_451,FinTech,US,05-05-2024,other,Pro,25,False,0,S-cfcd07,A-4a267b,29-08-2024,31-12-2026,Basic,25,0,0,True,False,False,False,annual,True,65.0,14026.0,8.0,A-4a267b,4.0,3.25,0.0
A-4a267b,Company_451,FinTech,US,05-05-2024,other,Pro,25,False,0,S-5a6941,A-4a267b,22-09-2024,31-12-2026,Pro,25,1225,14700,False,False,False,False,monthly,True,80.0,17418.0,1.0,A-4a267b,4.0,3.25,0.0
A-4a267b,Company_451,FinTech,US,05-05-2024,other,Pro,25,False,0,S-5d729e,A-4a267b,09-05-2024,31-12-2026,Enterprise,29,5771,69252,False,False,False,False,monthly,True,49.0,19017.0,2.0,A-4a267b,4.0,3.25,0.0
A-4a267b,Company_451,FinTech,US,05-05-2024,other,Pro,25,False,0,S-9a8a30,A-4a267b,15-09-2024,24-12-2024,Enterprise,25,4975,59700,False,False,False,True,annual,True,54.0,13010.0,2.0,A-4a267b,4.0,3.25,0.0
A-4a267b,Company_451,FinTech,US,05-05-2024,other,Pro,25,False,0,S-db37e1,A-4a267b,12-10-2024,31-12-2026,Enterprise,63,12537,150444,False,False,False,False,annual,False,41.0,15653.0,3.0,A-4a267b,4.0,3.25,0.0
A-4a267b,Company_451,FinTech,US,05-05-2024,other,Pro,25,False,0,S-aef18a,A-4a267b,06-11-2024,31-12-2026,Pro,25,0,0,True,True,False,False,annual,True,9.0,1953.0,0.0,A-4a267b,4.0,3.25,0.0
A-4a267b,Company_451,FinTech,US,05-05-2024,other,Pro,25,False,0,S-c348d2,A-4a267b,17-06-2024,31-12-2026,Basic,25,475,5700,False,False,False,False,annual,True,62.0,18648.0,0.0,A-4a267b,4.0,3.25,0.0
A-bcbe98,Company_452,Cybersecurity,US,29-07-2024,other,Enterprise,46,False,0,S-b45a45,A-bcbe98,09-09-2024,31-12-2026,Pro,46,2254,27048,False,False,False,False,annual,True,61.0,16097.0,10.0,A-bcbe98,7.0,1.7142857142857142,1.0
A-bcbe98,Company_452,Cybersecurity,US,29-07-2024,other,Enterprise,46,False,0,S-7070de,A-bcbe98,24-10-2024,31-12-2026,Enterprise,46,9154,109848,False,False,False,False,annual,True,76.0,16841.0,0.0,A-bcbe98,7.0,1.7142857142857142,1.0
A-bcbe98,Company_452,Cybersecurity,US,29-07-2024,other,Enterprise,46,False,0,S-ade2d5,A-bcbe98,22-09-2024,31-12-2026,Enterprise,46,0,0,True,False,False,False,monthly,False,61.0,20645.0,8.0,A-bcbe98,7.0,1.7142857142857142,1.0
A-bcbe98,Company_452,Cybersecurity,US,29-07-2024,other,Enterprise,46,False,0,S-70a8d6,A-bcbe98,20-11-2024,31-12-2026,Pro,46,2254,27048,False,True,False,False,annual,True,39.0,10572.0,0.0,A-bcbe98,7.0,1.7142857142857142,1.0
A-bcbe98,Company_452,Cybersecurity,US,29-07-2024,other,Enterprise,46,False,0,S-8eb955,A-bcbe98,09-08-2024,31-12-2026,Basic,46,874,10488,False,False,False,False,monthly,True,62.0,19763.0,5.0,A-bcbe98,7.0,1.7142857142857142,1.0
A-bcbe98,Company_452,Cybersecurity,US,29-07-2024,other,Enterprise,46,False,0,S-e964b6,A-bcbe98,30-12-2024,31-12-2026,Basic,46,874,10488,False,False,False,False,monthly,True,53.0,17123.0,2.0,A-bcbe98,7.0,1.7142857142857142,1.0
A-bcbe98,Company_452,Cybersecurity,US,29-07-2024,other,Enterprise,46,False,0,S-7ab68f,A-bcbe98,18-09-2024,31-12-2026,Basic,46,0,0,True,False,False,False,annual,True,86.0,18867.0,2.0,A-bcbe98,7.0,1.7142857142857142,1.0
A-bcbe98,Company_452,Cybersecurity,US,29-07-2024,other,Enterprise,46,False,0,S-6709f4,A-bcbe98,06-12-2024,31-12-2026,Basic,46,874,10488,False,False,False,False,monthly,False,43.0,13720.0,1.0,A-bcbe98,7.0,1.7142857142857142,1.0
A-bcbe98,Company_452,Cybersecurity,US,29-07-2024,other,Enterprise,46,False,0,S-4dfd17,A-bcbe98,29-07-2024,31-12-2026,Basic,46,874,10488,False,True,True,False,monthly,True,51.0,11018.0,4.0,A-bcbe98,7.0,1.7142857142857142,1.0
A-bcbe98,Company_452,Cybersecurity,US,29-07-2024,other,Enterprise,46,False,0,S-17bbdd,A-bcbe98,18-11-2024,31-12-2026,Pro,46,2254,27048,False,False,False,False,annual,True,24.0,5312.0,4.0,A-bcbe98,7.0,1.7142857142857142,1.0
A-bcbe98,Company_452,Cybersecurity,US,29-07-2024,other,Enterprise,46,False,0,S-7889d9,A-bcbe98,09-08-2024,31-12-2026,Pro,46,2254,27048,False,False,False,False,annual,True,79.0,23661.0,7.0,A-bcbe98,7.0,1.7142857142857142,1.0
A-427b69,Company_453,FinTech,US,23-08-2024,other,Basic,17,False,0,S-ef2a21,A-427b69,28-11-2024,09-12-2024,Pro,36,1764,21168,False,False,False,True,annual,True,46.0,18322.0,7.0,A-427b69,2.0,1.5,0.0
A-427b69,Company_453,FinTech,US,23-08-2024,other,Basic,17,False,0,S-5aea91,A-427b69,06-11-2024,31-12-2026,Enterprise,34,6766,81192,False,False,False,False,monthly,True,32.0,10880.0,1.0,A-427b69,2.0,1.5,0.0
A-427b69,Company_453,FinTech,US,23-08-2024,other,Basic,17,False,0,S-33deb8,A-427b69,30-11-2024,31-12-2026,Pro,17,833,9996,False,False,False,False,annual,True,127.0,25191.0,9.0,A-427b69,2.0,1.5,0.0
A-427b69,Company_453,FinTech,US,23-08-2024,other,Basic,17,False,0,S-b520e9,A-427b69,15-09-2024,31-12-2026,Enterprise,26,5174,62088,False,False,False,False,monthly,True,61.0,12225.0,3.0,A-427b69,2.0,1.5,0.0
A-427b69,Company_453,FinTech,US,23-08-2024,other,Basic,17,False,0,S-f7b517,A-427b69,09-12-2024,31-12-2026,Pro,17,0,0,True,False,False,False,monthly,True,55.0,22882.0,0.0,A-427b69,2.0,1.5,0.0
A-427b69,Company_453,FinTech,US,23-08-2024,other,Basic,17,False,0,S-5281ee,A-427b69,27-09-2024,31-12-2026,Pro,17,0,0,True,False,False,False,annual,False,64.0,33266.0,1.0,A-427b69,2.0,1.5,0.0
A-427b69,Company_453,FinTech,US,23-08-2024,other,Basic,17,False,0,S-59edf9,A-427b69,16-12-2024,31-12-2026,Basic,17,323,3876,False,False,False,False,monthly,False,75.0,22061.0,6.0,A-427b69,2.0,1.5,0.0
A-427b69,Company_453,FinTech,US,23-08-2024,other,Basic,17,False,0,S-eaf2e2,A-427b69,24-10-2024,31-12-2026,Pro,17,833,9996,False,False,False,False,annual,False,83.0,26552.0,5.0,A-427b69,2.0,1.5,0.0
A-427b69,Company_453,FinTech,US,23-08-2024,other,Basic,17,False,0,S-599207,A-427b69,08-12-2024,31-12-2026,Enterprise,17,3383,40596,False,False,False,False,annual,True,34.0,10676.0,1.0,A-427b69,2.0,1.5,0.0
A-427b69,Company_453,FinTech,US,23-08-2024,other,Basic,17,False,0,S-482e5b,A-427b69,07-09-2024,31-12-2026,Pro,18,882,10584,False,False,False,False,annual,True,121.0,33749.0,3.0,A-427b69,2.0,1.5,0.0
A-0be015,Company_454,FinTech,US,15-10-2024,event,Pro,19,False,0,S-c77c84,A-0be015,31-12-2024,31-12-2026,Basic,19,0,0,True,False,False,False,monthly,False,44.0,16998.0,0.0,A-0be015,7.0,3.0,1.0
A-0be015,Company_454,FinTech,US,15-10-2024,event,Pro,19,False,0,S-22014f,A-0be015,21-10-2024,31-12-2026,Basic,19,361,4332,False,False,False,False,annual,True,84.0,24753.0,2.0,A-0be015,7.0,3.0,1.0
A-0be015,Company_454,FinTech,US,15-10-2024,event,Pro,19,False,0,S-9bb9da,A-0be015,24-12-2024,31-12-2026,Pro,26,0,0,True,False,False,False,monthly,True,74.0,25020.0,5.0,A-0be015,7.0,3.0,1.0
A-0be015,Company_454,FinTech,US,15-10-2024,event,Pro,19,False,0,S-e6571c,A-0be015,03-11-2024,12-11-2024,Basic,19,361,4332,False,False,False,True,annual,True,26.0,8326.0,0.0,A-0be015,7.0,3.0,1.0
A-0be015,Company_454,FinTech,US,15-10-2024,event,Pro,19,False,0,S-f9a56a,A-0be015,19-11-2024,31-12-2026,Basic,24,456,5472,False,False,False,False,monthly,False,69.0,13108.0,6.0,A-0be015,7.0,3.0,1.0
A-054577,Company_455,EdTech,UK,28-04-2024,ads,Basic,2,False,0,S-8a37c8,A-054577,09-12-2024,31-12-2026,Pro,8,392,4704,False,False,False,False,monthly,True,78.0,24693.0,3.0,A-054577,1.0,4.0,0.0
A-054577,Company_455,EdTech,UK,28-04-2024,ads,Basic,2,False,0,S-056af2,A-054577,05-09-2024,31-12-2026,Enterprise,75,14925,179100,False,False,False,False,monthly,True,34.0,15742.0,2.0,A-054577,1.0,4.0,0.0
A-054577,Company_455,EdTech,UK,28-04-2024,ads,Basic,2,False,0,S-a9916f,A-054577,18-05-2024,31-12-2026,Pro,7,343,4116,False,False,False,False,annual,True,16.0,2960.0,4.0,A-054577,1.0,4.0,0.0
A-054577,Company_455,EdTech,UK,28-04-2024,ads,Basic,2,False,0,S-084e4f,A-054577,22-11-2024,31-12-2026,Basic,25,475,5700,False,False,False,False,annual,False,66.0,16705.0,4.0,A-054577,1.0,4.0,0.0
A-054577,Company_455,EdTech,UK,28-04-2024,ads,Basic,2,False,0,S-7bebc1,A-054577,27-08-2024,31-12-2026,Basic,24,456,5472,False,False,False,False,annual,True,96.0,27011.0,9.0,A-054577,1.0,4.0,0.0
A-054577,Company_455,EdTech,UK,28-04-2024,ads,Basic,2,False,0,S-606d6d,A-054577,01-12-2024,31-12-2026,Enterprise,14,2786,33432,False,False,False,False,monthly,True,88.0,19563.0,6.0,A-054577,1.0,4.0,0.0
A-054577,Company_455,EdTech,UK,28-04-2024,ads,Basic,2,False,0,S-d9d6ac,A-054577,17-07-2024,31-12-2026,Enterprise,3,597,7164,False,False,True,False,annual,True,79.0,17689.0,2.0,A-054577,1.0,4.0,0.0
A-054577,Company_455,EdTech,UK,28-04-2024,ads,Basic,2,False,0,S-d041d2,A-054577,01-12-2024,31-12-2026,Pro,2,0,0,True,False,False,False,monthly,True,57.0,18629.0,0.0,A-054577,1.0,4.0,0.0
A-054577,Company_455,EdTech,UK,28-04-2024,ads,Basic,2,False,0,S-62c088,A-054577,09-12-2024,31-12-2026,Enterprise,85,16915,202980,False,False,False,False,monthly,True,36.0,3541.0,3.0,A-054577,1.0,4.0,0.0
A-054577,Company_455,EdTech,UK,28-04-2024,ads,Basic,2,False,0,S-15cfa1,A-054577,03-05-2024,31-12-2026,Pro,20,980,11760,False,False,False,False,annual,True,15.0,3465.0,2.0,A-054577,1.0,4.0,0.0
A-054577,Company_455,EdTech,UK,28-04-2024,ads,Basic,2,False,0,S-3f82f4,A-054577,26-08-2024,31-12-2026,Basic,90,1710,20520,False,False,False,False,monthly,True,44.0,18431.0,5.0,A-054577,1.0,4.0,0.0
A-054577,Company_455,EdTech,UK,28-04-2024,ads,Basic,2,False,0,S-9b8167,A-054577,08-05-2024,31-12-2026,Pro,29,1421,17052,False,False,False,False,monthly,True,45.0,16693.0,0.0,A-054577,1.0,4.0,0.0
A-054577,Company_455,EdTech,UK,28-04-2024,ads,Basic,2,False,0,S-d26bbf,A-054577,29-06-2024,31-12-2026,Pro,35,1715,20580,False,False,False,False,monthly,True,25.0,4620.0,2.0,A-054577,1.0,4.0,0.0
A-054577,Company_455,EdTech,UK,28-04-2024,ads,Basic,2,False,0,S-3d58c6,A-054577,15-06-2024,31-12-2026,Basic,34,646,7752,False,False,False,False,monthly,True,47.0,8635.0,5.0,A-054577,1.0,4.0,0.0
A-054577,Company_455,EdTech,UK,28-04-2024,ads,Basic,2,False,0,S-cfbb85,A-054577,06-08-2024,31-12-2026,Pro,16,784,9408,False,True,False,False,monthly,False,44.0,10682.0,0.0,A-054577,1.0,4.0,0.0
A-054577,Company_455,EdTech,UK,28-04-2024,ads,Basic,2,False,0,S-41ea32,A-054577,22-10-2024,05-12-2024,Basic,24,456,5472,False,False,False,True,monthly,True,63.0,10688.0,5.0,A-054577,1.0,4.0,0.0
A-bc87bc,Company_456,FinTech,US,17-07-2024,event,Pro,3,False,0,S-04911c,A-bc87bc,01-12-2024,15-12-2024,Pro,3,0,0,True,False,False,True,annual,True,43.0,13124.0,3.0,A-bc87bc,7.0,2.142857142857143,0.0
A-bc87bc,Company_456,FinTech,US,17-07-2024,event,Pro,3,False,0,S-d35d49,A-bc87bc,11-09-2024,10-11-2024,Basic,18,342,4104,False,False,False,True,annual,True,44.0,18806.0,2.0,A-bc87bc,7.0,2.142857142857143,0.0
A-bc87bc,Company_456,FinTech,US,17-07-2024,event,Pro,3,False,0,S-b2f3f3,A-bc87bc,15-12-2024,31-12-2026,Basic,8,152,1824,False,False,False,False,monthly,True,23.0,12468.0,0.0,A-bc87bc,7.0,2.142857142857143,0.0
A-bc87bc,Company_456,FinTech,US,17-07-2024,event,Pro,3,False,0,S-ad8055,A-bc87bc,07-11-2024,31-12-2026,Enterprise,3,597,7164,False,False,False,False,monthly,True,119.0,36988.0,6.0,A-bc87bc,7.0,2.142857142857143,0.0
A-bc87bc,Company_456,FinTech,US,17-07-2024,event,Pro,3,False,0,S-67965d,A-bc87bc,07-12-2024,31-12-2026,Pro,3,147,1764,False,False,False,False,annual,True,70.0,27504.0,0.0,A-bc87bc,7.0,2.142857142857143,0.0
A-bc87bc,Company_456,FinTech,US,17-07-2024,event,Pro,3,False,0,S-05553e,A-bc87bc,26-11-2024,31-12-2026,Enterprise,31,6169,74028,False,False,False,False,annual,True,19.0,5488.0,0.0,A-bc87bc,7.0,2.142857142857143,0.0
A-bc87bc,Company_456,FinTech,US,17-07-2024,event,Pro,3,False,0,S-c84ce4,A-bc87bc,06-11-2024,31-12-2026,Enterprise,22,4378,52536,False,False,False,False,monthly,True,29.0,6730.0,1.0,A-bc87bc,7.0,2.142857142857143,0.0
A-bc87bc,Company_456,FinTech,US,17-07-2024,event,Pro,3,False,0,S-8ed780,A-bc87bc,09-12-2024,31-12-2026,Basic,13,247,2964,False,False,False,False,monthly,True,47.0,14052.0,2.0,A-bc87bc,7.0,2.142857142857143,0.0
A-0f7d77,Company_457,FinTech,IN,28-10-2024,partner,Pro,3,False,0,S-c10f0c,A-0f7d77,11-11-2024,31-12-2026,Basic,6,114,1368,False,False,False,False,monthly,False,43.0,12705.0,8.0,A-0f7d77,5.0,2.0,0.0
A-0f7d77,Company_457,FinTech,IN,28-10-2024,partner,Pro,3,False,0,S-1131ff,A-0f7d77,01-12-2024,31-12-2024,Basic,3,0,0,True,False,False,True,monthly,True,46.0,22585.0,3.0,A-0f7d77,5.0,2.0,0.0
A-0f7d77,Company_457,FinTech,IN,28-10-2024,partner,Pro,3,False,0,S-126e7e,A-0f7d77,21-12-2024,31-12-2026,Enterprise,7,1393,16716,False,False,False,False,monthly,False,50.0,7184.0,4.0,A-0f7d77,5.0,2.0,0.0
A-0f7d77,Company_457,FinTech,IN,28-10-2024,partner,Pro,3,False,0,S-4793bb,A-0f7d77,08-12-2024,31-12-2026,Pro,3,147,1764,False,False,False,False,annual,False,52.0,15385.0,3.0,A-0f7d77,5.0,2.0,0.0
A-0f7d77,Company_457,FinTech,IN,28-10-2024,partner,Pro,3,False,0,S-47048b,A-0f7d77,31-12-2024,31-12-2026,Basic,7,133,1596,False,False,False,False,annual,True,50.0,19528.0,0.0,A-0f7d77,5.0,2.0,0.0
A-0f7d77,Company_457,FinTech,IN,28-10-2024,partner,Pro,3,False,0,S-e9b437,A-0f7d77,30-11-2024,31-12-2026,Pro,11,539,6468,False,False,False,False,monthly,True,57.0,16546.0,1.0,A-0f7d77,5.0,2.0,0.0
A-e7beab,Company_458,EdTech,DE,20-10-2023,organic,Enterprise,5,False,0,S-518472,A-e7beab,08-12-2024,31-12-2026,Pro,19,931,11172,False,False,False,False,monthly,True,33.0,7511.0,0.0,A-e7beab,6.0,2.6666666666666665,0.0
A-e7beab,Company_458,EdTech,DE,20-10-2023,organic,Enterprise,5,False,0,S-8ff318,A-e7beab,23-12-2024,29-12-2024,Pro,5,245,2940,False,False,False,True,monthly,True,71.0,27806.0,2.0,A-e7beab,6.0,2.6666666666666665,0.0
A-e7beab,Company_458,EdTech,DE,20-10-2023,organic,Enterprise,5,False,0,S-6ba608,A-e7beab,15-12-2023,31-12-2026,Enterprise,11,2189,26268,False,False,False,False,monthly,True,72.0,30276.0,2.0,A-e7beab,6.0,2.6666666666666665,0.0
A-e7beab,Company_458,EdTech,DE,20-10-2023,organic,Enterprise,5,False,0,S-05be05,A-e7beab,16-03-2024,30-05-2024,Enterprise,5,995,11940,False,False,False,True,annual,True,45.0,14107.0,1.0,A-e7beab,6.0,2.6666666666666665,0.0
A-e7beab,Company_458,EdTech,DE,20-10-2023,organic,Enterprise,5,False,0,S-dc28c6,A-e7beab,05-01-2024,31-12-2026,Enterprise,58,0,0,True,False,False,False,monthly,True,43.0,14374.0,4.0,A-e7beab,6.0,2.6666666666666665,0.0
A-e7beab,Company_458,EdTech,DE,20-10-2023,organic,Enterprise,5,False,0,S-363c29,A-e7beab,23-10-2023,21-08-2024,Enterprise,21,4179,50148,False,False,False,True,annual,True,67.0,24003.0,7.0,A-e7beab,6.0,2.6666666666666665,0.0
A-e7beab,Company_458,EdTech,DE,20-10-2023,organic,Enterprise,5,False,0,S-b8a3b6,A-e7beab,24-07-2024,31-12-2026,Pro,57,2793,33516,False,False,False,False,annual,True,42.0,12997.0,1.0,A-e7beab,6.0,2.6666666666666665,0.0
A-a09355,Company_459,FinTech,US,10-08-2024,organic,Basic,14,False,0,S-dccf50,A-a09355,28-11-2024,31-12-2026,Enterprise,23,4577,54924,False,False,False,False,annual,False,73.0,18609.0,6.0,A-a09355,5.0,2.4,0.0
A-a09355,Company_459,FinTech,US,10-08-2024,organic,Basic,14,False,0,S-36ad61,A-a09355,19-10-2024,31-12-2026,Pro,14,686,8232,False,False,False,False,monthly,True,33.0,6105.0,0.0,A-a09355,5.0,2.4,0.0
A-a09355,Company_459,FinTech,US,10-08-2024,organic,Basic,14,False,0,S-2bbf5c,A-a09355,17-10-2024,31-12-2026,Enterprise,14,2786,33432,False,False,False,False,annual,True,63.0,16864.0,1.0,A-a09355,5.0,2.4,0.0
A-a09355,Company_459,FinTech,US,10-08-2024,organic,Basic,14,False,0,S-632bba,A-a09355,24-09-2024,31-12-2026,Pro,15,735,8820,False,False,False,False,monthly,True,34.0,11428.0,2.0,A-a09355,5.0,2.4,0.0
A-a09355,Company_459,FinTech,US,10-08-2024,organic,Basic,14,False,0,S-0b62cc,A-a09355,11-11-2024,31-12-2026,Enterprise,17,3383,40596,False,False,False,False,monthly,True,19.0,6118.0,5.0,A-a09355,5.0,2.4,0.0
A-a09355,Company_459,FinTech,US,10-08-2024,organic,Basic,14,False,0,S-01afa4,A-a09355,05-12-2024,31-12-2026,Enterprise,14,2786,33432,False,False,True,False,annual,True,44.0,16009.0,1.0,A-a09355,5.0,2.4,0.0
A-a09355,Company_459,FinTech,US,10-08-2024,organic,Basic,14,False,0,S-6bbf29,A-a09355,22-08-2024,31-12-2026,Basic,14,266,3192,False,False,False,False,annual,True,18.0,8355.0,3.0,A-a09355,5.0,2.4,0.0
A-a09355,Company_459,FinTech,US,10-08-2024,organic,Basic,14,False,0,S-722103,A-a09355,27-10-2024,31-12-2026,Enterprise,14,0,0,True,False,False,False,monthly,True,95.0,25929.0,5.0,A-a09355,5.0,2.4,0.0
A-a09355,Company_459,FinTech,US,10-08-2024,organic,Basic,14,False,0,S-525864,A-a09355,29-12-2024,31-12-2026,Pro,14,686,8232,False,False,False,False,monthly,True,47.0,13330.0,1.0,A-a09355,5.0,2.4,0.0
A-a09355,Company_459,FinTech,US,10-08-2024,organic,Basic,14,False,0,S-ef83b4,A-a09355,04-11-2024,31-12-2026,Enterprise,33,6567,78804,False,False,False,False,monthly,True,32.0,9229.0,0.0,A-a09355,5.0,2.4,0.0
A-a09355,Company_459,FinTech,US,10-08-2024,organic,Basic,14,False,0,S-c6e62c,A-a09355,21-10-2024,31-12-2026,Enterprise,14,2786,33432,False,False,False,False,annual,True,57.0,16077.0,6.0,A-a09355,5.0,2.4,0.0
A-a09355,Company_459,FinTech,US,10-08-2024,organic,Basic,14,False,0,S-5879cf,A-a09355,02-09-2024,31-12-2026,Enterprise,30,5970,71640,False,False,False,False,monthly,True,42.0,11134.0,4.0,A-a09355,5.0,2.4,0.0
A-a09355,Company_459,FinTech,US,10-08-2024,organic,Basic,14,False,0,S-975ee4,A-a09355,18-11-2024,24-11-2024,Pro,14,686,8232,False,False,False,True,annual,False,52.0,11927.0,5.0,A-a09355,5.0,2.4,0.0
A-a09355,Company_459,FinTech,US,10-08-2024,organic,Basic,14,False,0,S-57bbae,A-a09355,05-11-2024,31-12-2026,Pro,14,686,8232,False,False,False,False,monthly,True,72.0,20367.0,1.0,A-a09355,5.0,2.4,0.0
A-a09355,Company_459,FinTech,US,10-08-2024,organic,Basic,14,False,0,S-f3e5f9,A-a09355,09-12-2024,31-12-2026,Pro,26,1274,15288,False,False,False,False,monthly,True,58.0,16279.0,2.0,A-a09355,5.0,2.4,0.0
A-a09355,Company_459,FinTech,US,10-08-2024,organic,Basic,14,False,0,S-532502,A-a09355,14-11-2024,31-12-2026,Basic,14,266,3192,False,False,False,False,monthly,True,49.0,9304.0,5.0,A-a09355,5.0,2.4,0.0
A-31ab9a,Company_460,FinTech,DE,03-03-2024,organic,Pro,3,False,0,S-12bfc8,A-31ab9a,06-12-2024,31-12-2026,Enterprise,29,5771,69252,False,False,False,False,monthly,False,60.0,30674.0,0.0,A-31ab9a,7.0,2.0,0.0
A-31ab9a,Company_460,FinTech,DE,03-03-2024,organic,Pro,3,False,0,S-d33d84,A-31ab9a,01-04-2024,31-12-2026,Enterprise,3,597,7164,False,False,False,False,annual,True,29.0,5542.0,0.0,A-31ab9a,7.0,2.0,0.0
A-31ab9a,Company_460,FinTech,DE,03-03-2024,organic,Pro,3,False,0,S-a68d25,A-31ab9a,23-03-2024,31-12-2026,Basic,15,285,3420,False,False,False,False,monthly,True,45.0,13645.0,4.0,A-31ab9a,7.0,2.0,0.0
A-31ab9a,Company_460,FinTech,DE,03-03-2024,organic,Pro,3,False,0,S-c5cee8,A-31ab9a,23-04-2024,31-12-2026,Pro,73,3577,42924,False,False,False,False,monthly,True,36.0,18512.0,4.0,A-31ab9a,7.0,2.0,0.0
A-31ab9a,Company_460,FinTech,DE,03-03-2024,organic,Pro,3,False,0,S-040f03,A-31ab9a,26-10-2024,31-12-2026,Enterprise,14,2786,33432,False,False,False,False,annual,True,27.0,5285.0,3.0,A-31ab9a,7.0,2.0,0.0
A-31ab9a,Company_460,FinTech,DE,03-03-2024,organic,Pro,3,False,0,S-d0c339,A-31ab9a,29-08-2024,31-12-2026,Pro,19,0,0,True,False,False,False,annual,True,69.0,25120.0,5.0,A-31ab9a,7.0,2.0,0.0
A-31ab9a,Company_460,FinTech,DE,03-03-2024,organic,Pro,3,False,0,S-08c8e1,A-31ab9a,10-12-2024,31-12-2026,Enterprise,14,2786,33432,False,False,False,False,monthly,True,74.0,31139.0,7.0,A-31ab9a,7.0,2.0,0.0
A-0158bb,Company_461,FinTech,DE,22-05-2024,partner,Basic,5,False,0,S-3fe1c3,A-0158bb,23-10-2024,31-12-2026,Enterprise,20,0,0,True,False,False,False,monthly,True,66.0,19601.0,2.0,A-0158bb,1.0,3.0,0.0
A-0158bb,Company_461,FinTech,DE,22-05-2024,partner,Basic,5,False,0,S-fb9972,A-0158bb,31-12-2024,31-12-2026,Pro,45,2205,26460,False,True,False,False,annual,True,97.0,29929.0,6.0,A-0158bb,1.0,3.0,0.0
A-0158bb,Company_461,FinTech,DE,22-05-2024,partner,Basic,5,False,0,S-ba69a4,A-0158bb,30-05-2024,31-12-2026,Basic,25,0,0,True,False,False,False,monthly,True,38.0,12708.0,6.0,A-0158bb,1.0,3.0,0.0
A-0158bb,Company_461,FinTech,DE,22-05-2024,partner,Basic,5,False,0,S-e05ab8,A-0158bb,10-12-2024,31-12-2026,Pro,21,1029,12348,False,False,False,False,monthly,True,13.0,4188.0,3.0,A-0158bb,1.0,3.0,0.0
A-0158bb,Company_461,FinTech,DE,22-05-2024,partner,Basic,5,False,0,S-b12284,A-0158bb,29-06-2024,31-12-2026,Basic,9,171,2052,False,False,False,False,annual,False,61.0,19820.0,1.0,A-0158bb,1.0,3.0,0.0
A-0158bb,Company_461,FinTech,DE,22-05-2024,partner,Basic,5,False,0,S-66f0d0,A-0158bb,28-06-2024,31-12-2026,Basic,35,665,7980,False,False,False,False,monthly,True,89.0,35805.0,4.0,A-0158bb,1.0,3.0,0.0
A-f19b24,Company_462,Cybersecurity,US,10-01-2023,organic,Pro,29,True,0,S-31ac79,A-f19b24,01-12-2024,31-12-2026,Basic,29,551,6612,False,False,False,False,monthly,True,63.0,21870.0,5.0,A-f19b24,2.0,2.0,1.0
A-f19b24,Company_462,Cybersecurity,US,10-01-2023,organic,Pro,29,True,0,S-496c1e,A-f19b24,20-08-2024,31-12-2026,Basic,29,551,6612,False,False,False,False,annual,True,21.0,7752.0,0.0,A-f19b24,2.0,2.0,1.0
A-f19b24,Company_462,Cybersecurity,US,10-01-2023,organic,Pro,29,True,0,S-f093d0,A-f19b24,17-03-2024,31-12-2026,Pro,29,1421,17052,False,False,False,False,monthly,True,35.0,16390.0,5.0,A-f19b24,2.0,2.0,1.0
A-798a3f,Company_463,DevTools,FR,19-10-2023,other,Enterprise,12,False,1,S-c55cbb,A-798a3f,11-09-2024,31-12-2026,Enterprise,12,0,0,True,False,False,False,monthly,True,26.0,10830.0,3.0,A-798a3f,5.0,2.4,0.0
A-798a3f,Company_463,DevTools,FR,19-10-2023,other,Enterprise,12,False,1,S-d32fbc,A-798a3f,01-07-2024,31-12-2026,Basic,12,228,2736,False,False,False,False,monthly,True,48.0,10945.0,4.0,A-798a3f,5.0,2.4,0.0
A-798a3f,Company_463,DevTools,FR,19-10-2023,other,Enterprise,12,False,1,S-bff540,A-798a3f,06-05-2024,31-12-2026,Enterprise,12,2388,28656,False,False,False,False,monthly,True,30.0,7480.0,3.0,A-798a3f,5.0,2.4,0.0
A-798a3f,Company_463,DevTools,FR,19-10-2023,other,Enterprise,12,False,1,S-25ff39,A-798a3f,24-03-2024,31-12-2026,Basic,42,798,9576,False,False,False,False,annual,True,19.0,4552.0,2.0,A-798a3f,5.0,2.4,0.0
A-798a3f,Company_463,DevTools,FR,19-10-2023,other,Enterprise,12,False,1,S-8cfc1b,A-798a3f,14-08-2024,31-12-2026,Enterprise,26,5174,62088,False,False,False,False,annual,True,44.0,16427.0,1.0,A-798a3f,5.0,2.4,0.0
A-798a3f,Company_463,DevTools,FR,19-10-2023,other,Enterprise,12,False,1,S-af4e84,A-798a3f,25-12-2023,31-12-2026,Enterprise,12,2388,28656,False,False,False,False,annual,False,45.0,17047.0,2.0,A-798a3f,5.0,2.4,0.0
A-798a3f,Company_463,DevTools,FR,19-10-2023,other,Enterprise,12,False,1,S-0c5771,A-798a3f,24-02-2024,10-11-2024,Enterprise,12,0,0,True,False,False,True,annual,True,73.0,17757.0,3.0,A-798a3f,5.0,2.4,0.0
A-798a3f,Company_463,DevTools,FR,19-10-2023,other,Enterprise,12,False,1,S-bb7eef,A-798a3f,26-12-2023,24-04-2024,Basic,31,589,7068,False,True,False,True,annual,True,38.0,14526.0,0.0,A-798a3f,5.0,2.4,0.0
A-798a3f,Company_463,DevTools,FR,19-10-2023,other,Enterprise,12,False,1,S-4b9226,A-798a3f,11-10-2024,31-12-2026,Enterprise,13,2587,31044,False,False,False,False,monthly,False,29.0,5582.0,1.0,A-798a3f,5.0,2.4,0.0
A-42b791,Company_464,FinTech,AU,20-05-2024,event,Pro,3,False,0,S-62a710,A-42b791,07-11-2024,31-12-2026,Pro,22,1078,12936,False,False,False,False,annual,True,36.0,12672.0,0.0,A-42b791,3.0,2.6666666666666665,0.0
A-42b791,Company_464,FinTech,AU,20-05-2024,event,Pro,3,False,0,S-381420,A-42b791,25-10-2024,25-11-2024,Basic,27,513,6156,False,False,False,True,monthly,True,50.0,15745.0,2.0,A-42b791,3.0,2.6666666666666665,0.0
A-42b791,Company_464,FinTech,AU,20-05-2024,event,Pro,3,False,0,S-d224a1,A-42b791,11-06-2024,31-12-2026,Pro,29,1421,17052,False,False,False,False,monthly,True,51.0,19609.0,2.0,A-42b791,3.0,2.6666666666666665,0.0
A-42b791,Company_464,FinTech,AU,20-05-2024,event,Pro,3,False,0,S-a0abcf,A-42b791,11-12-2024,31-12-2026,Pro,14,686,8232,False,False,False,False,annual,False,34.0,7272.0,0.0,A-42b791,3.0,2.6666666666666665,0.0
A-42b791,Company_464,FinTech,AU,20-05-2024,event,Pro,3,False,0,S-c58d66,A-42b791,06-11-2024,31-12-2026,Basic,3,57,684,False,False,False,False,monthly,True,42.0,1932.0,0.0,A-42b791,3.0,2.6666666666666665,0.0
A-42b791,Company_464,FinTech,AU,20-05-2024,event,Pro,3,False,0,S-1dbbc2,A-42b791,30-12-2024,31-12-2026,Basic,20,380,4560,False,False,False,False,monthly,False,17.0,1354.0,0.0,A-42b791,3.0,2.6666666666666665,0.0
A-42b791,Company_464,FinTech,AU,20-05-2024,event,Pro,3,False,0,S-817e4b,A-42b791,08-10-2024,31-12-2026,Enterprise,75,14925,179100,False,False,False,False,annual,False,82.0,26109.0,2.0,A-42b791,3.0,2.6666666666666665,0.0
A-068fc6,Company_465,EdTech,US,17-07-2023,event,Enterprise,35,False,0,S-80632f,A-068fc6,06-07-2024,31-12-2026,Pro,35,1715,20580,False,False,False,False,monthly,False,19.0,1800.0,0.0,A-068fc6,5.0,2.6,0.0
A-068fc6,Company_465,EdTech,US,17-07-2023,event,Enterprise,35,False,0,S-3199cf,A-068fc6,20-07-2024,31-12-2026,Pro,35,1715,20580,False,False,False,False,monthly,True,72.0,27967.0,5.0,A-068fc6,5.0,2.6,0.0
A-068fc6,Company_465,EdTech,US,17-07-2023,event,Enterprise,35,False,0,S-03a5b0,A-068fc6,13-07-2024,31-12-2026,Enterprise,35,6965,83580,False,False,False,False,monthly,True,45.0,8581.0,0.0,A-068fc6,5.0,2.6,0.0
A-068fc6,Company_465,EdTech,US,17-07-2023,event,Enterprise,35,False,0,S-2ec763,A-068fc6,03-12-2024,31-12-2026,Pro,35,1715,20580,False,False,False,False,monthly,True,98.0,38613.0,6.0,A-068fc6,5.0,2.6,0.0
A-068fc6,Company_465,EdTech,US,17-07-2023,event,Enterprise,35,False,0,S-d747bc,A-068fc6,17-03-2024,31-12-2026,Basic,35,665,7980,False,True,False,False,monthly,True,35.0,5613.0,0.0,A-068fc6,5.0,2.6,0.0
A-068fc6,Company_465,EdTech,US,17-07-2023,event,Enterprise,35,False,0,S-76767f,A-068fc6,28-10-2023,31-12-2026,Pro,35,1715,20580,False,False,False,False,monthly,True,65.0,23923.0,3.0,A-068fc6,5.0,2.6,0.0
A-068fc6,Company_465,EdTech,US,17-07-2023,event,Enterprise,35,False,0,S-4b75c6,A-068fc6,13-04-2024,31-12-2026,Enterprise,35,6965,83580,False,False,False,False,annual,True,69.0,23634.0,4.0,A-068fc6,5.0,2.6,0.0
A-068fc6,Company_465,EdTech,US,17-07-2023,event,Enterprise,35,False,0,S-4690b3,A-068fc6,16-12-2024,25-12-2024,Enterprise,35,6965,83580,False,False,False,True,monthly,True,98.0,29480.0,6.0,A-068fc6,5.0,2.6,0.0
A-068fc6,Company_465,EdTech,US,17-07-2023,event,Enterprise,35,False,0,S-6d6bde,A-068fc6,14-10-2024,31-12-2026,Basic,35,665,7980,False,False,False,False,monthly,True,56.0,12378.0,2.0,A-068fc6,5.0,2.6,0.0
A-068fc6,Company_465,EdTech,US,17-07-2023,event,Enterprise,35,False,0,S-07c0da,A-068fc6,02-01-2024,31-12-2026,Pro,35,0,0,True,False,False,False,annual,True,41.0,17048.0,3.0,A-068fc6,5.0,2.6,0.0
A-6f50ae,Company_466,FinTech,US,21-09-2023,partner,Pro,19,False,1,S-d3613b,A-6f50ae,27-11-2023,31-12-2026,Enterprise,19,0,0,True,False,False,False,monthly,True,65.0,15046.0,7.0,A-6f50ae,5.0,3.6,0.0
A-6f50ae,Company_466,FinTech,US,21-09-2023,partner,Pro,19,False,1,S-c03f87,A-6f50ae,05-01-2024,31-12-2026,Enterprise,19,3781,45372,False,False,False,False,annual,True,27.0,11780.0,0.0,A-6f50ae,5.0,3.6,0.0
A-6f50ae,Company_466,FinTech,US,21-09-2023,partner,Pro,19,False,1,S-b6793d,A-6f50ae,19-07-2024,31-12-2026,Pro,22,1078,12936,False,False,False,False,annual,False,44.0,10576.0,3.0,A-6f50ae,5.0,3.6,0.0
A-6f50ae,Company_466,FinTech,US,21-09-2023,partner,Pro,19,False,1,S-491caf,A-6f50ae,24-03-2024,31-12-2026,Basic,19,361,4332,False,False,True,False,annual,False,57.0,11775.0,1.0,A-6f50ae,5.0,3.6,0.0
A-6f50ae,Company_466,FinTech,US,21-09-2023,partner,Pro,19,False,1,S-3ad221,A-6f50ae,11-11-2023,31-12-2026,Basic,19,361,4332,False,False,False,False,monthly,True,79.0,18299.0,7.0,A-6f50ae,5.0,3.6,0.0
A-6f50ae,Company_466,FinTech,US,21-09-2023,partner,Pro,19,False,1,S-c27df9,A-6f50ae,05-04-2024,31-12-2026,Pro,19,0,0,True,False,False,False,monthly,True,47.0,14400.0,2.0,A-6f50ae,5.0,3.6,0.0
A-6f50ae,Company_466,FinTech,US,21-09-2023,partner,Pro,19,False,1,S-2245c0,A-6f50ae,19-11-2024,31-12-2026,Enterprise,19,3781,45372,False,False,False,False,monthly,True,81.0,22703.0,2.0,A-6f50ae,5.0,3.6,0.0
A-6f50ae,Company_466,FinTech,US,21-09-2023,partner,Pro,19,False,1,S-9c4090,A-6f50ae,01-05-2024,31-12-2026,Basic,19,361,4332,False,False,False,False,annual,False,13.0,5426.0,3.0,A-6f50ae,5.0,3.6,0.0
A-6f50ae,Company_466,FinTech,US,21-09-2023,partner,Pro,19,False,1,S-4040a9,A-6f50ae,14-05-2024,31-12-2026,Pro,19,931,11172,False,False,False,False,monthly,False,73.0,24084.0,5.0,A-6f50ae,5.0,3.6,0.0
A-6f50ae,Company_466,FinTech,US,21-09-2023,partner,Pro,19,False,1,S-3f00dc,A-6f50ae,02-09-2024,31-12-2026,Pro,19,931,11172,False,False,False,False,annual,True,62.0,19288.0,8.0,A-6f50ae,5.0,3.6,0.0
A-6f50ae,Company_466,FinTech,US,21-09-2023,partner,Pro,19,False,1,S-f0c3f6,A-6f50ae,16-06-2024,31-12-2026,Enterprise,50,9950,119400,False,False,False,False,annual,True,47.0,17442.0,1.0,A-6f50ae,5.0,3.6,0.0
A-6f50ae,Company_466,FinTech,US,21-09-2023,partner,Pro,19,False,1,S-01fa46,A-6f50ae,08-01-2024,31-12-2026,Basic,19,361,4332,False,False,False,False,annual,False,65.0,16643.0,3.0,A-6f50ae,5.0,3.6,0.0
A-6f50ae,Company_466,FinTech,US,21-09-2023,partner,Pro,19,False,1,S-58b22d,A-6f50ae,31-12-2024,31-12-2026,Enterprise,19,3781,45372,False,False,False,False,monthly,True,81.0,28406.0,1.0,A-6f50ae,5.0,3.6,0.0
A-6f50ae,Company_466,FinTech,US,21-09-2023,partner,Pro,19,False,1,S-d50d25,A-6f50ae,13-07-2024,31-12-2026,Pro,19,931,11172,False,False,False,False,annual,True,70.0,24144.0,5.0,A-6f50ae,5.0,3.6,0.0
A-a2485e,Company_467,FinTech,US,04-08-2024,event,Pro,3,True,0,S-1109d6,A-a2485e,11-08-2024,31-12-2026,Enterprise,3,597,7164,False,False,True,False,annual,True,48.0,15817.0,3.0,0,0.0,0.0,0.0
A-a2485e,Company_467,FinTech,US,04-08-2024,event,Pro,3,True,0,S-5c8af8,A-a2485e,05-11-2024,31-12-2026,Pro,10,490,5880,False,False,False,False,monthly,True,38.0,12344.0,3.0,0,0.0,0.0,0.0
A-a2485e,Company_467,FinTech,US,04-08-2024,event,Pro,3,True,0,S-132103,A-a2485e,08-08-2024,31-12-2026,Pro,9,441,5292,False,False,False,False,monthly,True,78.0,21193.0,1.0,0,0.0,0.0,0.0
A-a2485e,Company_467,FinTech,US,04-08-2024,event,Pro,3,True,0,S-70c743,A-a2485e,17-08-2024,31-12-2026,Pro,68,3332,39984,False,False,False,False,annual,False,41.0,14484.0,2.0,0,0.0,0.0,0.0
A-a2485e,Company_467,FinTech,US,04-08-2024,event,Pro,3,True,0,S-7277c8,A-a2485e,16-11-2024,31-12-2026,Basic,28,532,6384,False,False,False,False,annual,False,72.0,26923.0,1.0,0,0.0,0.0,0.0
A-a2485e,Company_467,FinTech,US,04-08-2024,event,Pro,3,True,0,S-2c3b6d,A-a2485e,05-12-2024,31-12-2026,Enterprise,17,3383,40596,False,False,False,False,annual,True,40.0,11886.0,3.0,0,0.0,0.0,0.0
A-bb1eaa,Company_468,Cybersecurity,US,11-06-2024,organic,Basic,21,False,0,S-0a15fa,A-bb1eaa,12-12-2024,31-12-2026,Pro,25,1225,14700,False,False,False,False,annual,True,41.0,9654.0,0.0,A-bb1eaa,6.0,1.5,0.0
A-bb1eaa,Company_468,Cybersecurity,US,11-06-2024,organic,Basic,21,False,0,S-dea1f5,A-bb1eaa,14-07-2024,31-12-2026,Basic,21,399,4788,False,False,True,False,annual,True,39.0,11603.0,2.0,A-bb1eaa,6.0,1.5,0.0
A-bb1eaa,Company_468,Cybersecurity,US,11-06-2024,organic,Basic,21,False,0,S-843a53,A-bb1eaa,11-09-2024,31-12-2026,Enterprise,21,4179,50148,False,False,False,False,annual,True,15.0,3294.0,0.0,A-bb1eaa,6.0,1.5,0.0
A-bb1eaa,Company_468,Cybersecurity,US,11-06-2024,organic,Basic,21,False,0,S-c95ecc,A-bb1eaa,30-06-2024,31-12-2026,Enterprise,21,4179,50148,False,False,False,False,monthly,True,36.0,10934.0,2.0,A-bb1eaa,6.0,1.5,0.0
A-bb1eaa,Company_468,Cybersecurity,US,11-06-2024,organic,Basic,21,False,0,S-f40285,A-bb1eaa,28-07-2024,31-12-2026,Basic,21,399,4788,False,False,False,False,monthly,True,33.0,9852.0,3.0,A-bb1eaa,6.0,1.5,0.0
A-cc98bc,Company_469,DevTools,US,24-05-2023,ads,Basic,32,False,0,S-e23fd8,A-cc98bc,05-06-2023,31-12-2026,Enterprise,32,0,0,True,False,False,False,annual,True,80.0,25630.0,2.0,A-cc98bc,3.0,1.3333333333333333,0.0
A-cc98bc,Company_469,DevTools,US,24-05-2023,ads,Basic,32,False,0,S-712e04,A-cc98bc,20-09-2024,31-12-2026,Basic,32,0,0,True,False,False,False,monthly,True,100.0,29440.0,4.0,A-cc98bc,3.0,1.3333333333333333,0.0
A-cc98bc,Company_469,DevTools,US,24-05-2023,ads,Basic,32,False,0,S-b9d674,A-cc98bc,09-07-2023,31-12-2026,Enterprise,32,6368,76416,False,False,False,False,monthly,True,76.0,22501.0,2.0,A-cc98bc,3.0,1.3333333333333333,0.0
A-cc98bc,Company_469,DevTools,US,24-05-2023,ads,Basic,32,False,0,S-0e057d,A-cc98bc,27-06-2023,31-12-2026,Pro,57,2793,33516,False,False,False,False,annual,True,49.0,15025.0,0.0,A-cc98bc,3.0,1.3333333333333333,0.0
A-cc98bc,Company_469,DevTools,US,24-05-2023,ads,Basic,32,False,0,S-8ba974,A-cc98bc,03-07-2024,23-08-2024,Pro,32,1568,18816,False,False,False,True,annual,True,40.0,10788.0,1.0,A-cc98bc,3.0,1.3333333333333333,0.0
A-cc98bc,Company_469,DevTools,US,24-05-2023,ads,Basic,32,False,0,S-d64a4e,A-cc98bc,24-10-2023,31-12-2026,Basic,32,608,7296,False,False,False,False,monthly,True,31.0,12756.0,0.0,A-cc98bc,3.0,1.3333333333333333,0.0
A-cc98bc,Company_469,DevTools,US,24-05-2023,ads,Basic,32,False,0,S-c249fb,A-cc98bc,25-12-2023,31-12-2026,Basic,32,608,7296,False,False,False,False,monthly,True,38.0,13902.0,3.0,A-cc98bc,3.0,1.3333333333333333,0.0
A-cc98bc,Company_469,DevTools,US,24-05-2023,ads,Basic,32,False,0,S-a1426b,A-cc98bc,31-12-2023,31-12-2026,Basic,32,608,7296,False,False,False,False,annual,False,35.0,6035.0,1.0,A-cc98bc,3.0,1.3333333333333333,0.0
A-cc98bc,Company_469,DevTools,US,24-05-2023,ads,Basic,32,False,0,S-576519,A-cc98bc,27-05-2023,31-12-2026,Enterprise,32,6368,76416,False,False,False,False,monthly,True,56.0,13548.0,6.0,A-cc98bc,3.0,1.3333333333333333,0.0
A-cc98bc,Company_469,DevTools,US,24-05-2023,ads,Basic,32,False,0,S-30008c,A-cc98bc,26-05-2024,31-12-2026,Pro,54,2646,31752,False,True,False,False,annual,True,46.0,10845.0,5.0,A-cc98bc,3.0,1.3333333333333333,0.0
A-d77f4c,Company_470,DevTools,US,25-09-2023,partner,Pro,4,True,0,S-cf6ec1,A-d77f4c,04-08-2024,31-12-2026,Enterprise,22,4378,52536,False,True,False,False,monthly,False,43.0,12499.0,0.0,A-d77f4c,2.0,4.0,0.0
A-d77f4c,Company_470,DevTools,US,25-09-2023,partner,Pro,4,True,0,S-851bbe,A-d77f4c,22-04-2024,31-12-2026,Enterprise,94,18706,224472,False,True,False,False,annual,True,32.0,8288.0,0.0,A-d77f4c,2.0,4.0,0.0
A-d77f4c,Company_470,DevTools,US,25-09-2023,partner,Pro,4,True,0,S-702fe2,A-d77f4c,27-03-2024,31-12-2026,Enterprise,11,2189,26268,False,False,False,False,monthly,True,18.0,10356.0,0.0,A-d77f4c,2.0,4.0,0.0
A-d77f4c,Company_470,DevTools,US,25-09-2023,partner,Pro,4,True,0,S-da0fb6,A-d77f4c,04-07-2024,31-12-2026,Enterprise,55,10945,131340,False,False,False,False,monthly,True,30.0,7110.0,1.0,A-d77f4c,2.0,4.0,0.0
A-d77f4c,Company_470,DevTools,US,25-09-2023,partner,Pro,4,True,0,S-c97604,A-d77f4c,04-05-2024,31-12-2026,Enterprise,13,2587,31044,False,False,False,False,annual,True,44.0,12351.0,5.0,A-d77f4c,2.0,4.0,0.0
A-d77f4c,Company_470,DevTools,US,25-09-2023,partner,Pro,4,True,0,S-5bc71c,A-d77f4c,24-10-2023,19-02-2024,Basic,8,152,1824,False,False,False,True,monthly,True,39.0,12150.0,3.0,A-d77f4c,2.0,4.0,0.0
A-d77f4c,Company_470,DevTools,US,25-09-2023,partner,Pro,4,True,0,S-0d4d11,A-d77f4c,10-11-2023,31-12-2026,Basic,41,0,0,True,False,True,False,monthly,True,72.0,13953.0,9.0,A-d77f4c,2.0,4.0,0.0
A-d77f4c,Company_470,DevTools,US,25-09-2023,partner,Pro,4,True,0,S-e32b16,A-d77f4c,20-11-2024,31-12-2026,Enterprise,29,5771,69252,False,False,False,False,annual,True,70.0,21077.0,6.0,A-d77f4c,2.0,4.0,0.0
A-d77f4c,Company_470,DevTools,US,25-09-2023,partner,Pro,4,True,0,S-3473af,A-d77f4c,10-10-2024,31-12-2026,Basic,8,152,1824,False,True,False,False,monthly,True,65.0,18667.0,0.0,A-d77f4c,2.0,4.0,0.0
A-d77f4c,Company_470,DevTools,US,25-09-2023,partner,Pro,4,True,0,S-e81358,A-d77f4c,29-02-2024,31-12-2026,Pro,29,1421,17052,False,False,False,False,annual,True,28.0,11645.0,0.0,A-d77f4c,2.0,4.0,0.0
A-d77f4c,Company_470,DevTools,US,25-09-2023,partner,Pro,4,True,0,S-d82234,A-d77f4c,17-12-2024,18-12-2024,Pro,4,196,2352,False,True,False,True,annual,True,66.0,16726.0,5.0,A-d77f4c,2.0,4.0,0.0
A-d77f4c,Company_470,DevTools,US,25-09-2023,partner,Pro,4,True,0,S-5798f3,A-d77f4c,21-07-2024,31-12-2026,Pro,7,343,4116,False,False,False,False,monthly,False,45.0,16943.0,0.0,A-d77f4c,2.0,4.0,0.0
A-d77f4c,Company_470,DevTools,US,25-09-2023,partner,Pro,4,True,0,S-1877a6,A-d77f4c,31-03-2024,31-12-2026,Pro,6,294,3528,False,False,False,False,monthly,True,48.0,13337.0,3.0,A-d77f4c,2.0,4.0,0.0
A-d77f4c,Company_470,DevTools,US,25-09-2023,partner,Pro,4,True,0,S-b805b2,A-d77f4c,13-04-2024,31-12-2026,Enterprise,8,1592,19104,False,False,False,False,annual,False,17.0,6944.0,0.0,A-d77f4c,2.0,4.0,0.0
A-ccabf0,Company_471,HealthTech,IN,06-11-2023,organic,Pro,1,False,0,S-163e9d,A-ccabf0,03-03-2024,31-12-2026,Enterprise,11,2189,26268,False,False,False,False,annual,True,8.0,888.0,0.0,A-ccabf0,4.0,2.75,0.0
A-ccabf0,Company_471,HealthTech,IN,06-11-2023,organic,Pro,1,False,0,S-d449e1,A-ccabf0,15-10-2024,06-11-2024,Basic,25,0,0,True,False,False,True,annual,True,42.0,16464.0,0.0,A-ccabf0,4.0,2.75,0.0
A-ccabf0,Company_471,HealthTech,IN,06-11-2023,organic,Pro,1,False,0,S-db3856,A-ccabf0,18-11-2023,31-12-2026,Pro,21,1029,12348,False,False,False,False,annual,True,40.0,18250.0,1.0,A-ccabf0,4.0,2.75,0.0
A-ccabf0,Company_471,HealthTech,IN,06-11-2023,organic,Pro,1,False,0,S-fc155b,A-ccabf0,09-09-2024,31-12-2026,Enterprise,1,199,2388,False,False,False,False,annual,True,72.0,23704.0,3.0,A-ccabf0,4.0,2.75,0.0
A-ccabf0,Company_471,HealthTech,IN,06-11-2023,organic,Pro,1,False,0,S-aef80b,A-ccabf0,05-01-2024,31-12-2026,Enterprise,13,2587,31044,False,False,False,False,annual,True,86.0,30687.0,5.0,A-ccabf0,4.0,2.75,0.0
A-ccabf0,Company_471,HealthTech,IN,06-11-2023,organic,Pro,1,False,0,S-cd79c0,A-ccabf0,07-11-2023,31-12-2026,Enterprise,16,3184,38208,False,False,False,False,monthly,True,93.0,30985.0,2.0,A-ccabf0,4.0,2.75,0.0
A-ccabf0,Company_471,HealthTech,IN,06-11-2023,organic,Pro,1,False,0,S-477a57,A-ccabf0,29-11-2023,31-12-2026,Enterprise,59,11741,140892,False,False,False,False,monthly,True,10.0,1230.0,1.0,A-ccabf0,4.0,2.75,0.0
A-ccabf0,Company_471,HealthTech,IN,06-11-2023,organic,Pro,1,False,0,S-9b08ae,A-ccabf0,29-12-2023,31-12-2026,Pro,21,1029,12348,False,False,False,False,monthly,True,66.0,20981.0,7.0,A-ccabf0,4.0,2.75,0.0
A-ccabf0,Company_471,HealthTech,IN,06-11-2023,organic,Pro,1,False,0,S-5a3412,A-ccabf0,21-05-2024,31-12-2026,Basic,17,323,3876,False,False,False,False,annual,False,41.0,9565.0,5.0,A-ccabf0,4.0,2.75,0.0
A-ccabf0,Company_471,HealthTech,IN,06-11-2023,organic,Pro,1,False,0,S-c1f160,A-ccabf0,14-07-2024,04-12-2024,Pro,2,98,1176,False,False,True,True,annual,True,48.0,16334.0,5.0,A-ccabf0,4.0,2.75,0.0
A-700ade,Company_472,Cybersecurity,UK,31-10-2024,organic,Enterprise,1,True,0,S-1e15d1,A-700ade,17-11-2024,31-12-2024,Pro,25,1225,14700,False,False,False,True,annual,True,56.0,22274.0,6.0,A-700ade,4.0,3.5,0.0
A-700ade,Company_472,Cybersecurity,UK,31-10-2024,organic,Enterprise,1,True,0,S-15a8c0,A-700ade,29-12-2024,31-12-2026,Basic,50,950,11400,False,False,False,False,monthly,False,19.0,4876.0,0.0,A-700ade,4.0,3.5,0.0
A-700ade,Company_472,Cybersecurity,UK,31-10-2024,organic,Enterprise,1,True,0,S-2aad81,A-700ade,25-11-2024,31-12-2026,Basic,7,133,1596,False,False,False,False,annual,True,13.0,3432.0,0.0,A-700ade,4.0,3.5,0.0
A-700ade,Company_472,Cybersecurity,UK,31-10-2024,organic,Enterprise,1,True,0,S-0d86a4,A-700ade,11-11-2024,31-12-2026,Pro,12,588,7056,False,False,False,False,monthly,False,16.0,5951.0,0.0,A-700ade,4.0,3.5,0.0
A-700ade,Company_472,Cybersecurity,UK,31-10-2024,organic,Enterprise,1,True,0,S-0f7a92,A-700ade,23-12-2024,31-12-2026,Pro,1,49,588,False,False,False,False,monthly,False,32.0,7700.0,5.0,A-700ade,4.0,3.5,0.0
A-700ade,Company_472,Cybersecurity,UK,31-10-2024,organic,Enterprise,1,True,0,S-788739,A-700ade,07-11-2024,31-12-2026,Enterprise,13,2587,31044,False,False,False,False,monthly,True,49.0,16068.0,4.0,A-700ade,4.0,3.5,0.0
A-700ade,Company_472,Cybersecurity,UK,31-10-2024,organic,Enterprise,1,True,0,S-e27e43,A-700ade,19-11-2024,31-12-2026,Enterprise,48,9552,114624,False,False,False,False,monthly,True,49.0,13159.0,1.0,A-700ade,4.0,3.5,0.0
A-700ade,Company_472,Cybersecurity,UK,31-10-2024,organic,Enterprise,1,True,0,S-aadf83,A-700ade,20-11-2024,04-12-2024,Enterprise,9,1791,21492,False,False,False,True,annual,True,50.0,11921.0,2.0,A-700ade,4.0,3.5,0.0
A-4a4c2d,Company_473,DevTools,US,02-05-2023,event,Enterprise,54,False,0,S-7262b9,A-4a4c2d,03-10-2024,31-12-2026,Basic,54,1026,12312,False,False,False,False,monthly,True,27.0,9273.0,0.0,A-4a4c2d,5.0,3.4,0.0
A-4a4c2d,Company_473,DevTools,US,02-05-2023,event,Enterprise,54,False,0,S-f6b264,A-4a4c2d,02-02-2024,31-12-2026,Pro,54,2646,31752,False,False,False,False,monthly,False,103.0,34394.0,0.0,A-4a4c2d,5.0,3.4,0.0
A-4a4c2d,Company_473,DevTools,US,02-05-2023,event,Enterprise,54,False,0,S-0abdec,A-4a4c2d,14-07-2023,31-12-2026,Basic,54,1026,12312,False,False,False,False,monthly,True,35.0,6635.0,0.0,A-4a4c2d,5.0,3.4,0.0
A-4a4c2d,Company_473,DevTools,US,02-05-2023,event,Enterprise,54,False,0,S-1b524a,A-4a4c2d,11-08-2023,31-12-2026,Basic,54,1026,12312,False,False,True,False,annual,True,21.0,4831.0,2.0,A-4a4c2d,5.0,3.4,0.0
A-4a4c2d,Company_473,DevTools,US,02-05-2023,event,Enterprise,54,False,0,S-e50f43,A-4a4c2d,20-09-2023,31-12-2026,Enterprise,54,10746,128952,False,False,False,False,annual,True,48.0,15692.0,2.0,A-4a4c2d,5.0,3.4,0.0
A-4a4c2d,Company_473,DevTools,US,02-05-2023,event,Enterprise,54,False,0,S-ce6528,A-4a4c2d,04-07-2023,31-12-2026,Basic,54,1026,12312,False,False,False,False,annual,True,53.0,16770.0,0.0,A-4a4c2d,5.0,3.4,0.0
A-4a4c2d,Company_473,DevTools,US,02-05-2023,event,Enterprise,54,False,0,S-e267d1,A-4a4c2d,25-12-2023,31-12-2026,Enterprise,54,10746,128952,False,False,False,False,annual,False,66.0,17635.0,7.0,A-4a4c2d,5.0,3.4,0.0
A-4a4c2d,Company_473,DevTools,US,02-05-2023,event,Enterprise,54,False,0,S-6cf058,A-4a4c2d,23-02-2024,31-12-2026,Basic,54,0,0,True,False,False,False,monthly,True,16.0,5246.0,5.0,A-4a4c2d,5.0,3.4,0.0
A-4a4c2d,Company_473,DevTools,US,02-05-2023,event,Enterprise,54,False,0,S-e7de53,A-4a4c2d,08-07-2024,31-12-2026,Basic,54,1026,12312,False,False,False,False,monthly,True,50.0,7377.0,4.0,A-4a4c2d,5.0,3.4,0.0
A-4a4c2d,Company_473,DevTools,US,02-05-2023,event,Enterprise,54,False,0,S-86bcda,A-4a4c2d,18-09-2024,31-12-2026,Basic,54,1026,12312,False,True,False,False,monthly,False,19.0,3972.0,0.0,A-4a4c2d,5.0,3.4,0.0
A-4a4c2d,Company_473,DevTools,US,02-05-2023,event,Enterprise,54,False,0,S-79535e,A-4a4c2d,11-12-2024,31-12-2026,Pro,54,2646,31752,False,False,False,False,monthly,True,40.0,17596.0,7.0,A-4a4c2d,5.0,3.4,0.0
A-4a4c2d,Company_473,DevTools,US,02-05-2023,event,Enterprise,54,False,0,S-e133a5,A-4a4c2d,03-07-2023,25-01-2024,Basic,54,1026,12312,False,False,False,True,monthly,True,33.0,9328.0,5.0,A-4a4c2d,5.0,3.4,0.0
A-4a4c2d,Company_473,DevTools,US,02-05-2023,event,Enterprise,54,False,0,S-155934,A-4a4c2d,16-04-2024,31-12-2026,Pro,54,0,0,True,False,False,False,annual,True,76.0,15459.0,5.0,A-4a4c2d,5.0,3.4,0.0
A-b7ef83,Company_474,Cybersecurity,UK,29-05-2024,partner,Pro,1,True,0,S-b21a0b,A-b7ef83,29-10-2024,31-12-2026,Pro,17,833,9996,False,False,False,False,monthly,True,68.0,25690.0,8.0,A-b7ef83,2.0,2.0,0.0
A-b7ef83,Company_474,Cybersecurity,UK,29-05-2024,partner,Pro,1,True,0,S-f60667,A-b7ef83,18-09-2024,31-12-2026,Enterprise,5,995,11940,False,True,False,False,annual,True,76.0,17075.0,2.0,A-b7ef83,2.0,2.0,0.0
A-b7ef83,Company_474,Cybersecurity,UK,29-05-2024,partner,Pro,1,True,0,S-5c631b,A-b7ef83,01-07-2024,31-12-2026,Enterprise,26,5174,62088,False,False,False,False,annual,False,33.0,6583.0,2.0,A-b7ef83,2.0,2.0,0.0
A-b7ef83,Company_474,Cybersecurity,UK,29-05-2024,partner,Pro,1,True,0,S-557f3e,A-b7ef83,20-06-2024,31-12-2026,Enterprise,13,2587,31044,False,False,False,False,annual,True,45.0,20728.0,0.0,A-b7ef83,2.0,2.0,0.0
A-b7ef83,Company_474,Cybersecurity,UK,29-05-2024,partner,Pro,1,True,0,S-491216,A-b7ef83,16-09-2024,31-12-2026,Pro,31,1519,18228,False,False,False,False,annual,True,59.0,15528.0,7.0,A-b7ef83,2.0,2.0,0.0
A-b7ef83,Company_474,Cybersecurity,UK,29-05-2024,partner,Pro,1,True,0,S-673c51,A-b7ef83,14-09-2024,31-12-2026,Enterprise,9,1791,21492,False,False,False,False,monthly,False,30.0,2054.0,0.0,A-b7ef83,2.0,2.0,0.0
A-b7ef83,Company_474,Cybersecurity,UK,29-05-2024,partner,Pro,1,True,0,S-374be8,A-b7ef83,12-06-2024,31-12-2026,Basic,23,437,5244,False,False,False,False,annual,False,53.0,13143.0,3.0,A-b7ef83,2.0,2.0,0.0
A-b7ef83,Company_474,Cybersecurity,UK,29-05-2024,partner,Pro,1,True,0,S-765100,A-b7ef83,29-06-2024,31-12-2026,Basic,43,817,9804,False,False,False,False,monthly,True,46.0,20995.0,2.0,A-b7ef83,2.0,2.0,0.0
A-b7ef83,Company_474,Cybersecurity,UK,29-05-2024,partner,Pro,1,True,0,S-07734f,A-b7ef83,20-11-2024,31-12-2026,Basic,8,152,1824,False,False,False,False,annual,True,67.0,19494.0,3.0,A-b7ef83,2.0,2.0,0.0
A-b7ef83,Company_474,Cybersecurity,UK,29-05-2024,partner,Pro,1,True,0,S-31178d,A-b7ef83,29-06-2024,31-12-2026,Pro,26,1274,15288,False,False,False,False,annual,True,22.0,3191.0,2.0,A-b7ef83,2.0,2.0,0.0
A-b7ef83,Company_474,Cybersecurity,UK,29-05-2024,partner,Pro,1,True,0,S-f0081e,A-b7ef83,06-12-2024,10-12-2024,Enterprise,45,8955,107460,False,False,False,True,monthly,True,43.0,8266.0,3.0,A-b7ef83,2.0,2.0,0.0
A-b7ef83,Company_474,Cybersecurity,UK,29-05-2024,partner,Pro,1,True,0,S-e73cdf,A-b7ef83,08-11-2024,31-12-2026,Enterprise,44,8756,105072,False,False,False,False,annual,False,50.0,17057.0,2.0,A-b7ef83,2.0,2.0,0.0
A-b7ef83,Company_474,Cybersecurity,UK,29-05-2024,partner,Pro,1,True,0,S-7ff88c,A-b7ef83,30-12-2024,31-12-2026,Pro,12,588,7056,False,False,False,False,monthly,False,53.0,19091.0,1.0,A-b7ef83,2.0,2.0,0.0
A-b7ef83,Company_474,Cybersecurity,UK,29-05-2024,partner,Pro,1,True,0,S-bbdf5c,A-b7ef83,21-06-2024,31-12-2026,Enterprise,8,1592,19104,False,False,False,False,monthly,True,16.0,2171.0,0.0,A-b7ef83,2.0,2.0,0.0
A-b7ef83,Company_474,Cybersecurity,UK,29-05-2024,partner,Pro,1,True,0,S-510e07,A-b7ef83,20-10-2024,31-12-2026,Enterprise,2,398,4776,False,True,False,False,monthly,True,77.0,25711.0,4.0,A-b7ef83,2.0,2.0,0.0
A-e08cd3,Company_475,FinTech,US,21-09-2024,ads,Pro,67,True,0,S-dc6dfd,A-e08cd3,30-09-2024,31-12-2026,Pro,67,3283,39396,False,False,False,False,monthly,True,33.0,10489.0,3.0,A-e08cd3,8.0,2.0,0.0
A-e08cd3,Company_475,FinTech,US,21-09-2024,ads,Pro,67,True,0,S-4a08bd,A-e08cd3,11-10-2024,31-12-2026,Pro,67,3283,39396,False,False,False,False,annual,False,7.0,2086.0,1.0,A-e08cd3,8.0,2.0,0.0
A-e08cd3,Company_475,FinTech,US,21-09-2024,ads,Pro,67,True,0,S-02be35,A-e08cd3,01-10-2024,21-12-2024,Pro,67,3283,39396,False,False,False,True,monthly,True,78.0,23750.0,0.0,A-e08cd3,8.0,2.0,0.0
A-e08cd3,Company_475,FinTech,US,21-09-2024,ads,Pro,67,True,0,S-384681,A-e08cd3,25-12-2024,31-12-2026,Basic,67,1273,15276,False,False,True,False,annual,True,30.0,15051.0,0.0,A-e08cd3,8.0,2.0,0.0
A-e08cd3,Company_475,FinTech,US,21-09-2024,ads,Pro,67,True,0,S-48d1f2,A-e08cd3,16-10-2024,31-12-2026,Enterprise,67,13333,159996,False,False,False,False,annual,False,28.0,7251.0,2.0,A-e08cd3,8.0,2.0,0.0
A-e08cd3,Company_475,FinTech,US,21-09-2024,ads,Pro,67,True,0,S-36f84f,A-e08cd3,08-12-2024,31-12-2026,Pro,67,3283,39396,False,False,False,False,monthly,False,30.0,4646.0,2.0,A-e08cd3,8.0,2.0,0.0
A-e08cd3,Company_475,FinTech,US,21-09-2024,ads,Pro,67,True,0,S-ac3a32,A-e08cd3,20-10-2024,31-12-2026,Enterprise,67,13333,159996,False,False,False,False,monthly,True,45.0,15321.0,4.0,A-e08cd3,8.0,2.0,0.0
A-e08cd3,Company_475,FinTech,US,21-09-2024,ads,Pro,67,True,0,S-0fcf7d,A-e08cd3,23-11-2024,31-12-2026,Pro,67,3283,39396,False,False,False,False,annual,False,61.0,17536.0,2.0,A-e08cd3,8.0,2.0,0.0
A-e08cd3,Company_475,FinTech,US,21-09-2024,ads,Pro,67,True,0,S-16f4a2,A-e08cd3,10-11-2024,31-12-2026,Enterprise,67,13333,159996,False,False,False,False,annual,True,16.0,3993.0,0.0,A-e08cd3,8.0,2.0,0.0
A-e08cd3,Company_475,FinTech,US,21-09-2024,ads,Pro,67,True,0,S-3a2aee,A-e08cd3,14-12-2024,31-12-2026,Enterprise,67,0,0,True,False,False,False,monthly,True,0.0,0.0,0.0,A-e08cd3,8.0,2.0,0.0
A-e08cd3,Company_475,FinTech,US,21-09-2024,ads,Pro,67,True,0,S-a44d30,A-e08cd3,31-10-2024,31-12-2026,Enterprise,67,13333,159996,False,False,False,False,monthly,True,104.0,37941.0,7.0,A-e08cd3,8.0,2.0,0.0
A-19b2c8,Company_476,DevTools,IN,06-06-2023,other,Pro,20,False,0,S-44f453,A-19b2c8,10-02-2024,31-12-2026,Enterprise,20,3980,47760,False,False,False,False,monthly,True,24.0,11712.0,2.0,A-19b2c8,3.0,4.666666666666667,0.0
A-19b2c8,Company_476,DevTools,IN,06-06-2023,other,Pro,20,False,0,S-d5a07a,A-19b2c8,12-07-2024,31-12-2026,Basic,24,456,5472,False,False,False,False,annual,True,84.0,26011.0,1.0,A-19b2c8,3.0,4.666666666666667,0.0
A-19b2c8,Company_476,DevTools,IN,06-06-2023,other,Pro,20,False,0,S-f0d2fd,A-19b2c8,20-07-2024,31-12-2026,Enterprise,28,5572,66864,False,False,False,False,annual,True,92.0,28122.0,10.0,A-19b2c8,3.0,4.666666666666667,0.0
A-19b2c8,Company_476,DevTools,IN,06-06-2023,other,Pro,20,False,0,S-cac22d,A-19b2c8,06-08-2023,31-12-2026,Basic,20,380,4560,False,False,False,False,annual,True,15.0,4995.0,0.0,A-19b2c8,3.0,4.666666666666667,0.0
A-19b2c8,Company_476,DevTools,IN,06-06-2023,other,Pro,20,False,0,S-2ddf94,A-19b2c8,05-01-2024,31-12-2026,Enterprise,20,3980,47760,False,False,False,False,annual,False,51.0,19724.0,4.0,A-19b2c8,3.0,4.666666666666667,0.0
A-19b2c8,Company_476,DevTools,IN,06-06-2023,other,Pro,20,False,0,S-09c11e,A-19b2c8,12-07-2023,31-12-2026,Basic,20,380,4560,False,False,False,False,annual,False,67.0,18411.0,4.0,A-19b2c8,3.0,4.666666666666667,0.0
A-19b2c8,Company_476,DevTools,IN,06-06-2023,other,Pro,20,False,0,S-54e8b2,A-19b2c8,18-05-2024,31-12-2026,Pro,20,980,11760,False,False,False,False,monthly,True,46.0,10484.0,7.0,A-19b2c8,3.0,4.666666666666667,0.0
A-19b2c8,Company_476,DevTools,IN,06-06-2023,other,Pro,20,False,0,S-0c0691,A-19b2c8,25-10-2024,31-12-2026,Enterprise,20,3980,47760,False,False,False,False,monthly,True,74.0,23955.0,1.0,A-19b2c8,3.0,4.666666666666667,0.0
A-19b2c8,Company_476,DevTools,IN,06-06-2023,other,Pro,20,False,0,S-4815a3,A-19b2c8,01-08-2023,31-12-2026,Basic,22,418,5016,False,False,False,False,monthly,True,13.0,4311.0,0.0,A-19b2c8,3.0,4.666666666666667,0.0
A-19b2c8,Company_476,DevTools,IN,06-06-2023,other,Pro,20,False,0,S-d106d4,A-19b2c8,06-11-2023,31-12-2026,Enterprise,20,3980,47760,False,False,False,False,monthly,True,16.0,7603.0,0.0,A-19b2c8,3.0,4.666666666666667,0.0
A-19b2c8,Company_476,DevTools,IN,06-06-2023,other,Pro,20,False,0,S-c3aa52,A-19b2c8,30-08-2024,31-12-2026,Enterprise,20,0,0,True,True,False,False,monthly,False,31.0,5237.0,1.0,A-19b2c8,3.0,4.666666666666667,0.0
A-19b2c8,Company_476,DevTools,IN,06-06-2023,other,Pro,20,False,0,S-66569a,A-19b2c8,31-07-2023,31-12-2026,Pro,20,980,11760,False,False,False,False,monthly,False,80.0,27676.0,4.0,A-19b2c8,3.0,4.666666666666667,0.0
A-19b2c8,Company_476,DevTools,IN,06-06-2023,other,Pro,20,False,0,S-36f8c0,A-19b2c8,19-06-2023,31-12-2026,Pro,33,1617,19404,False,False,False,False,annual,True,8.0,160.0,0.0,A-19b2c8,3.0,4.666666666666667,0.0
A-970c97,Company_477,HealthTech,DE,01-03-2024,other,Enterprise,14,False,0,S-0eb2e0,A-970c97,23-03-2024,31-12-2026,Enterprise,14,2786,33432,False,False,False,False,monthly,True,65.0,18104.0,2.0,A-970c97,1.0,5.0,0.0
A-970c97,Company_477,HealthTech,DE,01-03-2024,other,Enterprise,14,False,0,S-89d586,A-970c97,02-11-2024,31-12-2026,Pro,29,1421,17052,False,False,False,False,annual,True,33.0,8677.0,3.0,A-970c97,1.0,5.0,0.0
A-970c97,Company_477,HealthTech,DE,01-03-2024,other,Enterprise,14,False,0,S-dfaf24,A-970c97,15-12-2024,21-12-2024,Basic,27,513,6156,False,False,False,True,annual,False,49.0,17070.0,0.0,A-970c97,1.0,5.0,0.0
A-970c97,Company_477,HealthTech,DE,01-03-2024,other,Enterprise,14,False,0,S-9fc9f5,A-970c97,04-11-2024,31-12-2026,Pro,14,686,8232,False,False,False,False,annual,False,68.0,21763.0,10.0,A-970c97,1.0,5.0,0.0
A-970c97,Company_477,HealthTech,DE,01-03-2024,other,Enterprise,14,False,0,S-d20d7c,A-970c97,14-07-2024,31-12-2026,Enterprise,28,5572,66864,False,False,False,False,monthly,False,40.0,7373.0,4.0,A-970c97,1.0,5.0,0.0
A-970c97,Company_477,HealthTech,DE,01-03-2024,other,Enterprise,14,False,0,S-41a4cb,A-970c97,13-07-2024,31-12-2026,Pro,14,686,8232,False,False,False,False,annual,True,67.0,23669.0,0.0,A-970c97,1.0,5.0,0.0
A-970c97,Company_477,HealthTech,DE,01-03-2024,other,Enterprise,14,False,0,S-ccdc31,A-970c97,16-12-2024,31-12-2026,Pro,19,931,11172,False,False,False,False,annual,True,72.0,18455.0,4.0,A-970c97,1.0,5.0,0.0
A-970c97,Company_477,HealthTech,DE,01-03-2024,other,Enterprise,14,False,0,S-91e96a,A-970c97,06-03-2024,31-12-2026,Enterprise,14,2786,33432,False,False,True,False,monthly,False,50.0,18621.0,1.0,A-970c97,1.0,5.0,0.0
A-6dee43,Company_478,FinTech,UK,12-08-2023,other,Basic,3,True,0,S-0ff339,A-6dee43,21-01-2024,31-12-2026,Basic,12,228,2736,False,False,False,False,annual,True,16.0,2182.0,1.0,A-6dee43,5.0,2.6,0.0
A-6dee43,Company_478,FinTech,UK,12-08-2023,other,Basic,3,True,0,S-f2d47e,A-6dee43,27-05-2024,31-12-2026,Enterprise,54,0,0,True,False,False,False,monthly,True,77.0,20713.0,0.0,A-6dee43,5.0,2.6,0.0
A-6dee43,Company_478,FinTech,UK,12-08-2023,other,Basic,3,True,0,S-4704e5,A-6dee43,15-03-2024,31-12-2026,Basic,3,57,684,False,False,False,False,monthly,True,57.0,16663.0,0.0,A-6dee43,5.0,2.6,0.0
A-6dee43,Company_478,FinTech,UK,12-08-2023,other,Basic,3,True,0,S-46dfac,A-6dee43,16-10-2024,31-12-2026,Pro,17,0,0,True,False,False,False,annual,True,25.0,6687.0,2.0,A-6dee43,5.0,2.6,0.0
A-6dee43,Company_478,FinTech,UK,12-08-2023,other,Basic,3,True,0,S-e7416c,A-6dee43,15-05-2024,31-12-2026,Pro,16,784,9408,False,False,False,False,annual,True,48.0,17586.0,2.0,A-6dee43,5.0,2.6,0.0
A-6dee43,Company_478,FinTech,UK,12-08-2023,other,Basic,3,True,0,S-37bdb4,A-6dee43,05-04-2024,31-12-2026,Enterprise,80,15920,191040,False,True,False,False,annual,False,47.0,18770.0,0.0,A-6dee43,5.0,2.6,0.0
A-6dee43,Company_478,FinTech,UK,12-08-2023,other,Basic,3,True,0,S-c287ef,A-6dee43,29-07-2024,31-12-2026,Basic,23,437,5244,False,False,False,False,annual,False,27.0,3572.0,1.0,A-6dee43,5.0,2.6,0.0
A-6dee43,Company_478,FinTech,UK,12-08-2023,other,Basic,3,True,0,S-39f1ed,A-6dee43,27-04-2024,31-12-2026,Pro,3,147,1764,False,False,False,False,monthly,True,69.0,30965.0,0.0,A-6dee43,5.0,2.6,0.0
A-6dee43,Company_478,FinTech,UK,12-08-2023,other,Basic,3,True,0,S-108caf,A-6dee43,31-10-2023,31-12-2026,Enterprise,12,2388,28656,False,False,False,False,annual,True,45.0,13271.0,3.0,A-6dee43,5.0,2.6,0.0
A-6dee43,Company_478,FinTech,UK,12-08-2023,other,Basic,3,True,0,S-8669e4,A-6dee43,11-08-2024,23-10-2024,Pro,55,2695,32340,False,False,False,True,annual,False,16.0,5488.0,2.0,A-6dee43,5.0,2.6,0.0
A-6dee43,Company_478,FinTech,UK,12-08-2023,other,Basic,3,True,0,S-4f5c94,A-6dee43,22-10-2023,31-12-2026,Basic,6,114,1368,False,False,False,False,annual,True,34.0,6639.0,0.0,A-6dee43,5.0,2.6,0.0
A-5ed98d,Company_479,DevTools,US,22-06-2024,partner,Basic,24,False,0,S-916876,A-5ed98d,08-09-2024,31-12-2026,Pro,24,1176,14112,False,False,False,False,monthly,True,55.0,15402.0,5.0,A-5ed98d,5.0,1.0,0.0
A-5ed98d,Company_479,DevTools,US,22-06-2024,partner,Basic,24,False,0,S-e4ce2c,A-5ed98d,14-08-2024,31-12-2026,Pro,24,1176,14112,False,False,False,False,annual,True,58.0,18729.0,2.0,A-5ed98d,5.0,1.0,0.0
A-5ed98d,Company_479,DevTools,US,22-06-2024,partner,Basic,24,False,0,S-021297,A-5ed98d,28-06-2024,31-12-2026,Enterprise,24,4776,57312,False,False,False,False,annual,True,21.0,4575.0,0.0,A-5ed98d,5.0,1.0,0.0
A-5ed98d,Company_479,DevTools,US,22-06-2024,partner,Basic,24,False,0,S-5a5338,A-5ed98d,21-12-2024,31-12-2026,Basic,38,0,0,True,False,False,False,annual,True,26.0,5407.0,0.0,A-5ed98d,5.0,1.0,0.0
A-5ed98d,Company_479,DevTools,US,22-06-2024,partner,Basic,24,False,0,S-8e5be7,A-5ed98d,01-11-2024,31-12-2026,Pro,24,1176,14112,False,False,False,False,monthly,True,24.0,6896.0,1.0,A-5ed98d,5.0,1.0,0.0
A-5ed98d,Company_479,DevTools,US,22-06-2024,partner,Basic,24,False,0,S-74d86d,A-5ed98d,20-12-2024,31-12-2026,Basic,54,1026,12312,False,True,False,False,annual,True,52.0,11575.0,4.0,A-5ed98d,5.0,1.0,0.0
A-5ed98d,Company_479,DevTools,US,22-06-2024,partner,Basic,24,False,0,S-786a36,A-5ed98d,18-07-2024,31-12-2026,Enterprise,24,4776,57312,False,False,False,False,annual,True,32.0,13199.0,3.0,A-5ed98d,5.0,1.0,0.0
A-5ed98d,Company_479,DevTools,US,22-06-2024,partner,Basic,24,False,0,S-b7ef4c,A-5ed98d,25-11-2024,31-12-2026,Pro,28,1372,16464,False,False,False,False,monthly,False,44.0,14531.0,3.0,A-5ed98d,5.0,1.0,0.0
A-c58f49,Company_480,EdTech,US,31-07-2024,other,Enterprise,70,True,0,S-95d1dd,A-c58f49,13-09-2024,31-12-2026,Enterprise,70,13930,167160,False,False,False,False,monthly,True,13.0,5352.0,1.0,A-c58f49,3.0,1.6666666666666667,1.0
A-c58f49,Company_480,EdTech,US,31-07-2024,other,Enterprise,70,True,0,S-f50851,A-c58f49,07-11-2024,31-12-2026,Enterprise,70,13930,167160,False,False,False,False,monthly,True,59.0,15139.0,3.0,A-c58f49,3.0,1.6666666666666667,1.0
A-c58f49,Company_480,EdTech,US,31-07-2024,other,Enterprise,70,True,0,S-ad02b5,A-c58f49,05-10-2024,31-12-2026,Enterprise,70,13930,167160,False,True,False,False,monthly,True,29.0,14680.0,2.0,A-c58f49,3.0,1.6666666666666667,1.0
A-c58f49,Company_480,EdTech,US,31-07-2024,other,Enterprise,70,True,0,S-354f6f,A-c58f49,24-11-2024,31-12-2026,Enterprise,70,13930,167160,False,False,False,False,annual,True,40.0,13924.0,4.0,A-c58f49,3.0,1.6666666666666667,1.0
A-c58f49,Company_480,EdTech,US,31-07-2024,other,Enterprise,70,True,0,S-1a9c5c,A-c58f49,02-11-2024,31-12-2026,Basic,70,0,0,True,False,False,False,annual,True,70.0,25403.0,5.0,A-c58f49,3.0,1.6666666666666667,1.0
A-c58f49,Company_480,EdTech,US,31-07-2024,other,Enterprise,70,True,0,S-22f096,A-c58f49,15-10-2024,31-12-2026,Enterprise,70,13930,167160,False,False,False,False,monthly,True,85.0,16168.0,2.0,A-c58f49,3.0,1.6666666666666667,1.0
A-c58f49,Company_480,EdTech,US,31-07-2024,other,Enterprise,70,True,0,S-a0d68d,A-c58f49,10-08-2024,31-12-2026,Basic,70,1330,15960,False,False,False,False,monthly,True,67.0,17874.0,5.0,A-c58f49,3.0,1.6666666666666667,1.0
A-9c18c4,Company_481,HealthTech,US,27-07-2023,ads,Pro,11,False,1,S-506cbd,A-9c18c4,29-08-2023,22-02-2024,Enterprise,19,3781,45372,False,False,False,True,annual,False,32.0,13393.0,0.0,A-9c18c4,4.0,2.0,0.0
A-9c18c4,Company_481,HealthTech,US,27-07-2023,ads,Pro,11,False,1,S-4893cd,A-9c18c4,26-12-2023,31-12-2026,Enterprise,11,2189,26268,False,False,False,False,monthly,True,35.0,16477.0,5.0,A-9c18c4,4.0,2.0,0.0
A-9c18c4,Company_481,HealthTech,US,27-07-2023,ads,Pro,11,False,1,S-2971ae,A-9c18c4,13-10-2024,31-12-2026,Enterprise,11,2189,26268,False,True,False,False,monthly,True,86.0,28479.0,9.0,A-9c18c4,4.0,2.0,0.0
A-9c18c4,Company_481,HealthTech,US,27-07-2023,ads,Pro,11,False,1,S-9f123c,A-9c18c4,30-07-2024,31-12-2026,Enterprise,11,0,0,True,False,False,False,annual,True,66.0,9933.0,4.0,A-9c18c4,4.0,2.0,0.0
A-9c18c4,Company_481,HealthTech,US,27-07-2023,ads,Pro,11,False,1,S-987539,A-9c18c4,20-12-2023,31-12-2026,Enterprise,19,3781,45372,False,False,False,False,monthly,True,43.0,14000.0,3.0,A-9c18c4,4.0,2.0,0.0
A-9c18c4,Company_481,HealthTech,US,27-07-2023,ads,Pro,11,False,1,S-1d661c,A-9c18c4,30-11-2023,31-12-2026,Enterprise,12,2388,28656,False,True,False,False,annual,True,38.0,14776.0,3.0,A-9c18c4,4.0,2.0,0.0
A-9c18c4,Company_481,HealthTech,US,27-07-2023,ads,Pro,11,False,1,S-16be20,A-9c18c4,03-03-2024,31-12-2026,Pro,11,539,6468,False,False,False,False,monthly,True,88.0,33641.0,5.0,A-9c18c4,4.0,2.0,0.0
A-9c18c4,Company_481,HealthTech,US,27-07-2023,ads,Pro,11,False,1,S-48d2b5,A-9c18c4,09-08-2023,14-10-2024,Basic,12,228,2736,False,False,False,True,monthly,True,76.0,19048.0,4.0,A-9c18c4,4.0,2.0,0.0
A-9c18c4,Company_481,HealthTech,US,27-07-2023,ads,Pro,11,False,1,S-b526e3,A-9c18c4,07-09-2024,31-12-2026,Enterprise,11,2189,26268,False,True,False,False,annual,True,50.0,16682.0,2.0,A-9c18c4,4.0,2.0,0.0
A-9c18c4,Company_481,HealthTech,US,27-07-2023,ads,Pro,11,False,1,S-f3979e,A-9c18c4,15-12-2023,31-12-2026,Pro,11,539,6468,False,False,False,False,annual,True,42.0,12024.0,2.0,A-9c18c4,4.0,2.0,0.0
A-cc8c8f,Company_482,DevTools,US,16-06-2024,ads,Enterprise,23,False,0,S-24796e,A-cc8c8f,27-11-2024,31-12-2026,Enterprise,23,4577,54924,False,False,False,False,annual,False,61.0,12773.0,3.0,A-cc8c8f,2.0,3.5,0.0
A-cc8c8f,Company_482,DevTools,US,16-06-2024,ads,Enterprise,23,False,0,S-a2b83d,A-cc8c8f,26-07-2024,31-12-2026,Basic,23,437,5244,False,False,False,False,annual,True,40.0,14878.0,1.0,A-cc8c8f,2.0,3.5,0.0
A-cc8c8f,Company_482,DevTools,US,16-06-2024,ads,Enterprise,23,False,0,S-0da8be,A-cc8c8f,16-07-2024,05-09-2024,Basic,23,0,0,True,False,False,True,monthly,True,9.0,2124.0,1.0,A-cc8c8f,2.0,3.5,0.0
A-cc8c8f,Company_482,DevTools,US,16-06-2024,ads,Enterprise,23,False,0,S-bc7cab,A-cc8c8f,19-12-2024,31-12-2026,Basic,48,0,0,True,False,True,False,annual,True,48.0,9685.0,4.0,A-cc8c8f,2.0,3.5,0.0
A-cc8c8f,Company_482,DevTools,US,16-06-2024,ads,Enterprise,23,False,0,S-526874,A-cc8c8f,17-12-2024,31-12-2026,Enterprise,23,4577,54924,False,False,False,False,annual,True,43.0,8739.0,3.0,A-cc8c8f,2.0,3.5,0.0
A-cc8c8f,Company_482,DevTools,US,16-06-2024,ads,Enterprise,23,False,0,S-497428,A-cc8c8f,07-10-2024,31-12-2026,Basic,23,437,5244,False,False,False,False,monthly,True,23.0,5449.0,1.0,A-cc8c8f,2.0,3.5,0.0
A-cc8c8f,Company_482,DevTools,US,16-06-2024,ads,Enterprise,23,False,0,S-0e43ad,A-cc8c8f,21-06-2024,31-12-2026,Enterprise,28,5572,66864,False,True,False,False,annual,True,44.0,13335.0,5.0,A-cc8c8f,2.0,3.5,0.0
A-5f7781,Company_483,DevTools,US,20-08-2024,other,Pro,22,False,0,S-a01aad,A-5f7781,14-10-2024,31-12-2026,Enterprise,22,4378,52536,False,False,False,False,monthly,True,69.0,20798.0,4.0,A-5f7781,2.0,2.0,0.0
A-5f7781,Company_483,DevTools,US,20-08-2024,other,Pro,22,False,0,S-f7234f,A-5f7781,27-08-2024,31-12-2026,Pro,85,0,0,True,False,False,False,monthly,False,32.0,16520.0,4.0,A-5f7781,2.0,2.0,0.0
A-5f7781,Company_483,DevTools,US,20-08-2024,other,Pro,22,False,0,S-b8a352,A-5f7781,07-09-2024,31-12-2026,Enterprise,22,4378,52536,False,False,False,False,annual,True,45.0,17130.0,0.0,A-5f7781,2.0,2.0,0.0
A-5f7781,Company_483,DevTools,US,20-08-2024,other,Pro,22,False,0,S-dbe2ac,A-5f7781,13-09-2024,31-12-2026,Basic,22,418,5016,False,True,False,False,annual,True,7.0,3759.0,0.0,A-5f7781,2.0,2.0,0.0
A-5f7781,Company_483,DevTools,US,20-08-2024,other,Pro,22,False,0,S-d0bb87,A-5f7781,07-12-2024,31-12-2026,Pro,22,1078,12936,False,False,False,False,annual,True,30.0,11298.0,2.0,A-5f7781,2.0,2.0,0.0
A-e1b9cd,Company_484,DevTools,US,26-02-2023,event,Pro,40,False,1,S-a14f63,A-e1b9cd,04-02-2024,31-12-2026,Enterprise,40,7960,95520,False,False,True,False,monthly,True,64.0,15564.0,2.0,A-e1b9cd,1.0,3.0,0.0
A-e1b9cd,Company_484,DevTools,US,26-02-2023,event,Pro,40,False,1,S-302856,A-e1b9cd,24-05-2023,25-08-2024,Basic,40,760,9120,False,False,False,True,annual,True,85.0,25021.0,6.0,A-e1b9cd,1.0,3.0,0.0
A-e1b9cd,Company_484,DevTools,US,26-02-2023,event,Pro,40,False,1,S-4eb120,A-e1b9cd,28-09-2024,31-12-2026,Basic,40,760,9120,False,False,False,False,monthly,True,77.0,28671.0,5.0,A-e1b9cd,1.0,3.0,0.0
A-e1b9cd,Company_484,DevTools,US,26-02-2023,event,Pro,40,False,1,S-81b6ee,A-e1b9cd,25-11-2023,31-12-2026,Pro,40,1960,23520,False,False,False,False,annual,False,31.0,9718.0,0.0,A-e1b9cd,1.0,3.0,0.0
A-e1b9cd,Company_484,DevTools,US,26-02-2023,event,Pro,40,False,1,S-d76f8b,A-e1b9cd,30-03-2024,31-12-2026,Basic,40,760,9120,False,False,False,False,annual,True,76.0,21345.0,6.0,A-e1b9cd,1.0,3.0,0.0
A-e1b9cd,Company_484,DevTools,US,26-02-2023,event,Pro,40,False,1,S-0891f1,A-e1b9cd,03-01-2024,31-12-2026,Basic,40,760,9120,False,False,True,False,annual,False,75.0,23959.0,11.0,A-e1b9cd,1.0,3.0,0.0
A-e1b9cd,Company_484,DevTools,US,26-02-2023,event,Pro,40,False,1,S-6c1ca6,A-e1b9cd,05-12-2024,31-12-2026,Pro,40,1960,23520,False,False,False,False,monthly,False,62.0,11285.0,1.0,A-e1b9cd,1.0,3.0,0.0
A-e1b9cd,Company_484,DevTools,US,26-02-2023,event,Pro,40,False,1,S-30fa6f,A-e1b9cd,21-03-2023,04-12-2024,Pro,40,1960,23520,False,False,False,True,monthly,True,18.0,3564.0,0.0,A-e1b9cd,1.0,3.0,0.0
A-e1b9cd,Company_484,DevTools,US,26-02-2023,event,Pro,40,False,1,S-21d7be,A-e1b9cd,09-01-2024,31-12-2026,Basic,40,760,9120,False,False,False,False,annual,True,19.0,10201.0,0.0,A-e1b9cd,1.0,3.0,0.0
A-e1b9cd,Company_484,DevTools,US,26-02-2023,event,Pro,40,False,1,S-66a625,A-e1b9cd,24-12-2024,31-12-2026,Pro,40,1960,23520,False,False,False,False,monthly,True,94.0,26960.0,8.0,A-e1b9cd,1.0,3.0,0.0
A-e1b9cd,Company_484,DevTools,US,26-02-2023,event,Pro,40,False,1,S-ed2593,A-e1b9cd,28-05-2023,31-12-2026,Pro,100,4900,58800,False,False,True,False,monthly,False,54.0,17182.0,1.0,A-e1b9cd,1.0,3.0,0.0
A-e1b9cd,Company_484,DevTools,US,26-02-2023,event,Pro,40,False,1,S-a97ab5,A-e1b9cd,28-09-2024,31-12-2026,Pro,40,0,0,True,False,False,False,annual,False,81.0,24959.0,4.0,A-e1b9cd,1.0,3.0,0.0
A-e1b9cd,Company_484,DevTools,US,26-02-2023,event,Pro,40,False,1,S-20f505,A-e1b9cd,05-11-2023,31-12-2026,Pro,78,3822,45864,False,False,False,False,annual,True,39.0,4538.0,2.0,A-e1b9cd,1.0,3.0,0.0
A-e1b9cd,Company_484,DevTools,US,26-02-2023,event,Pro,40,False,1,S-b04b73,A-e1b9cd,24-11-2023,27-06-2024,Enterprise,40,7960,95520,False,False,False,True,monthly,True,33.0,14673.0,1.0,A-e1b9cd,1.0,3.0,0.0
A-e1b9cd,Company_484,DevTools,US,26-02-2023,event,Pro,40,False,1,S-aef0c5,A-e1b9cd,22-05-2024,31-12-2026,Basic,40,760,9120,False,False,False,False,monthly,True,32.0,5976.0,0.0,A-e1b9cd,1.0,3.0,0.0
A-ac85cd,Company_485,EdTech,US,31-07-2024,partner,Enterprise,53,False,0,S-0cb6ed,A-ac85cd,09-11-2024,18-12-2024,Pro,53,2597,31164,False,False,False,True,annual,True,69.0,17238.0,7.0,A-ac85cd,3.0,2.3333333333333335,0.0
A-ac85cd,Company_485,EdTech,US,31-07-2024,partner,Enterprise,53,False,0,S-b35203,A-ac85cd,23-12-2024,31-12-2026,Enterprise,53,10547,126564,False,False,True,False,monthly,True,10.0,4250.0,0.0,A-ac85cd,3.0,2.3333333333333335,0.0
A-ac85cd,Company_485,EdTech,US,31-07-2024,partner,Enterprise,53,False,0,S-790762,A-ac85cd,24-12-2024,31-12-2026,Pro,53,2597,31164,False,False,False,False,monthly,True,45.0,17586.0,2.0,A-ac85cd,3.0,2.3333333333333335,0.0
A-ac85cd,Company_485,EdTech,US,31-07-2024,partner,Enterprise,53,False,0,S-e32789,A-ac85cd,13-10-2024,31-12-2026,Pro,53,2597,31164,False,False,True,False,annual,True,85.0,18913.0,4.0,A-ac85cd,3.0,2.3333333333333335,0.0
A-ac85cd,Company_485,EdTech,US,31-07-2024,partner,Enterprise,53,False,0,S-1dd0ad,A-ac85cd,11-11-2024,31-12-2026,Basic,53,1007,12084,False,True,False,False,monthly,True,42.0,14355.0,4.0,A-ac85cd,3.0,2.3333333333333335,0.0
A-ac85cd,Company_485,EdTech,US,31-07-2024,partner,Enterprise,53,False,0,S-653165,A-ac85cd,26-09-2024,13-12-2024,Basic,53,1007,12084,False,False,False,True,annual,True,31.0,3739.0,2.0,A-ac85cd,3.0,2.3333333333333335,0.0
A-ac85cd,Company_485,EdTech,US,31-07-2024,partner,Enterprise,53,False,0,S-f366b3,A-ac85cd,26-12-2024,31-12-2026,Pro,85,4165,49980,False,False,False,False,annual,True,49.0,10336.0,0.0,A-ac85cd,3.0,2.3333333333333335,0.0
A-ac85cd,Company_485,EdTech,US,31-07-2024,partner,Enterprise,53,False,0,S-56122a,A-ac85cd,30-11-2024,31-12-2026,Enterprise,61,12139,145668,False,False,False,False,annual,True,75.0,29898.0,1.0,A-ac85cd,3.0,2.3333333333333335,0.0
A-ac85cd,Company_485,EdTech,US,31-07-2024,partner,Enterprise,53,False,0,S-868325,A-ac85cd,02-08-2024,31-12-2026,Basic,53,1007,12084,False,False,False,False,monthly,True,76.0,20057.0,3.0,A-ac85cd,3.0,2.3333333333333335,0.0
A-ac85cd,Company_485,EdTech,US,31-07-2024,partner,Enterprise,53,False,0,S-6ce11a,A-ac85cd,03-12-2024,31-12-2026,Basic,53,1007,12084,False,False,False,False,annual,True,44.0,16566.0,1.0,A-ac85cd,3.0,2.3333333333333335,0.0
A-ac85cd,Company_485,EdTech,US,31-07-2024,partner,Enterprise,53,False,0,S-70b655,A-ac85cd,16-08-2024,31-12-2026,Pro,53,2597,31164,False,False,False,False,monthly,False,62.0,17283.0,5.0,A-ac85cd,3.0,2.3333333333333335,0.0
A-ac85cd,Company_485,EdTech,US,31-07-2024,partner,Enterprise,53,False,0,S-9d727d,A-ac85cd,09-12-2024,18-12-2024,Basic,53,0,0,True,False,False,True,monthly,True,46.0,5781.0,0.0,A-ac85cd,3.0,2.3333333333333335,0.0
A-d792a6,Company_486,DevTools,US,23-01-2023,organic,Enterprise,4,False,0,S-0b2ac3,A-d792a6,01-01-2024,31-12-2026,Basic,7,0,0,True,False,False,False,annual,True,27.0,4329.0,6.0,A-d792a6,5.0,1.6,0.0
A-d792a6,Company_486,DevTools,US,23-01-2023,organic,Enterprise,4,False,0,S-47ce2d,A-d792a6,06-02-2023,31-12-2026,Pro,37,1813,21756,False,False,False,False,monthly,True,49.0,11822.0,0.0,A-d792a6,5.0,1.6,0.0
A-d792a6,Company_486,DevTools,US,23-01-2023,organic,Enterprise,4,False,0,S-761a0f,A-d792a6,17-10-2024,31-12-2026,Enterprise,65,12935,155220,False,False,False,False,annual,True,45.0,6832.0,0.0,A-d792a6,5.0,1.6,0.0
A-d792a6,Company_486,DevTools,US,23-01-2023,organic,Enterprise,4,False,0,S-2fcf09,A-d792a6,27-09-2024,31-12-2026,Enterprise,58,0,0,True,False,False,False,monthly,True,43.0,13114.0,4.0,A-d792a6,5.0,1.6,0.0
A-d792a6,Company_486,DevTools,US,23-01-2023,organic,Enterprise,4,False,0,S-28d401,A-d792a6,03-09-2023,04-03-2024,Basic,5,95,1140,False,False,False,True,annual,True,45.0,11564.0,3.0,A-d792a6,5.0,1.6,0.0
A-d792a6,Company_486,DevTools,US,23-01-2023,organic,Enterprise,4,False,0,S-276555,A-d792a6,26-01-2024,31-12-2026,Pro,36,1764,21168,False,False,False,False,annual,True,11.0,2470.0,1.0,A-d792a6,5.0,1.6,0.0
A-d792a6,Company_486,DevTools,US,23-01-2023,organic,Enterprise,4,False,0,S-ea3c2c,A-d792a6,31-05-2023,31-12-2026,Enterprise,9,1791,21492,False,False,False,False,monthly,True,68.0,21004.0,7.0,A-d792a6,5.0,1.6,0.0
A-d792a6,Company_486,DevTools,US,23-01-2023,organic,Enterprise,4,False,0,S-a6f0f1,A-d792a6,26-04-2024,31-12-2026,Pro,4,196,2352,False,False,False,False,annual,True,38.0,8498.0,1.0,A-d792a6,5.0,1.6,0.0
A-d792a6,Company_486,DevTools,US,23-01-2023,organic,Enterprise,4,False,0,S-bc0806,A-d792a6,04-07-2024,31-12-2026,Enterprise,4,796,9552,False,False,False,False,monthly,True,52.0,21249.0,0.0,A-d792a6,5.0,1.6,0.0
A-d792a6,Company_486,DevTools,US,23-01-2023,organic,Enterprise,4,False,0,S-3f08d7,A-d792a6,13-10-2023,31-12-2026,Enterprise,4,796,9552,False,False,True,False,monthly,True,60.0,20566.0,6.0,A-d792a6,5.0,1.6,0.0
A-d792a6,Company_486,DevTools,US,23-01-2023,organic,Enterprise,4,False,0,S-45c47e,A-d792a6,01-08-2023,31-12-2026,Basic,21,399,4788,False,False,False,False,annual,True,46.0,11020.0,1.0,A-d792a6,5.0,1.6,0.0
A-d792a6,Company_486,DevTools,US,23-01-2023,organic,Enterprise,4,False,0,S-16cf6a,A-d792a6,21-04-2023,31-12-2026,Enterprise,12,2388,28656,False,False,False,False,annual,True,69.0,22116.0,3.0,A-d792a6,5.0,1.6,0.0
A-d792a6,Company_486,DevTools,US,23-01-2023,organic,Enterprise,4,False,0,S-78c894,A-d792a6,17-02-2023,31-12-2026,Basic,4,76,912,False,True,False,False,annual,True,51.0,20626.0,2.0,A-d792a6,5.0,1.6,0.0
A-d792a6,Company_486,DevTools,US,23-01-2023,organic,Enterprise,4,False,0,S-6b6cd7,A-d792a6,04-04-2023,31-12-2026,Enterprise,6,0,0,True,False,False,False,monthly,True,34.0,9388.0,0.0,A-d792a6,5.0,1.6,0.0
A-d792a6,Company_486,DevTools,US,23-01-2023,organic,Enterprise,4,False,0,S-535bd1,A-d792a6,18-03-2023,31-12-2026,Pro,9,0,0,True,False,False,False,monthly,False,52.0,18797.0,6.0,A-d792a6,5.0,1.6,0.0
A-ac9111,Company_487,HealthTech,US,12-08-2023,event,Pro,21,True,0,S-8b9889,A-ac9111,18-08-2024,31-12-2026,Pro,21,1029,12348,False,False,False,False,monthly,True,65.0,25711.0,5.0,A-ac9111,3.0,1.6666666666666667,0.0
A-ac9111,Company_487,HealthTech,US,12-08-2023,event,Pro,21,True,0,S-1cdd2c,A-ac9111,06-03-2024,31-12-2026,Pro,21,1029,12348,False,False,False,False,monthly,False,53.0,13401.0,4.0,A-ac9111,3.0,1.6666666666666667,0.0
A-ac9111,Company_487,HealthTech,US,12-08-2023,event,Pro,21,True,0,S-64bd69,A-ac9111,04-10-2023,31-12-2026,Basic,21,399,4788,False,False,False,False,annual,True,74.0,18122.0,4.0,A-ac9111,3.0,1.6666666666666667,0.0
A-ac9111,Company_487,HealthTech,US,12-08-2023,event,Pro,21,True,0,S-eac553,A-ac9111,06-09-2024,31-12-2026,Basic,28,532,6384,False,False,False,False,annual,True,31.0,5476.0,3.0,A-ac9111,3.0,1.6666666666666667,0.0
A-ac9111,Company_487,HealthTech,US,12-08-2023,event,Pro,21,True,0,S-a2da20,A-ac9111,13-11-2024,31-12-2026,Enterprise,32,6368,76416,False,False,False,False,monthly,True,10.0,4120.0,0.0,A-ac9111,3.0,1.6666666666666667,0.0
A-ac9111,Company_487,HealthTech,US,12-08-2023,event,Pro,21,True,0,S-d2863b,A-ac9111,04-10-2023,01-01-2024,Basic,21,399,4788,False,False,False,True,annual,True,96.0,19345.0,10.0,A-ac9111,3.0,1.6666666666666667,0.0
A-ac9111,Company_487,HealthTech,US,12-08-2023,event,Pro,21,True,0,S-8a74bb,A-ac9111,30-10-2024,31-12-2026,Enterprise,36,0,0,True,False,False,False,monthly,True,50.0,19983.0,4.0,A-ac9111,3.0,1.6666666666666667,0.0
A-ac9111,Company_487,HealthTech,US,12-08-2023,event,Pro,21,True,0,S-006fed,A-ac9111,09-10-2023,20-06-2024,Basic,21,399,4788,False,False,False,True,monthly,True,104.0,39033.0,0.0,A-ac9111,3.0,1.6666666666666667,0.0
A-ac9111,Company_487,HealthTech,US,12-08-2023,event,Pro,21,True,0,S-637b20,A-ac9111,18-02-2024,31-12-2026,Enterprise,56,0,0,True,False,False,False,monthly,True,24.0,7169.0,1.0,A-ac9111,3.0,1.6666666666666667,0.0
A-ac9111,Company_487,HealthTech,US,12-08-2023,event,Pro,21,True,0,S-b099ea,A-ac9111,21-12-2024,31-12-2026,Enterprise,21,4179,50148,False,False,False,False,monthly,True,26.0,10009.0,3.0,A-ac9111,3.0,1.6666666666666667,0.0
A-ac9111,Company_487,HealthTech,US,12-08-2023,event,Pro,21,True,0,S-549438,A-ac9111,07-07-2024,31-12-2026,Pro,23,1127,13524,False,False,False,False,annual,True,52.0,13087.0,0.0,A-ac9111,3.0,1.6666666666666667,0.0
A-ac9111,Company_487,HealthTech,US,12-08-2023,event,Pro,21,True,0,S-2fe6c0,A-ac9111,21-12-2024,31-12-2026,Basic,21,399,4788,False,False,False,False,annual,True,17.0,5605.0,3.0,A-ac9111,3.0,1.6666666666666667,0.0
A-ac9111,Company_487,HealthTech,US,12-08-2023,event,Pro,21,True,0,S-6485d5,A-ac9111,16-06-2024,31-12-2026,Enterprise,21,4179,50148,False,False,False,False,monthly,True,30.0,8783.0,0.0,A-ac9111,3.0,1.6666666666666667,0.0
A-ac9111,Company_487,HealthTech,US,12-08-2023,event,Pro,21,True,0,S-1e5fd7,A-ac9111,18-10-2024,31-12-2026,Basic,21,399,4788,False,False,False,False,monthly,True,61.0,22855.0,1.0,A-ac9111,3.0,1.6666666666666667,0.0
A-ac9111,Company_487,HealthTech,US,12-08-2023,event,Pro,21,True,0,S-82df6c,A-ac9111,06-09-2023,31-12-2026,Pro,41,2009,24108,False,False,True,False,annual,True,89.0,28206.0,7.0,A-ac9111,3.0,1.6666666666666667,0.0
A-ac9111,Company_487,HealthTech,US,12-08-2023,event,Pro,21,True,0,S-d2932e,A-ac9111,26-08-2024,31-12-2026,Enterprise,21,4179,50148,False,False,False,False,annual,False,26.0,13425.0,1.0,A-ac9111,3.0,1.6666666666666667,0.0
A-18793f,Company_488,EdTech,US,18-12-2024,organic,Basic,148,True,0,S-e2d4e9,A-18793f,30-12-2024,31-12-2026,Basic,148,0,0,True,True,False,False,monthly,True,53.0,19874.0,0.0,A-18793f,5.0,3.8,0.0
A-18793f,Company_488,EdTech,US,18-12-2024,organic,Basic,148,True,0,S-88de1c,A-18793f,24-12-2024,31-12-2026,Basic,148,2812,33744,False,False,False,False,annual,True,31.0,13188.0,0.0,A-18793f,5.0,3.8,0.0
A-18793f,Company_488,EdTech,US,18-12-2024,organic,Basic,148,True,0,S-429220,A-18793f,29-12-2024,31-12-2026,Pro,148,7252,87024,False,False,False,False,monthly,True,32.0,12927.0,2.0,A-18793f,5.0,3.8,0.0
A-18793f,Company_488,EdTech,US,18-12-2024,organic,Basic,148,True,0,S-198dbe,A-18793f,19-12-2024,31-12-2026,Pro,148,7252,87024,False,False,False,False,monthly,True,101.0,33594.0,2.0,A-18793f,5.0,3.8,0.0
A-18793f,Company_488,EdTech,US,18-12-2024,organic,Basic,148,True,0,S-58a7c0,A-18793f,24-12-2024,31-12-2026,Enterprise,148,0,0,True,False,False,False,monthly,True,24.0,5511.0,2.0,A-18793f,5.0,3.8,0.0
A-18793f,Company_488,EdTech,US,18-12-2024,organic,Basic,148,True,0,S-2fd486,A-18793f,29-12-2024,31-12-2026,Pro,148,7252,87024,False,False,False,False,annual,True,12.0,1068.0,0.0,A-18793f,5.0,3.8,0.0
A-18793f,Company_488,EdTech,US,18-12-2024,organic,Basic,148,True,0,S-155b3e,A-18793f,19-12-2024,31-12-2026,Enterprise,148,29452,353424,False,False,False,False,annual,False,48.0,22906.0,5.0,A-18793f,5.0,3.8,0.0
A-18793f,Company_488,EdTech,US,18-12-2024,organic,Basic,148,True,0,S-ad8908,A-18793f,19-12-2024,31-12-2026,Pro,148,7252,87024,False,False,False,False,annual,False,27.0,8103.0,0.0,A-18793f,5.0,3.8,0.0
A-18793f,Company_488,EdTech,US,18-12-2024,organic,Basic,148,True,0,S-51cb35,A-18793f,20-12-2024,29-12-2024,Basic,148,2812,33744,False,False,False,True,annual,True,67.0,23583.0,1.0,A-18793f,5.0,3.8,0.0
A-18793f,Company_488,EdTech,US,18-12-2024,organic,Basic,148,True,0,S-e854de,A-18793f,25-12-2024,31-12-2026,Pro,148,7252,87024,False,False,False,False,monthly,True,77.0,25932.0,8.0,A-18793f,5.0,3.8,0.0
A-18793f,Company_488,EdTech,US,18-12-2024,organic,Basic,148,True,0,S-74f146,A-18793f,23-12-2024,31-12-2026,Pro,148,7252,87024,False,False,False,False,monthly,True,14.0,1624.0,0.0,A-18793f,5.0,3.8,0.0
A-9f0b68,Company_489,EdTech,US,28-04-2024,ads,Basic,10,False,0,S-ba8c46,A-9f0b68,16-10-2024,31-12-2026,Pro,18,882,10584,False,True,False,False,monthly,True,74.0,24284.0,3.0,A-9f0b68,3.0,1.0,0.0
A-9f0b68,Company_489,EdTech,US,28-04-2024,ads,Basic,10,False,0,S-9740c1,A-9f0b68,14-06-2024,31-12-2026,Enterprise,10,1990,23880,False,False,False,False,monthly,True,67.0,20440.0,1.0,A-9f0b68,3.0,1.0,0.0
A-9f0b68,Company_489,EdTech,US,28-04-2024,ads,Basic,10,False,0,S-b40b4d,A-9f0b68,09-08-2024,31-12-2026,Basic,36,684,8208,False,False,False,False,monthly,True,54.0,15001.0,3.0,A-9f0b68,3.0,1.0,0.0
A-9f0b68,Company_489,EdTech,US,28-04-2024,ads,Basic,10,False,0,S-124336,A-9f0b68,30-11-2024,31-12-2026,Pro,18,0,0,True,True,False,False,annual,True,48.0,14600.0,2.0,A-9f0b68,3.0,1.0,0.0
A-9f0b68,Company_489,EdTech,US,28-04-2024,ads,Basic,10,False,0,S-94009b,A-9f0b68,08-10-2024,31-12-2026,Enterprise,10,1990,23880,False,False,True,False,annual,True,8.0,1512.0,0.0,A-9f0b68,3.0,1.0,0.0
A-9f0b68,Company_489,EdTech,US,28-04-2024,ads,Basic,10,False,0,S-6522e4,A-9f0b68,17-05-2024,31-12-2026,Basic,22,418,5016,False,False,False,False,annual,False,71.0,24201.0,1.0,A-9f0b68,3.0,1.0,0.0
A-9f0b68,Company_489,EdTech,US,28-04-2024,ads,Basic,10,False,0,S-115823,A-9f0b68,02-10-2024,31-12-2026,Enterprise,15,2985,35820,False,False,False,False,monthly,False,130.0,38268.0,13.0,A-9f0b68,3.0,1.0,0.0
A-9f0b68,Company_489,EdTech,US,28-04-2024,ads,Basic,10,False,0,S-131064,A-9f0b68,19-10-2024,31-12-2026,Enterprise,34,6766,81192,False,False,False,False,annual,True,79.0,19203.0,2.0,A-9f0b68,3.0,1.0,0.0
A-9f0b68,Company_489,EdTech,US,28-04-2024,ads,Basic,10,False,0,S-fcab86,A-9f0b68,04-08-2024,31-12-2026,Enterprise,17,3383,40596,False,False,False,False,annual,True,58.0,6163.0,0.0,A-9f0b68,3.0,1.0,0.0
A-9f0b68,Company_489,EdTech,US,28-04-2024,ads,Basic,10,False,0,S-0268ba,A-9f0b68,20-07-2024,31-12-2026,Enterprise,33,6567,78804,False,False,False,False,annual,True,77.0,16930.0,5.0,A-9f0b68,3.0,1.0,0.0
A-9f0b68,Company_489,EdTech,US,28-04-2024,ads,Basic,10,False,0,S-b7d99d,A-9f0b68,28-11-2024,31-12-2026,Basic,14,266,3192,False,False,False,False,annual,True,24.0,8765.0,0.0,A-9f0b68,3.0,1.0,0.0
A-9f0b68,Company_489,EdTech,US,28-04-2024,ads,Basic,10,False,0,S-10ab8d,A-9f0b68,02-09-2024,31-12-2026,Enterprise,13,2587,31044,False,False,False,False,annual,False,19.0,4756.0,3.0,A-9f0b68,3.0,1.0,0.0
A-d3c88e,Company_490,DevTools,US,18-10-2024,event,Pro,16,False,0,S-80c01c,A-d3c88e,16-12-2024,31-12-2026,Basic,16,304,3648,False,True,False,False,annual,True,29.0,5383.0,4.0,A-d3c88e,3.0,1.3333333333333333,0.0
A-d3c88e,Company_490,DevTools,US,18-10-2024,event,Pro,16,False,0,S-872bdd,A-d3c88e,23-10-2024,31-12-2026,Enterprise,16,3184,38208,False,False,False,False,annual,True,80.0,17155.0,0.0,A-d3c88e,3.0,1.3333333333333333,0.0
A-d3c88e,Company_490,DevTools,US,18-10-2024,event,Pro,16,False,0,S-9d78e2,A-d3c88e,28-12-2024,31-12-2026,Enterprise,47,9353,112236,False,False,False,False,monthly,True,38.0,10271.0,2.0,A-d3c88e,3.0,1.3333333333333333,0.0
A-d3c88e,Company_490,DevTools,US,18-10-2024,event,Pro,16,False,0,S-5488ba,A-d3c88e,13-12-2024,31-12-2026,Enterprise,16,3184,38208,False,False,False,False,annual,True,56.0,16341.0,4.0,A-d3c88e,3.0,1.3333333333333333,0.0
A-d3c88e,Company_490,DevTools,US,18-10-2024,event,Pro,16,False,0,S-b5d3cc,A-d3c88e,29-12-2024,31-12-2026,Enterprise,16,3184,38208,False,False,False,False,monthly,True,60.0,21082.0,10.0,A-d3c88e,3.0,1.3333333333333333,0.0
A-d3c88e,Company_490,DevTools,US,18-10-2024,event,Pro,16,False,0,S-9dbe8c,A-d3c88e,27-10-2024,31-12-2026,Basic,16,0,0,True,False,False,False,monthly,True,45.0,15202.0,5.0,A-d3c88e,3.0,1.3333333333333333,0.0
A-d3c88e,Company_490,DevTools,US,18-10-2024,event,Pro,16,False,0,S-1dfa14,A-d3c88e,19-11-2024,31-12-2026,Enterprise,16,3184,38208,False,False,False,False,annual,False,31.0,14735.0,4.0,A-d3c88e,3.0,1.3333333333333333,0.0
A-d3c88e,Company_490,DevTools,US,18-10-2024,event,Pro,16,False,0,S-ad1e4a,A-d3c88e,01-11-2024,31-12-2026,Basic,16,0,0,True,True,False,False,monthly,True,52.0,13985.0,7.0,A-d3c88e,3.0,1.3333333333333333,0.0
A-d3c88e,Company_490,DevTools,US,18-10-2024,event,Pro,16,False,0,S-7c1eb9,A-d3c88e,24-12-2024,31-12-2026,Basic,21,399,4788,False,False,False,False,annual,False,17.0,9435.0,0.0,A-d3c88e,3.0,1.3333333333333333,0.0
A-d3c88e,Company_490,DevTools,US,18-10-2024,event,Pro,16,False,0,S-96e3e8,A-d3c88e,10-12-2024,31-12-2026,Basic,16,304,3648,False,True,False,False,monthly,True,41.0,20851.0,2.0,A-d3c88e,3.0,1.3333333333333333,0.0
A-d3c88e,Company_490,DevTools,US,18-10-2024,event,Pro,16,False,0,S-fae334,A-d3c88e,03-12-2024,31-12-2026,Pro,31,1519,18228,False,False,False,False,monthly,False,70.0,19351.0,1.0,A-d3c88e,3.0,1.3333333333333333,0.0
A-d3c88e,Company_490,DevTools,US,18-10-2024,event,Pro,16,False,0,S-5ca0fe,A-d3c88e,02-11-2024,31-12-2026,Pro,16,784,9408,False,False,False,False,monthly,False,61.0,22080.0,3.0,A-d3c88e,3.0,1.3333333333333333,0.0
A-d3c88e,Company_490,DevTools,US,18-10-2024,event,Pro,16,False,0,S-0ea795,A-d3c88e,27-10-2024,31-12-2026,Pro,16,784,9408,False,False,False,False,annual,True,64.0,18612.0,6.0,A-d3c88e,3.0,1.3333333333333333,0.0
A-ccb686,Company_491,DevTools,US,22-01-2024,other,Basic,10,False,0,S-36f6ec,A-ccb686,16-08-2024,31-12-2026,Pro,21,1029,12348,False,True,False,False,monthly,True,34.0,11945.0,0.0,A-ccb686,1.0,4.0,0.0
A-ccb686,Company_491,DevTools,US,22-01-2024,other,Basic,10,False,0,S-c4aa5f,A-ccb686,28-02-2024,31-12-2026,Pro,52,2548,30576,False,False,False,False,annual,False,64.0,17997.0,7.0,A-ccb686,1.0,4.0,0.0
A-ccb686,Company_491,DevTools,US,22-01-2024,other,Basic,10,False,0,S-8f7c91,A-ccb686,11-12-2024,31-12-2026,Basic,11,209,2508,False,False,False,False,annual,True,81.0,23231.0,7.0,A-ccb686,1.0,4.0,0.0
A-ccb686,Company_491,DevTools,US,22-01-2024,other,Basic,10,False,0,S-951de6,A-ccb686,04-05-2024,10-10-2024,Basic,10,190,2280,False,False,False,True,annual,True,69.0,20754.0,5.0,A-ccb686,1.0,4.0,0.0
A-ccb686,Company_491,DevTools,US,22-01-2024,other,Basic,10,False,0,S-8fcce1,A-ccb686,20-06-2024,31-12-2026,Pro,19,931,11172,False,False,True,False,monthly,True,86.0,29849.0,5.0,A-ccb686,1.0,4.0,0.0
A-ccb686,Company_491,DevTools,US,22-01-2024,other,Basic,10,False,0,S-af5a51,A-ccb686,22-08-2024,31-12-2026,Enterprise,53,10547,126564,False,True,False,False,annual,True,34.0,4860.0,1.0,A-ccb686,1.0,4.0,0.0
A-ccb686,Company_491,DevTools,US,22-01-2024,other,Basic,10,False,0,S-3c4cae,A-ccb686,06-10-2024,31-12-2026,Pro,29,1421,17052,False,True,False,False,annual,True,60.0,20249.0,3.0,A-ccb686,1.0,4.0,0.0
A-ccb686,Company_491,DevTools,US,22-01-2024,other,Basic,10,False,0,S-b8097b,A-ccb686,17-04-2024,31-12-2026,Pro,34,0,0,True,False,False,False,monthly,False,57.0,12417.0,4.0,A-ccb686,1.0,4.0,0.0
A-ccb686,Company_491,DevTools,US,22-01-2024,other,Basic,10,False,0,S-c318ea,A-ccb686,17-08-2024,31-12-2026,Enterprise,10,1990,23880,False,False,False,False,monthly,True,41.0,12161.0,1.0,A-ccb686,1.0,4.0,0.0
A-ccb686,Company_491,DevTools,US,22-01-2024,other,Basic,10,False,0,S-f4a92a,A-ccb686,02-02-2024,31-12-2026,Pro,14,686,8232,False,False,False,False,annual,False,17.0,5156.0,0.0,A-ccb686,1.0,4.0,0.0
A-ccb686,Company_491,DevTools,US,22-01-2024,other,Basic,10,False,0,S-2e1ceb,A-ccb686,23-03-2024,31-12-2026,Enterprise,12,0,0,True,True,False,False,annual,False,97.0,26259.0,8.0,A-ccb686,1.0,4.0,0.0
A-ccb686,Company_491,DevTools,US,22-01-2024,other,Basic,10,False,0,S-71fc3d,A-ccb686,06-12-2024,31-12-2026,Enterprise,10,1990,23880,False,False,False,False,monthly,True,81.0,18970.0,5.0,A-ccb686,1.0,4.0,0.0
A-118f1c,Company_492,Cybersecurity,US,31-10-2024,other,Pro,32,False,0,S-2c1ca6,A-118f1c,11-11-2024,31-12-2026,Enterprise,32,6368,76416,False,False,False,False,monthly,False,44.0,4828.0,2.0,A-118f1c,1.0,3.0,0.0
A-118f1c,Company_492,Cybersecurity,US,31-10-2024,other,Pro,32,False,0,S-05eff5,A-118f1c,23-12-2024,31-12-2026,Basic,32,608,7296,False,False,False,False,monthly,True,56.0,12687.0,2.0,A-118f1c,1.0,3.0,0.0
A-118f1c,Company_492,Cybersecurity,US,31-10-2024,other,Pro,32,False,0,S-3fb8f4,A-118f1c,28-12-2024,31-12-2026,Enterprise,32,6368,76416,False,False,False,False,annual,False,46.0,17129.0,0.0,A-118f1c,1.0,3.0,0.0
A-118f1c,Company_492,Cybersecurity,US,31-10-2024,other,Pro,32,False,0,S-eff39c,A-118f1c,31-10-2024,31-12-2026,Enterprise,32,6368,76416,False,False,False,False,annual,True,34.0,8536.0,4.0,A-118f1c,1.0,3.0,0.0
A-118f1c,Company_492,Cybersecurity,US,31-10-2024,other,Pro,32,False,0,S-efcb1e,A-118f1c,10-12-2024,31-12-2026,Pro,32,0,0,True,False,False,False,annual,True,28.0,8834.0,1.0,A-118f1c,1.0,3.0,0.0
A-118f1c,Company_492,Cybersecurity,US,31-10-2024,other,Pro,32,False,0,S-42671b,A-118f1c,11-12-2024,31-12-2026,Enterprise,32,6368,76416,False,False,False,False,annual,True,59.0,11240.0,2.0,A-118f1c,1.0,3.0,0.0
A-118f1c,Company_492,Cybersecurity,US,31-10-2024,other,Pro,32,False,0,S-9f8b23,A-118f1c,24-12-2024,26-12-2024,Enterprise,128,25472,305664,False,False,False,True,annual,True,53.0,20202.0,2.0,A-118f1c,1.0,3.0,0.0
A-118f1c,Company_492,Cybersecurity,US,31-10-2024,other,Pro,32,False,0,S-7e09c4,A-118f1c,21-12-2024,31-12-2024,Basic,32,608,7296,False,False,False,True,annual,False,49.0,13360.0,1.0,A-118f1c,1.0,3.0,0.0
A-0e966d,Company_493,FinTech,IN,25-06-2024,ads,Basic,11,False,1,S-b042d9,A-0e966d,15-11-2024,31-12-2026,Enterprise,11,2189,26268,False,False,False,False,annual,True,105.0,32488.0,7.0,A-0e966d,3.0,3.0,1.0
A-0e966d,Company_493,FinTech,IN,25-06-2024,ads,Basic,11,False,1,S-df2fb8,A-0e966d,17-08-2024,31-12-2026,Pro,55,0,0,True,False,False,False,annual,True,34.0,15129.0,0.0,A-0e966d,3.0,3.0,1.0
A-0e966d,Company_493,FinTech,IN,25-06-2024,ads,Basic,11,False,1,S-0b25d7,A-0e966d,30-10-2024,31-12-2026,Basic,22,418,5016,False,False,False,False,monthly,True,45.0,16047.0,0.0,A-0e966d,3.0,3.0,1.0
A-0e966d,Company_493,FinTech,IN,25-06-2024,ads,Basic,11,False,1,S-9395a2,A-0e966d,05-09-2024,31-12-2026,Basic,11,209,2508,False,False,False,False,monthly,True,70.0,18726.0,3.0,A-0e966d,3.0,3.0,1.0
A-0e966d,Company_493,FinTech,IN,25-06-2024,ads,Basic,11,False,1,S-604bd0,A-0e966d,27-10-2024,31-12-2026,Pro,57,2793,33516,False,False,False,False,monthly,False,63.0,17230.0,4.0,A-0e966d,3.0,3.0,1.0
A-0e966d,Company_493,FinTech,IN,25-06-2024,ads,Basic,11,False,1,S-62c824,A-0e966d,26-11-2024,30-11-2024,Basic,11,209,2508,False,False,False,True,annual,True,37.0,12236.0,4.0,A-0e966d,3.0,3.0,1.0
A-0e966d,Company_493,FinTech,IN,25-06-2024,ads,Basic,11,False,1,S-c43a91,A-0e966d,06-09-2024,31-12-2026,Pro,13,637,7644,False,False,False,False,annual,True,39.0,12830.0,2.0,A-0e966d,3.0,3.0,1.0
A-0e966d,Company_493,FinTech,IN,25-06-2024,ads,Basic,11,False,1,S-3ca6d2,A-0e966d,11-11-2024,31-12-2026,Basic,35,665,7980,False,False,False,False,monthly,True,64.0,22345.0,3.0,A-0e966d,3.0,3.0,1.0
A-0e966d,Company_493,FinTech,IN,25-06-2024,ads,Basic,11,False,1,S-63d104,A-0e966d,03-09-2024,31-12-2026,Basic,11,209,2508,False,False,False,False,annual,True,18.0,7608.0,0.0,A-0e966d,3.0,3.0,1.0
A-0e966d,Company_493,FinTech,IN,25-06-2024,ads,Basic,11,False,1,S-b420be,A-0e966d,30-06-2024,31-12-2026,Enterprise,23,4577,54924,False,False,False,False,annual,True,69.0,25588.0,6.0,A-0e966d,3.0,3.0,1.0
A-0e966d,Company_493,FinTech,IN,25-06-2024,ads,Basic,11,False,1,S-d6dc7a,A-0e966d,02-10-2024,31-12-2026,Pro,11,539,6468,False,False,False,False,monthly,False,92.0,17458.0,5.0,A-0e966d,3.0,3.0,1.0
A-b9f5b1,Company_494,Cybersecurity,US,24-01-2023,other,Pro,15,True,0,S-3a28a1,A-b9f5b1,25-07-2024,31-12-2026,Enterprise,15,2985,35820,False,False,False,False,annual,True,74.0,21258.0,3.0,A-b9f5b1,6.0,3.3333333333333335,1.0
A-b9f5b1,Company_494,Cybersecurity,US,24-01-2023,other,Pro,15,True,0,S-65071f,A-b9f5b1,11-08-2024,31-12-2026,Basic,43,817,9804,False,False,False,False,monthly,True,56.0,15658.0,2.0,A-b9f5b1,6.0,3.3333333333333335,1.0
A-b9f5b1,Company_494,Cybersecurity,US,24-01-2023,other,Pro,15,True,0,S-b22602,A-b9f5b1,04-05-2024,29-09-2024,Enterprise,39,0,0,True,False,False,True,annual,True,11.0,2145.0,0.0,A-b9f5b1,6.0,3.3333333333333335,1.0
A-b9f5b1,Company_494,Cybersecurity,US,24-01-2023,other,Pro,15,True,0,S-869bba,A-b9f5b1,31-10-2023,31-12-2026,Enterprise,15,0,0,True,False,False,False,annual,False,80.0,30783.0,2.0,A-b9f5b1,6.0,3.3333333333333335,1.0
A-b9f5b1,Company_494,Cybersecurity,US,24-01-2023,other,Pro,15,True,0,S-e78c09,A-b9f5b1,15-10-2024,31-12-2026,Enterprise,15,2985,35820,False,False,False,False,annual,True,12.0,3048.0,2.0,A-b9f5b1,6.0,3.3333333333333335,1.0
A-b9f5b1,Company_494,Cybersecurity,US,24-01-2023,other,Pro,15,True,0,S-12f05a,A-b9f5b1,23-06-2024,31-12-2026,Basic,15,285,3420,False,False,False,False,annual,False,50.0,13302.0,3.0,A-b9f5b1,6.0,3.3333333333333335,1.0
A-b9f5b1,Company_494,Cybersecurity,US,24-01-2023,other,Pro,15,True,0,S-2ad954,A-b9f5b1,12-03-2023,31-12-2026,Enterprise,42,0,0,True,False,False,False,monthly,True,24.0,4382.0,0.0,A-b9f5b1,6.0,3.3333333333333335,1.0
A-8ae3fc,Company_495,DevTools,CA,28-06-2024,ads,Pro,9,False,0,S-428e9a,A-8ae3fc,12-10-2024,31-12-2026,Enterprise,88,0,0,True,False,False,False,monthly,True,37.0,15929.0,4.0,A-8ae3fc,4.0,1.75,0.0
A-8ae3fc,Company_495,DevTools,CA,28-06-2024,ads,Pro,9,False,0,S-e505c1,A-8ae3fc,17-09-2024,31-12-2026,Pro,34,1666,19992,False,False,False,False,annual,True,82.0,22178.0,7.0,A-8ae3fc,4.0,1.75,0.0
A-8ae3fc,Company_495,DevTools,CA,28-06-2024,ads,Pro,9,False,0,S-121b4d,A-8ae3fc,22-11-2024,31-12-2026,Basic,9,171,2052,False,False,False,False,annual,True,39.0,7290.0,2.0,A-8ae3fc,4.0,1.75,0.0
A-8ae3fc,Company_495,DevTools,CA,28-06-2024,ads,Pro,9,False,0,S-89c03a,A-8ae3fc,20-09-2024,31-12-2026,Pro,9,441,5292,False,False,False,False,monthly,True,46.0,15561.0,8.0,A-8ae3fc,4.0,1.75,0.0
A-8ae3fc,Company_495,DevTools,CA,28-06-2024,ads,Pro,9,False,0,S-7456c5,A-8ae3fc,09-09-2024,31-12-2026,Basic,9,171,2052,False,False,False,False,monthly,True,32.0,11417.0,2.0,A-8ae3fc,4.0,1.75,0.0
A-8ae3fc,Company_495,DevTools,CA,28-06-2024,ads,Pro,9,False,0,S-90e2d7,A-8ae3fc,17-07-2024,31-12-2026,Basic,31,589,7068,False,False,False,False,annual,True,51.0,20040.0,0.0,A-8ae3fc,4.0,1.75,0.0
A-8ae3fc,Company_495,DevTools,CA,28-06-2024,ads,Pro,9,False,0,S-9a3e85,A-8ae3fc,06-08-2024,31-12-2026,Pro,21,1029,12348,False,False,False,False,annual,True,84.0,32625.0,7.0,A-8ae3fc,4.0,1.75,0.0
A-8ae3fc,Company_495,DevTools,CA,28-06-2024,ads,Pro,9,False,0,S-f20079,A-8ae3fc,16-12-2024,31-12-2026,Basic,20,380,4560,False,False,False,False,monthly,True,31.0,5202.0,0.0,A-8ae3fc,4.0,1.75,0.0
A-55f257,Company_496,FinTech,US,21-12-2023,organic,Basic,9,False,0,S-f0a2e5,A-55f257,05-06-2024,31-12-2026,Basic,23,0,0,True,False,False,False,annual,True,49.0,16855.0,2.0,A-55f257,6.0,3.3333333333333335,0.0
A-55f257,Company_496,FinTech,US,21-12-2023,organic,Basic,9,False,0,S-c3bf1d,A-55f257,15-03-2024,31-12-2026,Pro,9,441,5292,False,False,False,False,annual,True,74.0,19044.0,3.0,A-55f257,6.0,3.3333333333333335,0.0
A-55f257,Company_496,FinTech,US,21-12-2023,organic,Basic,9,False,0,S-da8d5f,A-55f257,06-03-2024,31-12-2026,Pro,14,686,8232,False,False,False,False,monthly,True,50.0,12992.0,2.0,A-55f257,6.0,3.3333333333333335,0.0
A-55f257,Company_496,FinTech,US,21-12-2023,organic,Basic,9,False,0,S-caec41,A-55f257,24-01-2024,31-12-2026,Enterprise,23,4577,54924,False,True,False,False,annual,True,23.0,5477.0,4.0,A-55f257,6.0,3.3333333333333335,0.0
A-55f257,Company_496,FinTech,US,21-12-2023,organic,Basic,9,False,0,S-6ca5ab,A-55f257,31-07-2024,31-12-2026,Basic,14,0,0,True,False,False,False,annual,True,44.0,10845.0,3.0,A-55f257,6.0,3.3333333333333335,0.0
A-55f257,Company_496,FinTech,US,21-12-2023,organic,Basic,9,False,0,S-162e73,A-55f257,12-01-2024,31-12-2026,Enterprise,38,0,0,True,False,False,False,annual,True,42.0,12985.0,1.0,A-55f257,6.0,3.3333333333333335,0.0
A-55f257,Company_496,FinTech,US,21-12-2023,organic,Basic,9,False,0,S-89c6dc,A-55f257,29-06-2024,31-12-2026,Pro,24,1176,14112,False,True,False,False,annual,True,57.0,19388.0,4.0,A-55f257,6.0,3.3333333333333335,0.0
A-55f257,Company_496,FinTech,US,21-12-2023,organic,Basic,9,False,0,S-0a8acf,A-55f257,16-02-2024,31-12-2026,Pro,13,637,7644,False,True,False,False,monthly,True,46.0,15521.0,2.0,A-55f257,6.0,3.3333333333333335,0.0
A-55f257,Company_496,FinTech,US,21-12-2023,organic,Basic,9,False,0,S-19edee,A-55f257,19-08-2024,31-12-2026,Enterprise,21,4179,50148,False,False,False,False,monthly,False,55.0,22365.0,0.0,A-55f257,6.0,3.3333333333333335,0.0
A-55f257,Company_496,FinTech,US,21-12-2023,organic,Basic,9,False,0,S-80fa36,A-55f257,18-01-2024,31-12-2026,Pro,9,441,5292,False,False,False,False,monthly,False,36.0,10500.0,4.0,A-55f257,6.0,3.3333333333333335,0.0
A-d26ab4,Company_497,DevTools,UK,07-11-2024,organic,Basic,9,False,1,S-6d12c1,A-d26ab4,20-11-2024,31-12-2026,Basic,11,209,2508,False,False,False,False,monthly,True,56.0,14053.0,1.0,A-d26ab4,2.0,2.0,0.0
A-d26ab4,Company_497,DevTools,UK,07-11-2024,organic,Basic,9,False,1,S-cc964d,A-d26ab4,21-11-2024,31-12-2026,Basic,15,0,0,True,False,False,False,annual,True,74.0,24841.0,5.0,A-d26ab4,2.0,2.0,0.0
A-d26ab4,Company_497,DevTools,UK,07-11-2024,organic,Basic,9,False,1,S-e561b9,A-d26ab4,13-11-2024,30-11-2024,Pro,18,882,10584,False,False,True,True,monthly,True,49.0,10348.0,3.0,A-d26ab4,2.0,2.0,0.0
A-d26ab4,Company_497,DevTools,UK,07-11-2024,organic,Basic,9,False,1,S-e60ba0,A-d26ab4,18-11-2024,31-12-2026,Pro,62,0,0,True,False,False,False,annual,False,50.0,18622.0,1.0,A-d26ab4,2.0,2.0,0.0
A-d26ab4,Company_497,DevTools,UK,07-11-2024,organic,Basic,9,False,1,S-1a0f22,A-d26ab4,20-12-2024,31-12-2026,Enterprise,18,3582,42984,False,False,False,False,monthly,True,59.0,13262.0,3.0,A-d26ab4,2.0,2.0,0.0
A-d26ab4,Company_497,DevTools,UK,07-11-2024,organic,Basic,9,False,1,S-1be5a9,A-d26ab4,21-11-2024,31-12-2026,Enterprise,27,5373,64476,False,False,False,False,monthly,True,54.0,16224.0,1.0,A-d26ab4,2.0,2.0,0.0
A-d26ab4,Company_497,DevTools,UK,07-11-2024,organic,Basic,9,False,1,S-86571c,A-d26ab4,27-12-2024,31-12-2026,Enterprise,33,6567,78804,False,False,False,False,monthly,True,21.0,8628.0,4.0,A-d26ab4,2.0,2.0,0.0
A-d26ab4,Company_497,DevTools,UK,07-11-2024,organic,Basic,9,False,1,S-15a897,A-d26ab4,08-11-2024,31-12-2026,Enterprise,9,0,0,True,False,False,False,annual,False,50.0,7209.0,2.0,A-d26ab4,2.0,2.0,0.0
A-d26ab4,Company_497,DevTools,UK,07-11-2024,organic,Basic,9,False,1,S-c288ef,A-d26ab4,09-12-2024,31-12-2026,Pro,9,0,0,True,False,False,False,annual,True,45.0,8192.0,4.0,A-d26ab4,2.0,2.0,0.0
A-712533,Company_498,EdTech,US,31-07-2023,organic,Pro,18,False,0,S-80c291,A-712533,06-01-2024,31-12-2026,Enterprise,18,3582,42984,False,False,False,False,annual,True,19.0,5649.0,2.0,A-712533,5.0,3.0,0.0
A-712533,Company_498,EdTech,US,31-07-2023,organic,Pro,18,False,0,S-e72beb,A-712533,26-10-2024,31-12-2026,Pro,70,3430,41160,False,True,False,False,annual,True,34.0,14967.0,2.0,A-712533,5.0,3.0,0.0
A-712533,Company_498,EdTech,US,31-07-2023,organic,Pro,18,False,0,S-24a63d,A-712533,23-11-2023,31-12-2026,Basic,36,684,8208,False,False,False,False,annual,True,43.0,13230.0,0.0,A-712533,5.0,3.0,0.0
A-712533,Company_498,EdTech,US,31-07-2023,organic,Pro,18,False,0,S-e1ee60,A-712533,18-11-2024,31-12-2026,Enterprise,18,3582,42984,False,False,False,False,monthly,True,91.0,30846.0,8.0,A-712533,5.0,3.0,0.0
A-712533,Company_498,EdTech,US,31-07-2023,organic,Pro,18,False,0,S-906b0c,A-712533,05-12-2024,31-12-2026,Pro,18,882,10584,False,False,False,False,monthly,False,12.0,5256.0,0.0,A-712533,5.0,3.0,0.0
A-712533,Company_498,EdTech,US,31-07-2023,organic,Pro,18,False,0,S-b1c57d,A-712533,09-11-2023,31-12-2026,Basic,18,342,4104,False,False,False,False,annual,True,22.0,6236.0,6.0,A-712533,5.0,3.0,0.0
A-712533,Company_498,EdTech,US,31-07-2023,organic,Pro,18,False,0,S-737994,A-712533,27-11-2024,31-12-2026,Basic,24,456,5472,False,False,False,False,monthly,True,54.0,20721.0,4.0,A-712533,5.0,3.0,0.0
A-712533,Company_498,EdTech,US,31-07-2023,organic,Pro,18,False,0,S-aaaa83,A-712533,26-04-2024,31-12-2026,Basic,45,0,0,True,False,False,False,monthly,True,44.0,9818.0,1.0,A-712533,5.0,3.0,0.0
A-712533,Company_498,EdTech,US,31-07-2023,organic,Pro,18,False,0,S-ea66df,A-712533,01-10-2024,31-12-2026,Pro,36,1764,21168,False,False,False,False,monthly,True,34.0,11426.0,1.0,A-712533,5.0,3.0,0.0
A-712533,Company_498,EdTech,US,31-07-2023,organic,Pro,18,False,0,S-6c877e,A-712533,13-08-2023,31-12-2026,Enterprise,18,0,0,True,False,False,False,monthly,True,60.0,17808.0,2.0,A-712533,5.0,3.0,0.0
A-712533,Company_498,EdTech,US,31-07-2023,organic,Pro,18,False,0,S-b3f236,A-712533,15-07-2024,31-12-2026,Enterprise,18,3582,42984,False,False,False,False,monthly,True,87.0,22791.0,5.0,A-712533,5.0,3.0,0.0
A-712533,Company_498,EdTech,US,31-07-2023,organic,Pro,18,False,0,S-2d3096,A-712533,19-01-2024,31-12-2026,Pro,22,1078,12936,False,False,False,False,annual,True,71.0,21308.0,4.0,A-712533,5.0,3.0,0.0
A-781cc0,Company_499,EdTech,US,04-09-2024,organic,Pro,12,False,0,S-120ae3,A-781cc0,24-09-2024,31-12-2026,Basic,34,646,7752,False,False,False,False,annual,True,32.0,9830.0,3.0,A-781cc0,4.0,2.75,0.0
A-781cc0,Company_499,EdTech,US,04-09-2024,organic,Pro,12,False,0,S-d32441,A-781cc0,19-09-2024,24-11-2024,Enterprise,12,2388,28656,False,False,False,True,annual,True,19.0,4384.0,0.0,A-781cc0,4.0,2.75,0.0
A-781cc0,Company_499,EdTech,US,04-09-2024,organic,Pro,12,False,0,S-d11408,A-781cc0,30-11-2024,31-12-2026,Enterprise,12,0,0,True,False,False,False,monthly,True,72.0,16720.0,3.0,A-781cc0,4.0,2.75,0.0
A-781cc0,Company_499,EdTech,US,04-09-2024,organic,Pro,12,False,0,S-1bbdf0,A-781cc0,08-10-2024,31-12-2026,Basic,16,304,3648,False,False,False,False,annual,True,40.0,15912.0,0.0,A-781cc0,4.0,2.75,0.0
A-781cc0,Company_499,EdTech,US,04-09-2024,organic,Pro,12,False,0,S-beaa35,A-781cc0,01-11-2024,31-12-2026,Pro,12,0,0,True,False,False,False,monthly,False,49.0,14765.0,5.0,A-781cc0,4.0,2.75,0.0
A-781cc0,Company_499,EdTech,US,04-09-2024,organic,Pro,12,False,0,S-4f5eb2,A-781cc0,07-09-2024,31-12-2026,Basic,12,228,2736,False,False,False,False,monthly,False,43.0,15240.0,3.0,A-781cc0,4.0,2.75,0.0
A-781cc0,Company_499,EdTech,US,04-09-2024,organic,Pro,12,False,0,S-83e7bb,A-781cc0,09-10-2024,31-12-2026,Pro,16,0,0,True,True,False,False,annual,True,46.0,15786.0,1.0,A-781cc0,4.0,2.75,0.0
A-781cc0,Company_499,EdTech,US,04-09-2024,organic,Pro,12,False,0,S-af2d97,A-781cc0,01-11-2024,02-11-2024,Pro,28,1372,16464,False,False,False,True,monthly,False,36.0,11954.0,3.0,A-781cc0,4.0,2.75,0.0
A-781cc0,Company_499,EdTech,US,04-09-2024,organic,Pro,12,False,0,S-509e88,A-781cc0,18-10-2024,31-12-2026,Basic,21,399,4788,False,False,False,False,monthly,True,44.0,9778.0,1.0,A-781cc0,4.0,2.75,0.0
A-781cc0,Company_499,EdTech,US,04-09-2024,organic,Pro,12,False,0,S-0f569f,A-781cc0,18-09-2024,31-12-2026,Enterprise,12,2388,28656,False,False,False,False,monthly,True,20.0,9730.0,0.0,A-781cc0,4.0,2.75,0.0
A-781cc0,Company_499,EdTech,US,04-09-2024,organic,Pro,12,False,0,S-3ce79c,A-781cc0,17-10-2024,31-12-2026,Enterprise,22,4378,52536,False,False,False,False,monthly,False,42.0,14578.0,1.0,A-781cc0,4.0,2.75,0.0
A-781cc0,Company_499,EdTech,US,04-09-2024,organic,Pro,12,False,0,S-0896f4,A-781cc0,08-12-2024,31-12-2026,Basic,12,228,2736,False,False,False,False,annual,True,148.0,53465.0,8.0,A-781cc0,4.0,2.75,0.0
A-781cc0,Company_499,EdTech,US,04-09-2024,organic,Pro,12,False,0,S-3a694d,A-781cc0,10-11-2024,31-12-2026,Pro,20,980,11760,False,False,False,False,monthly,False,30.0,8762.0,2.0,A-781cc0,4.0,2.75,0.0
A-781cc0,Company_499,EdTech,US,04-09-2024,organic,Pro,12,False,0,S-95aaf8,A-781cc0,30-10-2024,31-12-2026,Basic,12,228,2736,False,False,False,False,annual,True,72.0,19614.0,4.0,A-781cc0,4.0,2.75,0.0
A-781cc0,Company_499,EdTech,US,04-09-2024,organic,Pro,12,False,0,S-c59b3b,A-781cc0,18-09-2024,31-12-2026,Enterprise,12,2388,28656,False,False,False,False,annual,True,91.0,24232.0,5.0,A-781cc0,4.0,2.75,0.0
A-781cc0,Company_499,EdTech,US,04-09-2024,organic,Pro,12,False,0,S-f9469c,A-781cc0,04-09-2024,31-12-2026,Enterprise,12,2388,28656,False,True,False,False,monthly,True,80.0,25258.0,3.0,A-781cc0,4.0,2.75,0.0
